### DATA:
#
# 1093
#      Q             I(Q)           Error     
6.40205297E-03  2.68356445E+02  3.38225031E+00
6.79005618E-03  2.44494629E+02  2.75869894E+00
7.17805939E-03  2.26615723E+02  2.31290698E+00
7.56606260E-03  2.01670166E+02  1.99848580E+00
7.95406581E-03  1.78884277E+02  1.78679943E+00
8.34206902E-03  1.63170898E+02  1.60564363E+00
8.73007223E-03  1.49544189E+02  1.44092488E+00
9.11807544E-03  1.35884644E+02  1.28538144E+00
9.50607865E-03  1.25369873E+02  1.15217400E+00
9.89408186E-03  1.16164185E+02  1.04144156E+00
1.02820851E-02  1.08634155E+02  9.45802152E-01
1.06700883E-02  1.01572144E+02  8.64099085E-01
1.10580915E-02  9.57100220E+01  7.93287933E-01
1.14460947E-02  8.91498413E+01  7.30443656E-01
1.18340979E-02  8.42880249E+01  6.76313519E-01
1.22221011E-02  7.86234741E+01  6.28017664E-01
1.26101043E-02  7.61831665E+01  5.84926903E-01
1.29981075E-02  7.20203857E+01  5.46943724E-01
1.33861107E-02  6.81078491E+01  5.12331486E-01
1.37741140E-02  6.45621033E+01  4.81513590E-01
1.41621172E-02  6.23560486E+01  4.54076588E-01
1.45501204E-02  5.99409180E+01  4.29058939E-01
1.49381236E-02  5.87136841E+01  4.06532764E-01
1.53261268E-02  5.62862854E+01  3.86266321E-01
1.57141300E-02  5.53205261E+01  3.67797315E-01
1.61021332E-02  5.36452942E+01  3.50468725E-01
1.64901364E-02  5.25356750E+01  3.34782124E-01
1.68781396E-02  5.13356628E+01  3.20444047E-01
1.72661428E-02  5.04007263E+01  3.07156920E-01
1.76541461E-02  4.94527893E+01  2.95341104E-01
1.80421493E-02  4.88668518E+01  2.84101456E-01
1.84301525E-02  4.82278748E+01  2.73972392E-01
1.88181557E-02  4.83327026E+01  2.64391124E-01
1.92061589E-02  4.76504364E+01  2.55728841E-01
1.95941621E-02  4.73124695E+01  2.47861326E-01
1.99821653E-02  4.73186035E+01  2.39840955E-01
2.03701685E-02  4.65982361E+01  2.33004138E-01
2.07581717E-02  4.63266296E+01  2.26569697E-01
2.11461749E-02  4.59202728E+01  2.20377088E-01
2.15341782E-02  4.52785034E+01  2.14542538E-01
2.19221814E-02  4.47493591E+01  2.09324226E-01
2.23101846E-02  4.47545471E+01  2.04161093E-01
2.26981878E-02  4.42222900E+01  1.99328408E-01
2.30861910E-02  4.39346924E+01  1.95086673E-01
2.34741942E-02  4.34967651E+01  1.90845326E-01
2.38621974E-02  4.29978409E+01  1.86850950E-01
2.42502006E-02  4.24099579E+01  1.82858840E-01
2.46382038E-02  4.16178360E+01  1.79113239E-01
2.50262070E-02  4.04782104E+01  1.75610170E-01
2.54142103E-02  3.97167435E+01  1.72163889E-01
2.58022135E-02  3.87029800E+01  1.68971688E-01
2.61902167E-02  3.75215530E+01  1.65941864E-01
2.65782199E-02  3.63109894E+01  1.62770361E-01
2.69662231E-02  3.52696533E+01  1.59891084E-01
2.73542263E-02  3.42168350E+01  1.57061383E-01
2.77422295E-02  3.30759811E+01  1.54453367E-01
2.81302327E-02  3.16700058E+01  1.51952386E-01
2.85182359E-02  3.03006592E+01  1.49458230E-01
2.89062391E-02  2.93418884E+01  1.46910697E-01
2.92942424E-02  2.81431580E+01  1.44657835E-01
2.96822456E-02  2.66234512E+01  1.42520711E-01
3.00702488E-02  2.51027679E+01  1.40246704E-01
3.04582520E-02  2.40833130E+01  1.38330773E-01
3.08462552E-02  2.30687866E+01  1.36292145E-01
3.12342584E-02  2.17587585E+01  1.34357110E-01
3.16222616E-02  2.04359741E+01  1.34660587E-01
3.20102648E-02  1.96736069E+01  1.35039210E-01
3.23982680E-02  1.85088120E+01  1.34638220E-01
3.27862712E-02  1.73421478E+01  1.34001419E-01
3.31742745E-02  1.66707764E+01  1.33269519E-01
3.35622777E-02  1.59168243E+01  1.32608593E-01
3.39502809E-02  1.50557938E+01  1.31730497E-01
3.43382841E-02  1.43473282E+01  1.30980700E-01
3.47262873E-02  1.35227737E+01  1.30298719E-01
3.51142905E-02  1.29436264E+01  1.29370093E-01
3.55022937E-02  1.22394867E+01  1.28571793E-01
3.58902969E-02  1.16341705E+01  1.27773300E-01
3.62783001E-02  1.09572220E+01  1.27043083E-01
3.66663033E-02  1.06145477E+01  1.26275644E-01
3.70543066E-02  1.01069412E+01  1.25540480E-01
3.74423098E-02  9.43574524E+00  1.24787949E-01
3.78303130E-02  8.95041656E+00  1.24130242E-01
3.82183162E-02  8.77799225E+00  1.23441361E-01
3.86063194E-02  8.47900391E+00  1.20783433E-01
3.89943226E-02  8.14035797E+00  1.18017152E-01
3.93823258E-02  7.92353821E+00  1.16149366E-01
3.97703290E-02  7.82715607E+00  1.14625029E-01
4.01583322E-02  7.23276520E+00  1.13346547E-01
4.05463354E-02  6.96628571E+00  1.12048030E-01
4.09343387E-02  6.90401459E+00  1.10902347E-01
4.13223419E-02  6.58377075E+00  1.09748043E-01
4.17103451E-02  6.40798187E+00  1.08724333E-01
4.20983483E-02  6.23541260E+00  1.07778452E-01
4.24863515E-02  6.07286072E+00  1.06882483E-01
4.28743547E-02  6.04847717E+00  1.06027029E-01
4.32623579E-02  6.00598907E+00  1.05227306E-01
4.36503611E-02  5.56639862E+00  1.04308203E-01
4.40383643E-02  5.51764679E+00  1.03525087E-01
4.44263675E-02  5.33758545E+00  1.02773868E-01
4.48143708E-02  5.23481750E+00  1.02469109E-01
4.52023740E-02  5.23700714E+00  1.02571316E-01
4.55903772E-02  5.17764282E+00  1.02636345E-01
4.59783804E-02  5.11273956E+00  1.02653854E-01
4.63663836E-02  4.88977051E+00  1.02488197E-01
4.67543868E-02  5.11176300E+00  1.02400199E-01
4.71423900E-02  4.96797180E+00  1.02296442E-01
4.75303932E-02  4.84963989E+00  1.02069326E-01
4.79183964E-02  4.71376038E+00  1.01849742E-01
4.83063996E-02  4.63156891E+00  1.01702593E-01
4.86944029E-02  4.52641296E+00  1.01407371E-01
4.90824061E-02  4.67644501E+00  1.01288818E-01
4.94704093E-02  4.82849884E+00  1.01027384E-01
4.98584125E-02  4.60069275E+00  1.00819625E-01
5.02464157E-02  4.44871521E+00  1.00631580E-01
5.06344189E-02  4.56123352E+00  1.00454815E-01
5.10224221E-02  4.65592957E+00  9.99605283E-02
5.14104253E-02  4.48332214E+00  9.85961854E-02
5.17984285E-02  4.35643768E+00  9.73133296E-02
5.21864318E-02  4.35277557E+00  9.62092876E-02
5.25744350E-02  4.61579132E+00  9.52971727E-02
5.29624382E-02  4.46172333E+00  9.44356024E-02
5.33504414E-02  4.40572357E+00  9.37647521E-02
5.37384446E-02  4.35694122E+00  9.31522250E-02
5.41264478E-02  4.39829254E+00  9.24629644E-02
5.45144510E-02  4.21708679E+00  9.18373838E-02
5.49024542E-02  4.04017639E+00  9.12412331E-02
5.52904574E-02  4.18815613E+00  9.06784087E-02
5.56784606E-02  4.16718292E+00  9.01139602E-02
5.60664639E-02  4.17231750E+00  8.96827802E-02
5.64544671E-02  4.12229156E+00  8.91249031E-02
5.68424703E-02  4.14883423E+00  8.86192098E-02
5.72304735E-02  4.01475525E+00  8.81539211E-02
5.76184767E-02  4.01380920E+00  8.77124891E-02
5.80064799E-02  3.94938660E+00  8.73149186E-02
5.83944831E-02  3.97408295E+00  8.67819116E-02
5.87824863E-02  3.71578979E+00  8.63575712E-02
5.91704895E-02  3.63780975E+00  8.59590620E-02
5.95584927E-02  3.81114960E+00  8.55415165E-02
5.99464960E-02  3.79444885E+00  8.51020887E-02
6.03344992E-02  3.87034607E+00  8.47497508E-02
6.07225024E-02  3.59552765E+00  8.43194127E-02
6.11105056E-02  3.54942322E+00  8.39303657E-02
6.14985088E-02  3.62014771E+00  8.35421458E-02
6.18865120E-02  3.38759613E+00  8.32440704E-02
6.22745152E-02  3.52239990E+00  8.27784315E-02
6.26625184E-02  3.27783203E+00  8.24377239E-02
6.30505216E-02  3.23074341E+00  8.21058080E-02
6.34385248E-02  3.25984192E+00  8.17052424E-02
6.38265281E-02  3.20983124E+00  8.13557133E-02
6.42145313E-02  3.29512787E+00  8.10372457E-02
6.46025345E-02  3.30574036E+00  8.07117596E-02
6.49905377E-02  3.13047791E+00  8.03406537E-02
6.53785409E-02  2.96328735E+00  8.00002664E-02
6.57665441E-02  2.92527771E+00  7.97117651E-02
6.61545473E-02  3.03904724E+00  7.93315694E-02
6.65425505E-02  2.82528687E+00  7.90056437E-02
6.69305537E-02  2.91406250E+00  7.86314681E-02
6.73185569E-02  2.91850281E+00  7.84012824E-02
6.77065602E-02  2.82280731E+00  7.80260563E-02
6.80945634E-02  2.72955322E+00  7.77064785E-02
6.84825666E-02  2.77822876E+00  7.74094835E-02
6.88705698E-02  2.83535004E+00  7.70596340E-02
6.92585730E-02  2.63288116E+00  7.67444074E-02
6.96465762E-02  2.67211914E+00  7.64262229E-02
7.00345794E-02  2.60001373E+00  7.61355683E-02
7.04225826E-02  2.52487183E+00  7.59177431E-02
7.08105858E-02  2.63504791E+00  7.55651593E-02
7.11985890E-02  2.49648285E+00  7.52839670E-02
7.15865923E-02  2.53091431E+00  7.49816969E-02
7.19745955E-02  2.50038147E+00  7.47539401E-02
7.23625987E-02  2.46523285E+00  7.44536966E-02
7.27506019E-02  2.54450989E+00  7.41749406E-02
7.31386051E-02  2.50852966E+00  7.39770308E-02
7.35266083E-02  2.49149323E+00  7.36515895E-02
7.39146115E-02  2.39503479E+00  7.33592585E-02
7.43026147E-02  2.45784760E+00  7.31733814E-02
7.46906179E-02  2.51364899E+00  7.29230270E-02
7.50786211E-02  2.48238373E+00  7.26522282E-02
7.54666244E-02  2.29842377E+00  7.24099576E-02
7.58546276E-02  2.27584839E+00  7.21346065E-02
7.62426308E-02  2.31841278E+00  7.18768239E-02
7.66306340E-02  2.31618500E+00  7.16278255E-02
7.70186372E-02  2.40135193E+00  7.14077428E-02
7.74066404E-02  2.42572021E+00  7.11273551E-02
7.77946436E-02  2.35176849E+00  7.09035993E-02
7.81826468E-02  2.41954041E+00  7.06710443E-02
7.85706500E-02  2.34685516E+00  7.03921095E-02
7.89586532E-02  2.26642609E+00  7.01478422E-02
7.93466565E-02  2.20696259E+00  6.99249506E-02
7.97346597E-02  2.20980072E+00  6.97399080E-02
8.01226629E-02  2.22666168E+00  6.94862604E-02
8.05106661E-02  2.39024353E+00  6.92372322E-02
8.08986693E-02  2.33101654E+00  6.90194368E-02
8.12866725E-02  2.18740845E+00  6.87903464E-02
8.16746757E-02  2.17896271E+00  6.86019510E-02
8.20626789E-02  2.07302094E+00  6.83558360E-02
8.24506821E-02  2.02827454E+00  6.81479797E-02
8.28386853E-02  2.03629303E+00  6.79368898E-02
8.32266886E-02  2.12592316E+00  6.77391142E-02
8.36146918E-02  2.08682251E+00  6.75470382E-02
8.40026950E-02  2.06441498E+00  6.73272237E-02
8.43906982E-02  2.05729675E+00  6.71213940E-02
8.47787014E-02  2.10346985E+00  6.68825507E-02
8.51667046E-02  2.07501221E+00  6.67138770E-02
8.55547078E-02  2.05339050E+00  6.65089265E-02
8.59427110E-02  2.00071716E+00  6.62805364E-02
8.63307142E-02  1.96134186E+00  6.61359876E-02
8.67187174E-02  1.90918732E+00  6.59476072E-02
8.71067207E-02  1.99978638E+00  6.57793134E-02
8.74947239E-02  2.01359558E+00  6.56108558E-02
8.78827271E-02  1.97460938E+00  6.54076263E-02
8.82707303E-02  1.82849121E+00  6.51861131E-02
8.86587335E-02  1.86468506E+00  6.50011748E-02
8.90467367E-02  1.87693024E+00  6.48190901E-02
8.94347399E-02  1.87078857E+00  6.47057593E-02
8.98227431E-02  1.85478210E+00  6.44916445E-02
9.02107463E-02  1.86770630E+00  6.43119812E-02
9.05987495E-02  1.79193115E+00  6.41165450E-02
9.09867528E-02  1.75747681E+00  6.39975145E-02
9.13747560E-02  1.64205933E+00  6.37833104E-02
9.17627592E-02  1.77001190E+00  6.36312813E-02
9.21507624E-02  1.79357910E+00  6.34732544E-02
9.25387656E-02  1.72140503E+00  6.32932857E-02
9.29267688E-02  1.64871216E+00  6.31502867E-02
9.33147720E-02  1.61300659E+00  6.29959404E-02
9.37027752E-02  1.57861328E+00  6.28534853E-02
9.40907784E-02  1.65020752E+00  6.30372763E-02
9.44787816E-02  1.75643158E+00  6.36158809E-02
9.48667849E-02  1.69195557E+00  6.41868412E-02
9.52547881E-02  1.70572662E+00  6.51006997E-02
9.56427913E-02  1.57997894E+00  6.56690896E-02
9.60307945E-02  1.62422180E+00  6.61245659E-02
9.64187977E-02  1.70216370E+00  6.65160492E-02
9.68068009E-02  1.53520966E+00  6.68378919E-02
9.71948041E-02  1.58568573E+00  6.67317808E-02
9.75828073E-02  1.68595123E+00  6.61745891E-02
9.79708105E-02  1.80406189E+00  6.55369386E-02
9.83588137E-02  1.74301147E+00  6.45831972E-02
9.87468170E-02  1.64917755E+00  6.39787912E-02
9.91348202E-02  1.60079193E+00  6.35927096E-02
9.95228234E-02  1.57795715E+00  6.31678402E-02
9.99108266E-02  1.57218933E+00  6.27439693E-02
1.00298830E-01  1.56374359E+00  6.23612665E-02
1.00686833E-01  1.51625061E+00  6.20114394E-02
1.01074836E-01  1.57478333E+00  6.16613999E-02
1.01462839E-01  1.47418213E+00  6.12936392E-02
1.01850843E-01  1.46649933E+00  6.10071011E-02
1.02238846E-01  1.51879883E+00  6.07833639E-02
1.02626849E-01  1.43181610E+00  6.06489256E-02
1.03014852E-01  1.48934937E+00  6.05351292E-02
1.03402855E-01  1.45394135E+00  6.04619421E-02
1.03790859E-01  1.44963837E+00  6.04089573E-02
1.04178862E-01  1.49989319E+00  6.03327453E-02
1.04566865E-01  1.44407654E+00  6.02111109E-02
1.04954868E-01  1.43135071E+00  5.99993803E-02
1.05342872E-01  1.41845703E+00  5.97763509E-02
1.05730875E-01  1.33178711E+00  5.95097318E-02
1.06118878E-01  1.40839386E+00  5.93184903E-02
1.06506881E-01  1.40752411E+00  5.90942092E-02
1.06894884E-01  1.50263214E+00  5.88582568E-02
1.07282888E-01  1.48648834E+00  5.87010980E-02
1.07670891E-01  1.31745148E+00  5.85999712E-02
1.08058894E-01  1.37341309E+00  5.85498512E-02
1.08446897E-01  1.39109039E+00  5.84967434E-02
1.08834900E-01  1.39232635E+00  5.84331788E-02
1.09222904E-01  1.31742859E+00  5.84286302E-02
1.09610907E-01  1.34761047E+00  5.83272204E-02
1.09998910E-01  1.37262726E+00  5.82588688E-02
1.10386913E-01  1.35347748E+00  5.81895858E-02
1.10774916E-01  1.33318329E+00  5.80463596E-02
1.11162920E-01  1.42077637E+00  5.79499863E-02
1.11550923E-01  1.33829498E+00  5.77792972E-02
1.11938926E-01  1.31787109E+00  5.76619245E-02
1.12326929E-01  1.25098419E+00  5.75442985E-02
1.12714933E-01  1.31501770E+00  5.74128814E-02
1.13102936E-01  1.35358429E+00  5.72787859E-02
1.13490939E-01  1.31264496E+00  5.71713634E-02
1.13878942E-01  1.30314636E+00  5.74090220E-02
1.14266945E-01  1.23293304E+00  5.78850694E-02
1.14654949E-01  1.25088501E+00  5.81053421E-02
1.15042952E-01  1.27466583E+00  5.82537465E-02
1.15430955E-01  1.25489044E+00  5.83404750E-02
1.15818958E-01  1.23554230E+00  5.84397241E-02
1.16206961E-01  1.33809662E+00  5.85167632E-02
1.16594965E-01  1.28664398E+00  5.85899577E-02
1.16982968E-01  1.37158966E+00  5.86116873E-02
1.17370971E-01  1.26988220E+00  5.86703606E-02
1.17758974E-01  1.28103638E+00  5.86830862E-02
1.18146977E-01  1.27333832E+00  5.87028824E-02
1.18534981E-01  1.29356384E+00  5.87058216E-02
1.18922984E-01  1.21611786E+00  5.86941913E-02
1.19310987E-01  1.23960876E+00  5.87096699E-02
1.19698990E-01  1.26988220E+00  5.86908646E-02
1.20086994E-01  1.21450043E+00  5.86995259E-02
1.20474997E-01  1.30775452E+00  5.87149225E-02
1.20863000E-01  1.28514862E+00  5.83286881E-02
1.21251003E-01  1.27813721E+00  5.76608740E-02
1.21639006E-01  1.20788574E+00  5.72676957E-02
1.22027010E-01  1.33178711E+00  5.69863133E-02
1.22415013E-01  1.26815796E+00  5.67500144E-02
1.22803016E-01  1.27619934E+00  5.65067157E-02
1.23191019E-01  1.35649872E+00  5.63040189E-02
1.23579022E-01  1.19902802E+00  5.61302342E-02
1.23967026E-01  1.24919891E+00  5.59598878E-02
1.24355029E-01  1.23669434E+00  5.57791740E-02
1.24743032E-01  1.15953064E+00  5.56172095E-02
1.25131035E-01  1.18067169E+00  5.54647259E-02
1.25519038E-01  1.29629517E+00  5.52829877E-02
1.25907042E-01  1.26502228E+00  5.51423244E-02
1.26295045E-01  1.21783447E+00  5.50267845E-02
1.26683048E-01  1.28371429E+00  5.52176610E-02
1.27071051E-01  1.31806946E+00  5.54928742E-02
1.27459054E-01  1.17736816E+00  5.56533821E-02
1.27847058E-01  1.29241180E+00  5.57507947E-02
1.28235061E-01  1.20307159E+00  5.57979606E-02
1.28623064E-01  1.07674408E+00  5.59039265E-02
1.29011067E-01  1.25755310E+00  5.59358895E-02
1.29399071E-01  1.27601624E+00  5.59904948E-02
1.29787074E-01  1.30306244E+00  5.60095496E-02
1.30175077E-01  1.22937775E+00  5.60231954E-02
1.30563080E-01  1.17710876E+00  5.60681373E-02
1.30951083E-01  1.17696381E+00  5.60624152E-02
1.31339087E-01  1.19537354E+00  5.60750850E-02
1.31727090E-01  1.17529297E+00  5.60833663E-02
1.32115093E-01  1.19548035E+00  5.60536273E-02
1.32503096E-01  1.18149567E+00  5.60396835E-02
1.32891099E-01  1.29666901E+00  5.60006276E-02
1.33279103E-01  1.17702484E+00  5.59949875E-02
1.33667106E-01  1.17165375E+00  5.56889139E-02
1.34055109E-01  1.16785431E+00  5.52132875E-02
1.34443112E-01  1.11221313E+00  5.49117588E-02
1.34831115E-01  1.18460846E+00  5.46299033E-02
1.35219119E-01  1.16662598E+00  5.44571057E-02
1.35607122E-01  1.17112732E+00  5.42660095E-02
1.35995125E-01  1.03943634E+00  5.40061742E-02
1.36383128E-01  1.10519409E+00  5.38387932E-02
1.36771132E-01  1.10526276E+00  5.36417700E-02
1.37159135E-01  1.18254089E+00  5.35071045E-02
1.37547138E-01  1.10453033E+00  5.33734709E-02
1.37935141E-01  1.04852295E+00  5.31903580E-02
1.38323144E-01  1.13725281E+00  5.30402958E-02
1.38711148E-01  1.10852814E+00  5.29400110E-02
1.39099151E-01  1.10900116E+00  5.27891032E-02
1.39487154E-01  1.11087799E+00  5.26493043E-02
1.39875157E-01  1.16053772E+00  5.24753556E-02
1.40263160E-01  1.13449860E+00  5.23670204E-02
1.40651164E-01  1.12506104E+00  5.22626974E-02
1.41039167E-01  1.21960449E+00  5.21319322E-02
1.41427170E-01  1.06512451E+00  5.20319119E-02
1.41815173E-01  1.02062988E+00  5.19061983E-02
1.42203176E-01  1.10424805E+00  5.17965034E-02
1.42591180E-01  1.04624939E+00  5.16933799E-02
1.42979183E-01  1.04660797E+00  5.15960790E-02
1.43367186E-01  1.11743927E+00  5.14982268E-02
1.43755189E-01  1.20299530E+00  5.14277555E-02
1.44143193E-01  1.04563904E+00  5.13156094E-02
1.44531196E-01  9.83375549E-01  5.11783548E-02
1.44919199E-01  1.12467957E+00  5.10726981E-02
1.45307202E-01  1.19239044E+00  5.09719625E-02
1.45695205E-01  1.14538574E+00  5.08657172E-02
1.46083209E-01  1.18212128E+00  5.07691838E-02
1.46471212E-01  1.13301086E+00  5.06759323E-02
1.46859215E-01  1.17036438E+00  5.05651832E-02
1.47247218E-01  1.12033081E+00  5.04688509E-02
1.47635221E-01  1.14218903E+00  5.04000373E-02
1.48023225E-01  1.10667419E+00  5.02680689E-02
1.48411228E-01  1.16539764E+00  5.01314327E-02
1.48799231E-01  1.06853485E+00  5.00041470E-02
1.49187234E-01  1.06837463E+00  4.98482399E-02
1.49575237E-01  1.07300568E+00  4.97249626E-02
1.49963241E-01  1.04514313E+00  4.95883748E-02
1.50351244E-01  1.07949829E+00  4.94900458E-02
1.50739247E-01  1.02611542E+00  4.94215377E-02
1.51127250E-01  1.04833221E+00  4.93103601E-02
1.51515254E-01  1.02034760E+00  4.92532402E-02
1.51903257E-01  1.06019592E+00  4.91396226E-02
1.52291260E-01  1.04724884E+00  4.90834862E-02
1.52679263E-01  9.77249146E-01  4.89865318E-02
1.53067266E-01  1.05332184E+00  4.88919355E-02
1.53455270E-01  1.01233673E+00  4.88060713E-02
1.53843273E-01  1.08686066E+00  4.87799831E-02
1.54231276E-01  1.03188324E+00  4.87525538E-02
1.54619279E-01  1.13870239E+00  4.86927256E-02
1.55007282E-01  1.08497620E+00  4.86589074E-02
1.55395286E-01  1.03516388E+00  4.85942177E-02
1.55783289E-01  1.07054138E+00  4.85393815E-02
1.56171292E-01  1.07995605E+00  4.84429747E-02
1.56559295E-01  1.07500458E+00  4.83631417E-02
1.56947298E-01  1.05091095E+00  4.83088382E-02
1.57335302E-01  1.04145813E+00  4.82140742E-02
1.57723305E-01  1.02561188E+00  4.81441654E-02
1.58111308E-01  1.08902740E+00  4.80350405E-02
1.58499311E-01  9.99053955E-01  4.79079597E-02
1.58887315E-01  1.06049347E+00  4.77906726E-02
1.59275318E-01  9.91180420E-01  4.76830043E-02
1.59663321E-01  9.70451355E-01  4.75605056E-02
1.60051324E-01  9.86801147E-01  4.74697389E-02
1.60439327E-01  9.49348450E-01  4.73893471E-02
1.60827331E-01  9.77096558E-01  4.73233946E-02
1.61215334E-01  1.00455475E+00  4.72382158E-02
1.61603337E-01  1.04198456E+00  4.71827127E-02
1.61991340E-01  1.02033997E+00  4.70948629E-02
1.62379343E-01  9.71206665E-01  4.70423065E-02
1.62767347E-01  9.62852478E-01  4.69872095E-02
1.63155350E-01  9.22752380E-01  4.68744673E-02
1.63543353E-01  9.45060730E-01  4.68457602E-02
1.63931356E-01  9.98893738E-01  4.68063205E-02
1.64319359E-01  9.88456726E-01  4.67608795E-02
1.64707363E-01  1.06608582E+00  4.67215963E-02
1.65095366E-01  1.00374603E+00  4.66837026E-02
1.65483369E-01  1.03206635E+00  4.66493703E-02
1.65871372E-01  1.01551819E+00  4.65766042E-02
1.66259376E-01  1.06066132E+00  4.64881398E-02
1.66647379E-01  9.99122620E-01  4.64286506E-02
1.67035382E-01  9.54444885E-01  4.63436581E-02
1.67423385E-01  1.02873993E+00  4.62728143E-02
1.67811388E-01  9.78698730E-01  4.61974591E-02
1.68199392E-01  1.06356049E+00  4.61274683E-02
1.68587395E-01  9.37416077E-01  4.60820980E-02
1.68975398E-01  1.01675415E+00  4.60233726E-02
1.69363401E-01  9.56741333E-01  4.59375866E-02
1.69751404E-01  9.73533630E-01  4.58675250E-02
1.70139408E-01  9.84504700E-01  4.58114445E-02
1.70527411E-01  9.85740662E-01  4.57381457E-02
1.70915414E-01  9.90272522E-01  4.56706285E-02
1.71303417E-01  9.27436829E-01  4.56158742E-02
1.71691420E-01  9.21623230E-01  4.55357768E-02
1.72079424E-01  9.47669983E-01  4.54793684E-02
1.72467427E-01  9.94110107E-01  4.54376042E-02
1.72855430E-01  9.57275391E-01  4.53514643E-02
1.73243433E-01  9.57115173E-01  4.53096516E-02
1.73631436E-01  1.02173615E+00  4.52231131E-02
1.74019440E-01  9.78622437E-01  4.51725796E-02
1.74407443E-01  9.77584839E-01  4.51051183E-02
1.74795446E-01  1.04428864E+00  4.50356118E-02
1.75183449E-01  9.59106445E-01  4.49737534E-02
1.75571453E-01  9.81445312E-01  4.49085794E-02
1.75959456E-01  1.00031281E+00  4.48632464E-02
1.76347459E-01  9.69184875E-01  4.47772741E-02
1.76735462E-01  1.00751495E+00  4.47255820E-02
1.77123465E-01  9.56413269E-01  4.46850955E-02
1.77511469E-01  9.92691040E-01  4.46308665E-02
1.77899472E-01  9.53720093E-01  4.45275307E-02
1.78287475E-01  1.02333069E+00  4.44580689E-02
1.78675478E-01  9.11842346E-01  4.44170386E-02
1.79063481E-01  9.32106018E-01  4.43572775E-02
1.79451485E-01  9.26025391E-01  4.42887023E-02
1.79839488E-01  8.47595215E-01  4.42136005E-02
1.80227491E-01  9.33990479E-01  4.41572405E-02
1.80615494E-01  9.76219177E-01  4.40989286E-02
1.81003497E-01  1.04886627E+00  4.40445170E-02
1.81391501E-01  9.82131958E-01  4.39651050E-02
1.81779504E-01  9.57077026E-01  4.38887812E-02
1.82167507E-01  9.64450836E-01  4.38520387E-02
1.82555510E-01  9.35928345E-01  4.37973849E-02
1.82943514E-01  9.27566528E-01  4.37165685E-02
1.83331517E-01  8.91128540E-01  4.36611325E-02
1.83719520E-01  9.16343689E-01  4.36068699E-02
1.84107523E-01  9.65332031E-01  4.35667373E-02
1.84495526E-01  9.24636841E-01  4.34945971E-02
1.84883530E-01  9.28604126E-01  4.34364527E-02
1.85271533E-01  9.48341370E-01  4.33820263E-02
1.85659536E-01  9.40574646E-01  4.33119051E-02
1.86047539E-01  9.11849976E-01  4.32717726E-02
1.86435542E-01  9.72347260E-01  4.31991257E-02
1.86823546E-01  9.30118561E-01  4.31544669E-02
1.87211549E-01  9.50077057E-01  4.31023054E-02
1.87599552E-01  9.32392120E-01  4.30407934E-02
1.87987555E-01  9.26532745E-01  4.29934748E-02
1.88375558E-01  8.88359070E-01  4.29473221E-02
1.88763562E-01  8.57799530E-01  4.28746156E-02
1.89151565E-01  9.76364136E-01  4.28252034E-02
1.89539568E-01  9.71588135E-01  4.27827165E-02
1.89927571E-01  9.88540649E-01  4.27240208E-02
1.90315575E-01  9.61616516E-01  4.26606685E-02
1.90703578E-01  8.62827301E-01  4.26156260E-02
1.91091581E-01  9.33448792E-01  4.25490029E-02
1.91479584E-01  9.38003540E-01  4.24990952E-02
1.91867587E-01  8.94145966E-01  4.24545668E-02
1.92255591E-01  9.06726837E-01  4.24063802E-02
1.92643594E-01  8.96144867E-01  4.23415601E-02
1.93031597E-01  9.30454254E-01  4.22990359E-02
1.93419600E-01  9.75872040E-01  4.22470272E-02
1.93807603E-01  9.32228088E-01  4.21805829E-02
1.94195607E-01  8.85044098E-01  4.21236381E-02
1.94583610E-01  9.14974213E-01  4.20708880E-02
1.94971613E-01  9.61898804E-01  4.20074239E-02
1.95359616E-01  9.49504852E-01  4.19644602E-02
1.95747619E-01  9.34055328E-01  4.19117734E-02
1.96135623E-01  9.72183228E-01  4.19495925E-02
1.96523626E-01  9.50401306E-01  4.22220156E-02
1.96911629E-01  8.84456635E-01  4.23884913E-02
1.97299632E-01  8.22181702E-01  4.24734987E-02
1.97687636E-01  8.30795288E-01  4.25697416E-02
1.98075639E-01  8.93669128E-01  4.26436514E-02
1.98463642E-01  9.42920685E-01  4.26651128E-02
1.98851645E-01  9.56092834E-01  4.27232161E-02
1.99239648E-01  9.08699036E-01  4.27692160E-02
1.99627652E-01  8.18294525E-01  4.28193733E-02
2.00015655E-01  9.49329376E-01  4.28234041E-02
2.00403658E-01  9.53811646E-01  4.28711101E-02
2.00791661E-01  8.08322906E-01  4.28911075E-02
2.01179664E-01  8.93772125E-01  4.29092385E-02
2.01567668E-01  8.45802307E-01  4.29191329E-02
2.01955671E-01  8.81977081E-01  4.29339372E-02
2.02343674E-01  9.02782440E-01  4.29643132E-02
2.02731677E-01  9.09828186E-01  4.29525375E-02
2.03119680E-01  9.76509094E-01  4.28541265E-02
2.03507684E-01  8.66897583E-01  4.25429530E-02
2.03895687E-01  8.79344940E-01  4.23282944E-02
2.04283690E-01  9.49115753E-01  4.21550870E-02
2.04671693E-01  8.91086578E-01  4.20086570E-02
2.05059697E-01  9.43778992E-01  4.19058949E-02
2.05447700E-01  8.65013123E-01  4.17917967E-02
2.05835703E-01  8.07662964E-01  4.16840203E-02
2.06223706E-01  8.43860626E-01  4.15864587E-02
2.06611709E-01  9.40513611E-01  4.15056758E-02
2.06999713E-01  9.62265015E-01  4.14229818E-02
2.07387716E-01  9.03697968E-01  4.13401686E-02
2.07775719E-01  9.35657501E-01  4.12722602E-02
2.08163722E-01  8.80455017E-01  4.11907658E-02
2.08551725E-01  9.06150818E-01  4.11111116E-02
2.08939729E-01  9.67426300E-01  4.12236638E-02
2.09327732E-01  9.33849335E-01  4.13857475E-02
2.09715735E-01  9.01885986E-01  4.14809138E-02
2.10103738E-01  9.08657074E-01  4.15671319E-02
2.10491741E-01  9.11926270E-01  4.16411720E-02
2.10879745E-01  9.06970978E-01  4.16840836E-02
2.11267748E-01  8.34838867E-01  4.17178124E-02
2.11655751E-01  8.65940094E-01  4.17523161E-02
2.12043754E-01  9.01603699E-01  4.17818576E-02
2.12431757E-01  9.61601257E-01  4.17981446E-02
2.12819761E-01  9.28073883E-01  4.18261588E-02
2.13207764E-01  8.33160400E-01  4.18288969E-02
2.13595767E-01  8.06915283E-01  4.18384001E-02
2.13983770E-01  8.25317383E-01  4.18409407E-02
2.14371774E-01  8.28964233E-01  4.18619290E-02
2.14759777E-01  8.65901947E-01  4.18627299E-02
2.15147780E-01  8.69323730E-01  4.18496318E-02
2.15535783E-01  9.13509369E-01  4.18752283E-02
2.15923786E-01  8.09894562E-01  4.17160690E-02
2.16311790E-01  8.62827301E-01  4.14325073E-02
2.16699793E-01  8.79997253E-01  4.12359461E-02
2.17087796E-01  8.65882874E-01  4.11107950E-02
2.17475799E-01  8.40015411E-01  4.09905203E-02
2.17863802E-01  8.94466400E-01  4.08743620E-02
2.18251806E-01  8.01288605E-01  4.07156907E-02
2.18639809E-01  9.86484528E-01  4.06025350E-02
2.19027812E-01  9.57015991E-01  4.04740945E-02
2.19415815E-01  8.67721558E-01  4.03834097E-02
2.19803818E-01  8.46023560E-01  4.02977206E-02
2.20191822E-01  8.78620148E-01  4.02173996E-02
2.20579825E-01  8.59493256E-01  4.01464514E-02
2.20967828E-01  8.51177216E-01  4.00751382E-02
2.21355831E-01  9.02107239E-01  3.99892703E-02
2.21743835E-01  8.45954895E-01  3.99194844E-02
2.22131838E-01  8.83613586E-01  3.98527272E-02
2.22519841E-01  9.06238556E-01  3.97938415E-02
2.22907844E-01  8.52470398E-01  3.97249721E-02
2.23295847E-01  8.70033264E-01  3.96524072E-02
2.23683851E-01  9.16236877E-01  3.95962037E-02
2.24071854E-01  9.62734222E-01  3.95482481E-02
2.24459857E-01  8.67351532E-01  3.95155959E-02
2.24847860E-01  9.03652191E-01  3.94736379E-02
2.25235863E-01  8.53157043E-01  3.94570082E-02
2.25623867E-01  9.27577972E-01  3.93931344E-02
2.26011870E-01  9.49569702E-01  3.93461846E-02
2.26399873E-01  8.87874603E-01  3.93000059E-02
2.26787876E-01  8.76312256E-01  3.92407514E-02
2.27175879E-01  8.65222931E-01  3.91754247E-02
2.27563883E-01  8.13343048E-01  3.91219035E-02
2.27951886E-01  9.28199768E-01  3.90754044E-02
2.28339889E-01  8.88610840E-01  3.90263721E-02
2.28727892E-01  9.06780243E-01  3.89582813E-02
2.29115896E-01  8.68824005E-01  3.88936289E-02
2.29503899E-01  8.38451385E-01  3.88395302E-02
2.29891902E-01  8.12553406E-01  3.87561880E-02
2.30279905E-01  8.89041901E-01  3.86840440E-02
2.30667908E-01  9.06959534E-01  3.86034623E-02
2.31055912E-01  8.46355438E-01  3.85663100E-02
2.31443915E-01  9.10369873E-01  3.85146812E-02
2.31831918E-01  8.32809448E-01  3.84641588E-02
2.32219921E-01  8.34468842E-01  3.83998714E-02
2.32607924E-01  8.56410980E-01  3.83448675E-02
2.32995928E-01  8.62346649E-01  3.83023024E-02
2.33383931E-01  8.84506226E-01  3.82749364E-02
2.33771934E-01  8.90338898E-01  3.82224061E-02
2.34159937E-01  8.86829376E-01  3.81596796E-02
2.34547940E-01  8.57734680E-01  3.81215364E-02
2.34935944E-01  8.39065552E-01  3.80863510E-02
2.35323947E-01  8.86657715E-01  3.80335525E-02
2.35711950E-01  9.31896210E-01  3.79992686E-02
2.36099953E-01  8.35887909E-01  3.79757769E-02
2.36487957E-01  8.61289978E-01  3.79635654E-02
2.36875960E-01  8.87222290E-01  3.79254892E-02
2.37263963E-01  8.37455750E-01  3.79041769E-02
2.37651966E-01  8.67156982E-01  3.78601961E-02
2.38039969E-01  8.33999634E-01  3.78039591E-02
2.38427973E-01  7.96482086E-01  3.77647392E-02
2.38815976E-01  8.61381531E-01  3.77282761E-02
2.39203979E-01  9.38262939E-01  3.76662612E-02
2.39591982E-01  8.33240509E-01  3.76385897E-02
2.39979985E-01  8.16333771E-01  3.76030505E-02
2.40367989E-01  8.10317993E-01  3.75583097E-02
2.40755992E-01  8.34457397E-01  3.75076607E-02
2.41143995E-01  7.72209167E-01  3.74528542E-02
2.41531998E-01  8.30787659E-01  3.74101773E-02
2.41920001E-01  8.08517456E-01  3.73750106E-02
2.42308005E-01  8.33038330E-01  3.73237878E-02
2.42696008E-01  8.76888275E-01  3.72943953E-02
2.43084011E-01  8.94950867E-01  3.72467563E-02
2.43472014E-01  9.10148621E-01  3.71984914E-02
2.43860018E-01  9.08901215E-01  3.71539965E-02
2.44248021E-01  9.09229279E-01  3.71188335E-02
2.44636024E-01  8.58322144E-01  3.70829888E-02
2.45024027E-01  8.46271515E-01  3.70515883E-02
2.45412030E-01  8.97258759E-01  3.70093174E-02
2.45800034E-01  8.95824432E-01  3.69623639E-02
2.46188037E-01  8.72856140E-01  3.69125009E-02
2.46576040E-01  8.39607239E-01  3.68741304E-02
2.46964043E-01  8.21796417E-01  3.68285812E-02
2.47352046E-01  8.35182190E-01  3.67796309E-02
2.47740050E-01  7.82585144E-01  3.67440358E-02
2.48128053E-01  8.61656189E-01  3.66990864E-02
2.48516056E-01  8.84387970E-01  3.66776064E-02
2.48904059E-01  8.75747681E-01  3.66435125E-02
2.49292062E-01  8.64402771E-01  3.65753509E-02
2.49680066E-01  8.81336212E-01  3.65434885E-02
2.50068069E-01  8.36399078E-01  3.65008563E-02
2.50456072E-01  8.68785858E-01  3.64599414E-02
2.50844075E-01  8.85025024E-01  3.64259183E-02
2.51232079E-01  8.78559113E-01  3.63817401E-02
2.51620082E-01  8.41579437E-01  3.63456197E-02
2.52008085E-01  7.95181274E-01  3.62961069E-02
2.52396088E-01  8.40065002E-01  3.62628065E-02
2.52784091E-01  8.56433868E-01  3.62196080E-02
2.53172095E-01  8.85692596E-01  3.61909978E-02
2.53560098E-01  8.40320587E-01  3.61472964E-02
2.53948101E-01  8.42487335E-01  3.61200236E-02
2.54336104E-01  8.47702026E-01  3.60523276E-02
2.54724107E-01  7.94033051E-01  3.60310078E-02
2.55112111E-01  8.50105286E-01  3.60157378E-02
2.55500114E-01  9.01527405E-01  3.59587781E-02
2.55888117E-01  9.28367615E-01  3.59067544E-02
2.56276120E-01  8.11355591E-01  3.58777791E-02
2.56664123E-01  8.15555573E-01  3.58308889E-02
2.57052127E-01  8.36284637E-01  3.57985161E-02
2.57440130E-01  7.86224365E-01  3.57518569E-02
2.57828133E-01  8.17970276E-01  3.57292555E-02
2.58216136E-01  8.33011627E-01  3.56912650E-02
2.58604139E-01  8.33091736E-01  3.56582515E-02
2.58992143E-01  8.27816010E-01  3.56266573E-02
2.59380146E-01  8.22048187E-01  3.55854034E-02
2.59768149E-01  8.99242401E-01  3.55477221E-02
2.60156152E-01  8.89991760E-01  3.54983769E-02
2.60544156E-01  8.96293640E-01  3.54730524E-02
2.60932159E-01  8.41392517E-01  3.54436897E-02
2.61320162E-01  7.93750763E-01  3.54045741E-02
2.61708165E-01  7.55260468E-01  3.53640988E-02
2.62096168E-01  8.41987610E-01  3.53435054E-02
2.62484172E-01  8.13236237E-01  3.52904536E-02
2.62872175E-01  8.26389313E-01  3.52574699E-02
2.63260178E-01  8.09906006E-01  3.52243409E-02
2.63648181E-01  7.50171661E-01  3.51933278E-02
2.64036184E-01  8.16654205E-01  3.51601951E-02
2.64424188E-01  8.60168457E-01  3.51263992E-02
2.64812191E-01  8.28861237E-01  3.50927152E-02
2.65200194E-01  8.01105499E-01  3.50482166E-02
2.65588197E-01  8.23921204E-01  3.50166261E-02
2.65976200E-01  8.31001282E-01  3.49779166E-02
2.66364204E-01  8.43799591E-01  3.49441655E-02
2.66752207E-01  9.08042908E-01  3.49090174E-02
2.67140210E-01  8.73641968E-01  3.48738320E-02
2.67528213E-01  8.42147827E-01  3.48475538E-02
2.67916217E-01  8.37200165E-01  3.48125994E-02
2.68304220E-01  8.29326630E-01  3.47774811E-02
2.68692223E-01  8.21834564E-01  3.47516984E-02
2.69080226E-01  8.59477997E-01  3.47096510E-02
2.69468229E-01  8.29715729E-01  3.46727818E-02
2.69856233E-01  8.22334290E-01  3.46536338E-02
2.70244236E-01  8.71685028E-01  3.46192196E-02
2.70632239E-01  7.75672913E-01  3.45616341E-02
2.71020242E-01  8.06114197E-01  3.45365591E-02
2.71408245E-01  8.07315826E-01  3.45039666E-02
2.71796249E-01  8.60664368E-01  3.44748013E-02
2.72184252E-01  8.66928101E-01  3.44396532E-02
2.72572255E-01  8.47995758E-01  3.44017930E-02
2.72960258E-01  8.29025269E-01  3.43617350E-02
2.73348261E-01  8.14411163E-01  3.43334526E-02
2.73736265E-01  8.46317291E-01  3.43156308E-02
2.74124268E-01  8.79932404E-01  3.42715867E-02
2.74512271E-01  8.33850861E-01  3.42306048E-02
2.74900274E-01  8.28773499E-01  3.41995507E-02
2.75288278E-01  8.03592682E-01  3.41769233E-02
2.75676281E-01  8.04954529E-01  3.41441371E-02
2.76064284E-01  8.11687469E-01  3.41209583E-02
2.76452287E-01  7.98839569E-01  3.40943374E-02
2.76840290E-01  8.22715759E-01  3.40422168E-02
2.77228294E-01  8.10295105E-01  3.40031683E-02
2.77616297E-01  8.79409790E-01  3.39914747E-02
2.78004300E-01  8.56750488E-01  3.39550488E-02
2.78392303E-01  7.64583588E-01  3.39847505E-02
2.78780306E-01  8.45008850E-01  3.41788791E-02
2.79168310E-01  8.23150635E-01  3.42793204E-02
2.79556313E-01  8.35739136E-01  3.43627296E-02
2.79944316E-01  8.27823639E-01  3.44234146E-02
2.80332319E-01  8.21311951E-01  3.44632231E-02
2.80720322E-01  7.76557922E-01  3.44917886E-02
2.81108326E-01  8.39683533E-01  3.45449261E-02
2.81496329E-01  8.70372772E-01  3.45757194E-02
2.81884332E-01  7.88440704E-01  3.45946103E-02
2.82272335E-01  7.86560059E-01  3.46138328E-02
2.82660339E-01  8.35075378E-01  3.46144810E-02
2.83048342E-01  8.39736938E-01  3.46486010E-02
2.83436345E-01  7.65674591E-01  3.46599258E-02
2.83824348E-01  8.27095032E-01  3.46700624E-02
2.84212351E-01  8.36257935E-01  3.46967168E-02
2.84600355E-01  8.57227325E-01  3.46910767E-02
2.84988358E-01  8.26530457E-01  3.47111560E-02
2.85376361E-01  7.58270264E-01  3.46385725E-02
2.85764364E-01  8.46416473E-01  3.44098024E-02
2.86152367E-01  8.07353973E-01  3.44346166E-02
2.86540371E-01  8.29753876E-01  3.45141254E-02
2.86928374E-01  8.47564697E-01  3.45487110E-02
2.87316377E-01  8.42327118E-01  3.47696319E-02
2.87704380E-01  8.60324860E-01  3.49704139E-02
2.88092383E-01  8.39382172E-01  3.50800641E-02
2.88480387E-01  8.46195221E-01  3.51560041E-02
2.88868390E-01  7.90596008E-01  3.52313891E-02
2.89256393E-01  8.15872192E-01  3.52758542E-02
2.89644396E-01  8.76251221E-01  3.53011042E-02
2.90032400E-01  8.58306885E-01  3.53332795E-02
2.90420403E-01  8.20995331E-01  3.53715383E-02
2.90808406E-01  7.98965454E-01  3.54124382E-02
2.91196409E-01  8.35983276E-01  3.55664715E-02
2.91584412E-01  8.54564667E-01  3.57989632E-02
2.91972416E-01  8.19511414E-01  3.60161997E-02
2.92360419E-01  7.86098480E-01  3.61895896E-02
2.92748422E-01  8.42456818E-01  3.63438390E-02
2.93136425E-01  8.42380524E-01  3.64908166E-02
2.93524428E-01  8.24699402E-01  3.66293006E-02
2.93912432E-01  8.44642639E-01  3.67447622E-02
2.94300435E-01  8.54957581E-01  3.68367881E-02
2.94688438E-01  8.37066650E-01  3.69355977E-02
2.95076441E-01  8.27041626E-01  3.70213762E-02
2.95464444E-01  8.49872589E-01  3.71216275E-02
2.95852448E-01  8.58360291E-01  3.72198075E-02
2.96240451E-01  8.09494019E-01  3.73271517E-02
2.96628454E-01  8.09501648E-01  3.74493599E-02
2.97016457E-01  8.44509125E-01  3.75395082E-02
2.97404460E-01  7.97187805E-01  3.76305729E-02
2.97792464E-01  8.18397522E-01  3.77401970E-02
2.98180467E-01  8.48773956E-01  3.78172211E-02
2.98568470E-01  8.12465668E-01  3.79031748E-02
2.98956473E-01  8.14819336E-01  3.79985571E-02
2.99344477E-01  7.98618317E-01  3.80981192E-02
2.99732480E-01  7.28347778E-01  3.81610170E-02
3.00120483E-01  8.34510803E-01  3.82530391E-02
3.00508486E-01  7.84084320E-01  3.83431539E-02
3.00896489E-01  8.16902161E-01  3.84507403E-02
3.01284493E-01  8.66645813E-01  3.85685265E-02
3.01672496E-01  7.83950806E-01  3.86725254E-02
3.02060499E-01  7.98061371E-01  3.87764648E-02
3.02448502E-01  8.23623657E-01  3.88449170E-02
3.02836505E-01  8.21468353E-01  3.89292873E-02
3.03224509E-01  8.62232208E-01  3.90326865E-02
3.03612512E-01  7.89104462E-01  3.90958600E-02
3.04000515E-01  8.00098419E-01  3.91545184E-02
3.04388518E-01  8.71025085E-01  3.92192639E-02
3.04776521E-01  8.57425690E-01  3.92785147E-02
3.05164525E-01  8.73329163E-01  3.93746160E-02
3.05552528E-01  8.14220428E-01  3.94492298E-02
3.05940531E-01  8.04771423E-01  3.95212360E-02
3.06328534E-01  7.69657135E-01  3.95409204E-02
3.06716538E-01  8.17707062E-01  3.95685807E-02
3.07104541E-01  8.41739655E-01  3.96226086E-02
3.07492544E-01  8.88977051E-01  3.96823026E-02
3.07880547E-01  8.22364807E-01  3.97432856E-02
3.08268550E-01  7.62512207E-01  3.98156717E-02
3.08656554E-01  8.34098816E-01  3.98494564E-02
3.09044557E-01  7.84934998E-01  3.98845300E-02
3.09432560E-01  8.22063446E-01  3.99058759E-02
3.09820563E-01  8.19236755E-01  3.99380997E-02
3.10208566E-01  8.73199463E-01  3.99660207E-02
3.10596570E-01  7.89375305E-01  3.99999022E-02
3.10984573E-01  7.89173126E-01  4.00334559E-02
3.11372576E-01  7.98171997E-01  4.00867760E-02
3.11760579E-01  7.98538208E-01  4.01277654E-02
3.12148582E-01  8.47106934E-01  4.01984118E-02
3.12536586E-01  8.71990204E-01  4.02730480E-02
3.12924589E-01  8.39141846E-01  4.03306894E-02
3.13312592E-01  7.86785126E-01  4.03794199E-02
3.13700595E-01  7.33604431E-01  4.03838307E-02
3.14088599E-01  7.86720276E-01  4.04309519E-02
3.14476602E-01  8.45157623E-01  4.04557995E-02
3.14864605E-01  8.22635651E-01  4.04733829E-02
3.15252608E-01  9.06433105E-01  4.04919051E-02
3.15640611E-01  7.72151947E-01  4.05277610E-02
3.16028615E-01  8.12381744E-01  4.05738391E-02
3.16416618E-01  8.42781067E-01  4.05892730E-02
3.16804621E-01  8.28945160E-01  4.06485610E-02
3.17192624E-01  7.28366852E-01  4.07268479E-02
3.17580627E-01  8.37871552E-01  4.07977477E-02
3.17968631E-01  8.41262817E-01  4.08391915E-02
3.18356634E-01  7.78709412E-01  4.08658013E-02
3.18744637E-01  7.75772095E-01  4.09304164E-02
3.19132640E-01  8.00369263E-01  4.09875922E-02
3.19520643E-01  8.59241486E-01  4.10432369E-02
3.19908647E-01  8.27117920E-01  4.11086045E-02
3.20296650E-01  8.13667297E-01  4.11642343E-02
3.20684653E-01  8.04805756E-01  4.12266329E-02
3.21072656E-01  8.06240082E-01  4.12664898E-02
3.21460660E-01  7.25826263E-01  4.13348190E-02
3.21848663E-01  7.51373291E-01  4.13799882E-02
3.22236666E-01  8.31459045E-01  4.14422005E-02
3.22624669E-01  8.61938477E-01  4.14982550E-02
3.23012672E-01  8.35144043E-01  4.15720940E-02
3.23400676E-01  8.88404846E-01  4.16340418E-02
3.23788679E-01  8.24726105E-01  4.16872129E-02
3.24176682E-01  7.56820679E-01  4.17244397E-02
3.24564685E-01  8.70929718E-01  4.17806581E-02
3.24952688E-01  8.47881317E-01  4.18335460E-02
3.25340692E-01  7.68833160E-01  4.18947674E-02
3.25728695E-01  8.45161438E-01  4.19615805E-02
3.26116698E-01  7.81066895E-01  4.20074463E-02
3.26504701E-01  8.09734344E-01  4.20669690E-02
3.26892704E-01  7.79029846E-01  4.21117730E-02
3.27280708E-01  8.39241028E-01  4.21608128E-02
3.27668711E-01  8.05919647E-01  4.22038697E-02
3.28056714E-01  8.79329681E-01  4.22705151E-02
3.28444717E-01  8.37009430E-01  4.23229150E-02
3.28832721E-01  6.85733795E-01  4.23752815E-02
3.29220724E-01  7.46662140E-01  4.24396656E-02
3.29608727E-01  8.63914490E-01  4.24729884E-02
3.29996730E-01  8.79028320E-01  4.25223708E-02
3.30384733E-01  8.17390442E-01  4.25897352E-02
3.30772737E-01  7.15438843E-01  4.26533595E-02
3.31160740E-01  7.47253418E-01  4.26965915E-02
3.31548743E-01  8.03607941E-01  4.27310839E-02
3.31936746E-01  7.99533844E-01  4.28001434E-02
3.32324749E-01  8.21212769E-01  4.28313091E-02
3.32712753E-01  8.29776764E-01  4.28938158E-02
3.33100756E-01  8.43307495E-01  4.29595336E-02
3.33488759E-01  8.69747162E-01  4.30068895E-02
3.33876762E-01  8.40286255E-01  4.30539101E-02
3.34264765E-01  7.52571106E-01  4.31112088E-02
3.34652769E-01  7.83397675E-01  4.31731939E-02
3.35040772E-01  7.94906616E-01  4.32126336E-02
3.35428775E-01  7.71690369E-01  4.32793982E-02
3.35816778E-01  8.24333191E-01  4.33148593E-02
3.36204781E-01  8.82007599E-01  4.33555543E-02
3.36592785E-01  8.32706451E-01  4.34248038E-02
3.36980788E-01  8.24672699E-01  4.34659831E-02
3.37368791E-01  8.63246918E-01  4.35324870E-02
3.37756794E-01  8.27545166E-01  4.35935371E-02
3.38144798E-01  7.94048309E-01  4.36320715E-02
3.38532801E-01  8.66252899E-01  4.37125713E-02
3.38920804E-01  8.47179413E-01  4.37462442E-02
3.39308807E-01  8.57566833E-01  4.37977836E-02
3.39696810E-01  8.18244934E-01  4.38464545E-02
3.40084814E-01  8.41575623E-01  4.38782312E-02
3.40472817E-01  8.66889954E-01  4.39548306E-02
3.40860820E-01  8.35510254E-01  4.40235175E-02
3.41248823E-01  7.91519165E-01  4.40758169E-02
3.41636826E-01  8.24783325E-01  4.41027880E-02
3.42024830E-01  8.11824799E-01  4.41872329E-02
3.42412833E-01  8.53343964E-01  4.42094505E-02
3.42800836E-01  7.97183990E-01  4.42569330E-02
3.43188839E-01  8.18180084E-01  4.43188027E-02
3.43576842E-01  8.52622986E-01  4.43681255E-02
3.43964846E-01  8.34945679E-01  4.44031954E-02
3.44352849E-01  7.09594727E-01  4.44751605E-02
3.44740852E-01  7.91393280E-01  4.45383750E-02
3.45128855E-01  8.73703003E-01  4.45792414E-02
3.45516859E-01  8.76537323E-01  4.46271002E-02
3.45904862E-01  7.60620117E-01  4.46763150E-02
3.46292865E-01  7.23445892E-01  4.47094180E-02
3.46680868E-01  7.80475616E-01  4.47756425E-02
3.47068871E-01  7.48523712E-01  4.48134989E-02
3.47456875E-01  8.76609802E-01  4.48191762E-02
3.47844878E-01  8.09688568E-01  4.48658429E-02
3.48232881E-01  7.86743164E-01  4.48655710E-02
3.48620884E-01  7.89199829E-01  4.48892117E-02
3.49008887E-01  8.50639343E-01  4.48817387E-02
3.49396891E-01  8.26736450E-01  4.48749214E-02
3.49784894E-01  8.23566437E-01  4.49120775E-02
3.50172897E-01  8.11042786E-01  4.48908247E-02
3.50560900E-01  7.97279358E-01  4.49153297E-02
3.50948903E-01  7.62359619E-01  4.49396744E-02
3.51336907E-01  7.38082886E-01  4.49578315E-02
3.51724910E-01  7.78587341E-01  4.50173914E-02
3.52112913E-01  7.79418945E-01  4.50559892E-02
3.52500916E-01  8.53786469E-01  4.51270305E-02
3.52888920E-01  8.26354980E-01  4.51670215E-02
3.53276923E-01  7.71595001E-01  4.52266037E-02
3.53664926E-01  8.53076935E-01  4.52679135E-02
3.54052929E-01  8.24054718E-01  4.52949293E-02
3.54440932E-01  8.62586975E-01  4.53541055E-02
3.54828936E-01  8.34026337E-01  4.53609526E-02
3.55216939E-01  8.51921082E-01  4.53760996E-02
3.55604942E-01  8.49761963E-01  4.54028659E-02
3.55992945E-01  8.31615448E-01  4.53982353E-02
3.56380948E-01  8.22376251E-01  4.54006530E-02
3.56768952E-01  8.58314514E-01  4.53942791E-02
3.57156955E-01  8.47259521E-01  4.54263762E-02
3.57544958E-01  8.67572784E-01  4.54177968E-02
3.57932961E-01  8.29662323E-01  4.54265438E-02
3.58320964E-01  8.44738007E-01  4.54286076E-02
3.58708968E-01  7.74333954E-01  4.54705916E-02
3.59096971E-01  7.73685455E-01  4.54854332E-02
3.59484974E-01  7.86350250E-01  4.55394611E-02
3.59872977E-01  8.00384521E-01  4.56103869E-02
3.60260981E-01  8.31501007E-01  4.56628092E-02
3.60648984E-01  8.01784515E-01  4.57181782E-02
3.61036987E-01  8.14601898E-01  4.61690351E-02
3.61424990E-01  8.75095367E-01  4.69101705E-02
3.61812993E-01  8.27224731E-01  4.73898128E-02
3.62200997E-01  7.38430023E-01  4.77923527E-02
3.62589000E-01  7.11811066E-01  4.81390357E-02
3.62977003E-01  6.99428558E-01  4.84148748E-02
3.63365006E-01  8.02478790E-01  4.87348847E-02
3.63753009E-01  8.45706940E-01  4.90150973E-02
3.64141013E-01  8.10638428E-01  4.92799915E-02
3.64529016E-01  7.32402802E-01  4.95525002E-02
3.64917019E-01  7.67982483E-01  4.97772582E-02
3.65305022E-01  9.39811707E-01  5.00551499E-02
3.65693025E-01  8.93878937E-01  5.03131784E-02
3.66081029E-01  8.44455719E-01  5.05703725E-02
3.66469032E-01  8.19843292E-01  5.08329608E-02
3.66857035E-01  8.18229675E-01  5.10522537E-02
3.67245038E-01  8.87763977E-01  5.13085797E-02
3.67633042E-01  8.17935944E-01  5.15236445E-02
3.68021045E-01  7.32246399E-01  5.17456308E-02
3.68409048E-01  7.19371796E-01  5.19942529E-02
3.68797051E-01  8.34587097E-01  5.22051416E-02
3.69185054E-01  8.09623718E-01  5.25008254E-02
3.69573058E-01  7.97897339E-01  5.27282953E-02
3.69961061E-01  7.36106873E-01  5.29505722E-02
3.70349064E-01  7.53547668E-01  5.31677082E-02
3.70737067E-01  8.33950043E-01  5.34197353E-02
3.71125070E-01  7.88356781E-01  5.36167622E-02
3.71513074E-01  7.30537415E-01  5.38189821E-02
3.71901077E-01  8.20365906E-01  5.40828928E-02
3.72289080E-01  7.38117218E-01  5.43154292E-02
3.72677083E-01  7.85400391E-01  5.45683391E-02
3.73065086E-01  7.11418152E-01  5.48408926E-02
3.73453090E-01  8.19965363E-01  5.49381301E-02
3.73841093E-01  8.04676056E-01  5.50238192E-02
3.74229096E-01  7.66448975E-01  5.52415252E-02
3.74617099E-01  8.35494995E-01  5.54965660E-02
3.75005103E-01  8.22093964E-01  5.56845143E-02
3.75393106E-01  7.07908630E-01  5.59032857E-02
3.75781109E-01  7.88890839E-01  5.61826266E-02
3.76169112E-01  8.15475464E-01  5.63723035E-02
3.76557115E-01  8.07022095E-01  5.66180870E-02
3.76945119E-01  7.87181854E-01  5.68471104E-02
3.77333122E-01  7.83672333E-01  5.71293533E-02
3.77721125E-01  7.83462524E-01  5.73514551E-02
3.78109128E-01  8.42472076E-01  5.76036535E-02
3.78497131E-01  8.54595184E-01  5.78487776E-02
3.78885135E-01  8.46069336E-01  5.81258722E-02
3.79273138E-01  7.84439087E-01  5.83714098E-02
3.79661141E-01  8.20457458E-01  5.86002693E-02
3.80049144E-01  9.29332733E-01  5.88568933E-02
3.80437147E-01  7.88043976E-01  5.91149628E-02
3.80825151E-01  7.44655609E-01  5.93867451E-02
3.81213154E-01  6.06773376E-01  5.96520752E-02
3.81601157E-01  8.12244415E-01  5.99289611E-02
3.81989160E-01  7.83462524E-01  6.01909570E-02
3.82377163E-01  8.26198578E-01  6.04655258E-02
3.82765167E-01  9.04048920E-01  6.06878027E-02
3.83153170E-01  9.09114838E-01  6.09900877E-02
3.83541173E-01  6.80381775E-01  6.12710416E-02
3.83929176E-01  7.88307190E-01  6.15347028E-02
3.84317180E-01  8.46088409E-01  6.18112311E-02
3.84705183E-01  8.12129974E-01  6.21357970E-02
3.85093186E-01  7.88028717E-01  6.23941645E-02
3.85481189E-01  8.12011719E-01  6.26929328E-02
3.85869192E-01  8.30375671E-01  6.29774854E-02
3.86257196E-01  8.09803009E-01  6.32837489E-02
3.86645199E-01  7.42614746E-01  6.35553151E-02
3.87033202E-01  8.56067657E-01  6.38965443E-02
3.87421205E-01  8.41655731E-01  6.41834959E-02
3.87809208E-01  9.32739258E-01  6.45297915E-02
3.88197212E-01  8.44284058E-01  6.48030192E-02
3.88585215E-01  8.56727600E-01  6.51176572E-02
3.88973218E-01  7.71400452E-01  6.54040799E-02
3.89361221E-01  7.96596527E-01  6.57739341E-02
3.89749224E-01  7.42950439E-01  6.60987645E-02
3.90137228E-01  6.97128296E-01  6.63790777E-02
3.90525231E-01  8.35060120E-01  6.67668357E-02
3.90913234E-01  8.29738617E-01  6.70840144E-02
3.91301237E-01  8.87287140E-01  6.74487725E-02
3.91689241E-01  7.44907379E-01  6.77657723E-02
3.92077244E-01  8.71925354E-01  6.81259334E-02
3.92465247E-01  7.98938751E-01  6.85190931E-02
3.92853250E-01  8.09593201E-01  6.88485727E-02
3.93241253E-01  8.42166901E-01  6.92517087E-02
3.93629257E-01  8.90293121E-01  6.95658326E-02
3.94017260E-01  8.29311371E-01  6.99624494E-02
3.94405263E-01  8.73821259E-01  7.03474209E-02
3.94793266E-01  9.15756226E-01  7.06742406E-02
3.95181269E-01  8.76701355E-01  7.11313710E-02
3.95569273E-01  7.46368408E-01  7.15436488E-02
3.95957276E-01  8.57154846E-01  7.19377324E-02
3.96345279E-01  8.39904785E-01  7.23310634E-02
3.96733282E-01  7.38864899E-01  7.27324784E-02
3.97121285E-01  7.38037109E-01  7.32000247E-02
3.97509289E-01  8.80058289E-01  7.35358298E-02
3.97897292E-01  9.03099060E-01  7.40327761E-02
3.98285295E-01  8.11206818E-01  7.44375214E-02
3.98673298E-01  8.52508545E-01  7.48526976E-02
3.99061302E-01  8.63014221E-01  7.53082260E-02
3.99449305E-01  7.56725311E-01  7.56989717E-02
3.99837308E-01  6.95877075E-01  7.60013238E-02
4.00225311E-01  6.76418304E-01  7.62405917E-02
4.00613314E-01  6.84177399E-01  7.64716715E-02
4.01001318E-01  8.49430084E-01  7.67531171E-02
4.01389321E-01  7.74421692E-01  7.70659372E-02
4.01777324E-01  8.57749939E-01  7.73334727E-02
4.02165327E-01  7.39425659E-01  7.76012540E-02
4.02553330E-01  8.34186554E-01  7.79546574E-02
4.02941334E-01  7.52113342E-01  7.81703740E-02
4.03329337E-01  7.69584656E-01  7.84741119E-02
4.03717340E-01  9.04384613E-01  7.87234083E-02
4.04105343E-01  7.60948181E-01  7.91711360E-02
4.04493346E-01  7.30503082E-01  7.95648918E-02
4.04881350E-01  8.48339081E-01  8.01366493E-02
4.05269353E-01  7.50167847E-01  8.06288794E-02
4.05657356E-01  7.65205383E-01  8.12022984E-02
4.06045359E-01  8.36452484E-01  8.17690417E-02
4.06433363E-01  8.22387695E-01  8.23909789E-02
4.06821366E-01  7.37255096E-01  8.28928873E-02
4.07209369E-01  8.79528046E-01  8.34458545E-02
4.07597372E-01  7.86827087E-01  8.40720311E-02
4.07985375E-01  8.27697754E-01  8.46540630E-02
4.08373379E-01  7.72529602E-01  8.51680487E-02
4.08761382E-01  7.34607697E-01  8.55529234E-02
4.09149385E-01  9.31869507E-01  8.59424695E-02
4.09537388E-01  9.21260834E-01  8.63444507E-02
4.09925391E-01  7.84439087E-01  8.66863728E-02
4.10313395E-01  7.79506683E-01  8.69523436E-02
4.10701398E-01  7.78305054E-01  8.73251632E-02
4.11089401E-01  7.69840240E-01  8.77914801E-02
4.11477404E-01  9.02606964E-01  8.82488266E-02
4.11865407E-01  9.37747955E-01  8.85448381E-02
4.12253411E-01  7.39040375E-01  8.88247341E-02
4.12641414E-01  7.17147827E-01  8.92883614E-02
4.13029417E-01  7.65968323E-01  8.96056890E-02
4.13417420E-01  8.63670349E-01  9.00831521E-02
4.13805424E-01  8.67439270E-01  9.04736221E-02
4.14193427E-01  8.30600739E-01  9.08158422E-02
4.14581430E-01  9.14901733E-01  9.13331509E-02
4.14969433E-01  8.23169708E-01  9.16763470E-02
4.15357436E-01  8.70094299E-01  9.21104699E-02
4.15745440E-01  8.76701355E-01  9.26184878E-02
4.16133443E-01  7.82382965E-01  9.30010229E-02
4.16521446E-01  7.23354340E-01  9.34901685E-02
4.16909449E-01  5.61824799E-01  9.39184651E-02
4.17297452E-01  7.95566559E-01  9.43274498E-02
4.17685456E-01  8.65772247E-01  9.47250947E-02
4.18073459E-01  9.06940460E-01  9.52107385E-02
4.18461462E-01  1.01034546E+00  9.56701934E-02
4.18849465E-01  7.51514435E-01  9.61576402E-02
4.19237468E-01  7.39654541E-01  9.66230109E-02
4.19625472E-01  6.58863068E-01  9.70225260E-02
4.20013475E-01  8.81263733E-01  9.76406708E-02
4.20401478E-01  8.47473145E-01  9.80533510E-02
4.20789481E-01  9.38690186E-01  9.87348706E-02
4.21177484E-01  6.85050964E-01  9.92215946E-02
4.21565488E-01  7.18963623E-01  9.96076763E-02
4.21953491E-01  7.67562866E-01  1.00195058E-01
4.22341494E-01  8.51982117E-01  1.00671284E-01
4.22729497E-01  7.81173706E-01  1.01299562E-01
4.23117501E-01  7.43118286E-01  1.01913773E-01
4.23505504E-01  5.72975159E-01  1.02348365E-01
4.23893507E-01  6.45866394E-01  1.02931038E-01
4.24281510E-01  7.33562469E-01  1.03515767E-01
4.24669513E-01  9.48616028E-01  1.04031019E-01
4.25057517E-01  7.66010284E-01  1.04734771E-01
4.25445520E-01  9.46552277E-01  1.05252296E-01
4.25833523E-01  8.76731873E-01  1.05816096E-01
4.26221526E-01  6.82102203E-01  1.06574945E-01
4.26609529E-01  6.98638916E-01  1.07129395E-01
4.26997533E-01  9.15092468E-01  1.07734695E-01
4.27385536E-01  7.31586456E-01  1.08518407E-01
4.27773539E-01  8.15803528E-01  1.09136470E-01
4.28161542E-01  7.89672852E-01  1.09822616E-01
4.28549545E-01  7.93861389E-01  1.10438719E-01
4.28937549E-01  7.58308411E-01  1.11118175E-01
4.29325552E-01  7.80147552E-01  1.11781314E-01
4.29713555E-01  9.70993042E-01  1.12740576E-01
4.30101558E-01  7.77755737E-01  1.13207877E-01


### HEADER:
#
#{
#    "analysis": {},
#    "calibration_params": {
#        "Beam_Center_X": 739.0457667593599,
#        "Beam_Center_Y": 749.1905114608388,
#        "Detector Tilt": 0.2562910903638858,
#        "Detector Tilt Plane Rotation": 132.57722223850126,
#        "Detector_X_Pixel_Size": 172.0,
#        "Detector_Y_Pixel_Size": 172.0,
#        "Integration Method": "full_csr",
#        "Radial_Average_Method": "pyFAI",
#        "Sample-to-detector distance (mm)": 2690.0,
#        "Wavelength (A)": 1.0332016536100022
#    },
#    "config_file": "C:\\Users\\biosaxs\\Desktop\\userdata\\cfg\\20231104.cfg",
#    "counters": {
#        "Code": "",
#        "Exposure_time_s": "1.0",
#        "SAXS_Position": "saxs",
#        "Wavelength_nm": "0.1033nm"
#    },
#    "filename": "S_A_Ecoli_45_0007_00020",
#    "history": {
#        "subtraction": {
#            "initial_file": [
#                "A_Ecoli_45_0007_00020",
#                {
#                    "averaged_files": [
#                        [
#                            "Ecoli_45_0007_00020.tif"
#                        ],
#                        [
#                            "Ecoli_45_0007_00019.tif"
#                        ],
#                        [
#                            "Ecoli_45_0007_00018.tif"
#                        ],
#                        [
#                            "Ecoli_45_0007_00017.tif"
#                        ],
#                        [
#                            "Ecoli_45_0007_00016.tif"
#                        ],
#                        [
#                            "Ecoli_45_0007_00015.tif"
#                        ],
#                        [
#                            "Ecoli_45_0007_00014.tif"
#                        ],
#                        [
#                            "Ecoli_45_0007_00013.tif"
#                        ],
#                        [
#                            "Ecoli_45_0007_00012.tif"
#                        ],
#                        [
#                            "Ecoli_45_0007_00011.tif"
#                        ],
#                        [
#                            "Ecoli_45_0007_00010.tif"
#                        ],
#                        [
#                            "Ecoli_45_0007_00009.tif"
#                        ],
#                        [
#                            "Ecoli_45_0007_00008.tif"
#                        ],
#                        [
#                            "Ecoli_45_0007_00007.tif"
#                        ],
#                        [
#                            "Ecoli_45_0007_00006.tif"
#                        ],
#                        [
#                            "Ecoli_45_0007_00005.tif"
#                        ],
#                        [
#                            "Ecoli_45_0007_00004.tif"
#                        ],
#                        [
#                            "Ecoli_45_0007_00003.tif"
#                        ],
#                        [
#                            "Ecoli_45_0007_00002.tif"
#                        ],
#                        [
#                            "Ecoli_45_0007_00001.tif"
#                        ]
#                    ]
#                }
#            ],
#            "subtracted_file": [
#                "A_buffer_45_0006_00020",
#                {
#                    "averaged_files": [
#                        [
#                            "buffer_45_0006_00020.tif"
#                        ],
#                        [
#                            "buffer_45_0006_00019.tif"
#                        ],
#                        [
#                            "buffer_45_0006_00018.tif"
#                        ],
#                        [
#                            "buffer_45_0006_00017.tif"
#                        ],
#                        [
#                            "buffer_45_0006_00016.tif"
#                        ],
#                        [
#                            "buffer_45_0006_00015.tif"
#                        ],
#                        [
#                            "buffer_45_0006_00014.tif"
#                        ],
#                        [
#                            "buffer_45_0006_00013.tif"
#                        ],
#                        [
#                            "buffer_45_0006_00012.tif"
#                        ],
#                        [
#                            "buffer_45_0006_00011.tif"
#                        ],
#                        [
#                            "buffer_45_0006_00010.tif"
#                        ],
#                        [
#                            "buffer_45_0006_00009.tif"
#                        ],
#                        [
#                            "buffer_45_0006_00008.tif"
#                        ],
#                        [
#                            "buffer_45_0006_00007.tif"
#                        ],
#                        [
#                            "buffer_45_0006_00006.tif"
#                        ],
#                        [
#                            "buffer_45_0006_00005.tif"
#                        ],
#                        [
#                            "buffer_45_0006_00004.tif"
#                        ],
#                        [
#                            "buffer_45_0006_00003.tif"
#                        ],
#                        [
#                            "buffer_45_0006_00002.tif"
#                        ],
#                        [
#                            "buffer_45_0006_00001.tif"
#                        ]
#                    ]
#                }
#            ]
#        }
#    },
#    "imageHeader": {
#        "Alpha": "0.0000 deg.",
#        "Angle_increment": "0.1000 deg.",
#        "Beam_xy": "(0.00, 0.00) pixels",
#        "Chi": "0.0000 deg.",
#        "Count_cutoff": "1157021 counts",
#        "Detector_2theta": "0.0000 deg.",
#        "Detector_Voffset": "0.00000 m",
#        "Detector_distance": "1.00000 m",
#        "Energy_range": "(0, 0) eV",
#        "Excluded_pixels": "badpix_mask.tif",
#        "Exposure_period": "1.1000000 s",
#        "Exposure_time": "1.0000000 s",
#        "Filter_transmission": "1.0000",
#        "Flat_field": "FF_p24-0163_E12000_T6000_vrf_m0p100.tif",
#        "Flux": "0.000000",
#        "Gain_setting": "autog (vrf = 1.000)",
#        "Image_path": "/public/Data/2023/202311/20231105/yongfeng/",
#        "Kappa": "0.0000 deg.",
#        "N_excluded_pixels": "61",
#        "N_oscillations": "1",
#        "Oscillation_axis": "X, CW",
#        "Phi": "0.0000 deg.",
#        "Pixel_size": "172e-6 m x 172e-6 m",
#        "Polarization": "0.990",
#        "Ratecorr_lut_directory": "ContinuousStandard_v1.1",
#        "Retrigger_mode": "1",
#        "Silicon": "sensor, thickness 0.000450",
#        "Tau": "0 s",
#        "Threshold_setting": "6000 eV",
#        "Trim_file": "p24-0163_E12000_T6000.bin",
#        "Wavelength (A)": "1.54000 A"
#    },
#    "normalizations": {
#        "Counter_norms": [
#            [
#                "/",
#                "Transmitted_Beam"
#            ]
#        ],
#        "Polarization": {
#            "Used": false
#        },
#        "Solid_Angle_Correction": "On"
#    },
#    "raw_version": "2.1.1"
#}

