### DATA:
#
# 1093
#      Q             I(Q)           Error     
6.40205297E-03  2.65865234E+02  3.42087889E+00
6.79005618E-03  2.56453613E+02  2.78808331E+00
7.17805939E-03  2.25793945E+02  2.33644056E+00
7.56606260E-03  2.05645996E+02  2.01814294E+00
7.95406581E-03  1.80508545E+02  1.80259871E+00
8.34206902E-03  1.66111572E+02  1.62025034E+00
8.73007223E-03  1.49484619E+02  1.45471835E+00
9.11807544E-03  1.37430054E+02  1.29780447E+00
9.50607865E-03  1.25567993E+02  1.16303980E+00
9.89408186E-03  1.16160889E+02  1.05078149E+00
1.02820851E-02  1.05704224E+02  9.54589784E-01
1.06700883E-02  1.00943359E+02  8.71937513E-01
1.10580915E-02  9.43394165E+01  8.00402224E-01
1.14460947E-02  8.79432983E+01  7.36939013E-01
1.18340979E-02  8.30164185E+01  6.82167411E-01
1.22221011E-02  7.86704712E+01  6.32939398E-01
1.26101043E-02  7.37952881E+01  5.89636862E-01
1.29981075E-02  7.01090698E+01  5.51502943E-01
1.33861107E-02  6.73611450E+01  5.16843021E-01
1.37741140E-02  6.47691956E+01  4.85812247E-01
1.41621172E-02  6.17843323E+01  4.57871675E-01
1.45501204E-02  6.00563660E+01  4.32827383E-01
1.49381236E-02  5.81671143E+01  4.10151452E-01
1.53261268E-02  5.59249268E+01  3.89221460E-01
1.57141300E-02  5.42494507E+01  3.70704651E-01
1.61021332E-02  5.24064331E+01  3.52969199E-01
1.64901364E-02  5.20973816E+01  3.37283373E-01
1.68781396E-02  5.10368958E+01  3.22501987E-01
1.72661428E-02  4.99997559E+01  3.09284121E-01
1.76541461E-02  4.88081665E+01  2.97140837E-01
1.80421493E-02  4.84460907E+01  2.85846502E-01
1.84301525E-02  4.77448273E+01  2.75550097E-01
1.88181557E-02  4.69406128E+01  2.65940994E-01
1.92061589E-02  4.66188049E+01  2.57068485E-01
1.95941621E-02  4.63893890E+01  2.48853430E-01
1.99821653E-02  4.56788025E+01  2.41095081E-01
2.03701685E-02  4.52998810E+01  2.33966962E-01
2.07581717E-02  4.44021454E+01  2.27298722E-01
2.11461749E-02  4.45888062E+01  2.20930248E-01
2.15341782E-02  4.45421295E+01  2.15237811E-01
2.19221814E-02  4.44695587E+01  2.09991708E-01
2.23101846E-02  4.40211487E+01  2.04861030E-01
2.26981878E-02  4.37939148E+01  2.00005993E-01
2.30861910E-02  4.34709015E+01  1.95491880E-01
2.34741942E-02  4.28832855E+01  1.91238344E-01
2.38621974E-02  4.25807495E+01  1.87287107E-01
2.42502006E-02  4.18064270E+01  1.83422491E-01
2.46382038E-02  4.11064911E+01  1.79707363E-01
2.50262070E-02  4.04656982E+01  1.76210865E-01
2.54142103E-02  3.99463577E+01  1.72850847E-01
2.58022135E-02  3.92118149E+01  1.69599473E-01
2.61902167E-02  3.83177719E+01  1.66448787E-01
2.65782199E-02  3.72656708E+01  1.63565546E-01
2.69662231E-02  3.61679916E+01  1.60590634E-01
2.73542263E-02  3.50291824E+01  1.57657444E-01
2.77422295E-02  3.39264984E+01  1.54995188E-01
2.81302327E-02  3.27679977E+01  1.52585879E-01
2.85182359E-02  3.15213547E+01  1.49995595E-01
2.89062391E-02  3.04286499E+01  1.47578642E-01
2.92942424E-02  2.89610672E+01  1.45233691E-01
2.96822456E-02  2.74267044E+01  1.43013671E-01
3.00702488E-02  2.61153793E+01  1.40801683E-01
3.04582520E-02  2.50535889E+01  1.38774961E-01
3.08462552E-02  2.36781693E+01  1.36783972E-01
3.12342584E-02  2.25055389E+01  1.34906992E-01
3.16222616E-02  2.13995895E+01  1.34996414E-01
3.20102648E-02  2.03976212E+01  1.35412410E-01
3.23982680E-02  1.92120285E+01  1.35012835E-01
3.27862712E-02  1.83998566E+01  1.34382054E-01
3.31742745E-02  1.74650955E+01  1.33584380E-01
3.35622777E-02  1.64045715E+01  1.32898569E-01
3.39502809E-02  1.56156616E+01  1.32139280E-01
3.43382841E-02  1.50300598E+01  1.31326661E-01
3.47262873E-02  1.42982635E+01  1.30457103E-01
3.51142905E-02  1.33965530E+01  1.29630774E-01
3.55022937E-02  1.28821945E+01  1.28815681E-01
3.58902969E-02  1.22501831E+01  1.28032684E-01
3.62783001E-02  1.17446747E+01  1.27355650E-01
3.66663033E-02  1.13636169E+01  1.26500621E-01
3.70543066E-02  1.05760574E+01  1.25711337E-01
3.74423098E-02  1.01060104E+01  1.25009671E-01
3.78303130E-02  9.86128235E+00  1.24181181E-01
3.82183162E-02  9.37052155E+00  1.23563766E-01
3.86063194E-02  8.95766449E+00  1.20965570E-01
3.89943226E-02  8.82224274E+00  1.18214309E-01
3.93823258E-02  8.17584991E+00  1.16294682E-01
3.97703290E-02  7.89464569E+00  1.14760071E-01
4.01583322E-02  7.59474945E+00  1.13518335E-01
4.05463354E-02  7.49075317E+00  1.12145334E-01
4.09343387E-02  7.25508118E+00  1.11037090E-01
4.13223419E-02  7.08556366E+00  1.09925136E-01
4.17103451E-02  6.92221832E+00  1.08882979E-01
4.20983483E-02  6.90211487E+00  1.07928358E-01
4.24863515E-02  6.62988281E+00  1.06988855E-01
4.28743547E-02  6.37281036E+00  1.06179044E-01
4.32623579E-02  6.37228394E+00  1.05252050E-01
4.36503611E-02  6.13460541E+00  1.04467712E-01
4.40383643E-02  5.97576141E+00  1.03677288E-01
4.44263675E-02  6.09399414E+00  1.02907792E-01
4.48143708E-02  5.82860565E+00  1.02523580E-01
4.52023740E-02  5.89379883E+00  1.02676496E-01
4.55903772E-02  5.80242920E+00  1.02748238E-01
4.59783804E-02  5.74520874E+00  1.02747142E-01
4.63663836E-02  5.54811859E+00  1.02596842E-01
4.67543868E-02  5.43862152E+00  1.02540374E-01
4.71423900E-02  5.51578522E+00  1.02296084E-01
4.75303932E-02  5.58919525E+00  1.02150798E-01
4.79183964E-02  5.29100800E+00  1.01992056E-01
4.83063996E-02  5.31775665E+00  1.01756267E-01
4.86944029E-02  5.42886353E+00  1.01510994E-01
4.90824061E-02  5.19990540E+00  1.01282425E-01
4.94704093E-02  5.18804169E+00  1.01217926E-01
4.98584125E-02  5.04035187E+00  1.00885279E-01
5.02464157E-02  5.07794189E+00  1.00584522E-01
5.06344189E-02  5.16309357E+00  1.00411385E-01
5.10224221E-02  5.23942566E+00  9.99618918E-02
5.14104253E-02  5.10470581E+00  9.86956656E-02
5.17984285E-02  5.14717865E+00  9.73156393E-02
5.21864318E-02  4.97431946E+00  9.62652341E-02
5.25744350E-02  4.97964478E+00  9.52741951E-02
5.29624382E-02  5.14723206E+00  9.45193693E-02
5.33504414E-02  5.17677307E+00  9.38227400E-02
5.37384446E-02  5.04192352E+00  9.31201801E-02
5.41264478E-02  5.02320862E+00  9.24353674E-02
5.45144510E-02  4.94468689E+00  9.18119624E-02
5.49024542E-02  4.84685516E+00  9.12347808E-02
5.52904574E-02  4.94866943E+00  9.07308459E-02
5.56784606E-02  4.76568604E+00  9.01504681E-02
5.60664639E-02  4.78682709E+00  8.96208212E-02
5.64544671E-02  4.78199005E+00  8.91306177E-02
5.68424703E-02  4.67137909E+00  8.86685401E-02
5.72304735E-02  4.83620453E+00  8.82262886E-02
5.76184767E-02  4.85134888E+00  8.76540244E-02
5.80064799E-02  4.62667084E+00  8.72888938E-02
5.83944831E-02  4.43707275E+00  8.67952630E-02
5.87824863E-02  4.46799469E+00  8.63495767E-02
5.91704895E-02  4.41188812E+00  8.60051215E-02
5.95584927E-02  4.36164093E+00  8.55807662E-02
5.99464960E-02  4.16776276E+00  8.51798505E-02
6.03344992E-02  4.31283569E+00  8.47161785E-02
6.07225024E-02  4.20362854E+00  8.43715668E-02
6.11105056E-02  4.11981201E+00  8.38985145E-02
6.14985088E-02  4.09697723E+00  8.35433528E-02
6.18865120E-02  4.15690613E+00  8.31995755E-02
6.22745152E-02  4.06790161E+00  8.27606097E-02
6.26625184E-02  4.01525879E+00  8.24969560E-02
6.30505216E-02  3.90966797E+00  8.20757002E-02
6.34385248E-02  3.86718750E+00  8.17673281E-02
6.38265281E-02  3.70785522E+00  8.14020187E-02
6.42145313E-02  3.65337372E+00  8.10260177E-02
6.46025345E-02  3.60964966E+00  8.07293281E-02
6.49905377E-02  3.57975006E+00  8.03527087E-02
6.53785409E-02  3.71443176E+00  7.99836814E-02
6.57665441E-02  3.69404602E+00  7.96459988E-02
6.61545473E-02  3.59577942E+00  7.93294534E-02
6.65425505E-02  3.52136230E+00  7.89982304E-02
6.69305537E-02  3.55768585E+00  7.86430389E-02
6.73185569E-02  3.40090942E+00  7.83784017E-02
6.77065602E-02  3.41464996E+00  7.80337304E-02
6.80945634E-02  3.34160614E+00  7.77086467E-02
6.84825666E-02  3.28524780E+00  7.74234086E-02
6.88705698E-02  3.20640564E+00  7.70260990E-02
6.92585730E-02  3.31687164E+00  7.67568201E-02
6.96465762E-02  3.28187561E+00  7.64119774E-02
7.00345794E-02  3.36219788E+00  7.61987045E-02
7.04225826E-02  3.09141541E+00  7.58194625E-02
7.08105858E-02  3.18878174E+00  7.56171644E-02
7.11985890E-02  3.15991974E+00  7.52699971E-02
7.15865923E-02  3.18608093E+00  7.50317127E-02
7.19745955E-02  3.07846069E+00  7.47486576E-02
7.23625987E-02  3.18910217E+00  7.44653866E-02
7.27506019E-02  3.06296539E+00  7.41851777E-02
7.31386051E-02  3.03132629E+00  7.39414692E-02
7.35266083E-02  2.97531891E+00  7.36416504E-02
7.39146115E-02  3.01387024E+00  7.34045357E-02
7.43026147E-02  3.04170990E+00  7.31383711E-02
7.46906179E-02  2.93389893E+00  7.28754178E-02
7.50786211E-02  2.74124146E+00  7.26372004E-02
7.54666244E-02  2.91345215E+00  7.23302364E-02
7.58546276E-02  2.78806305E+00  7.21011385E-02
7.62426308E-02  2.80665588E+00  7.18418807E-02
7.66306340E-02  2.83545685E+00  7.16000274E-02
7.70186372E-02  2.83735657E+00  7.13704601E-02
7.74066404E-02  2.84000397E+00  7.11495429E-02
7.77946436E-02  2.78163147E+00  7.08765686E-02
7.81826468E-02  2.69268036E+00  7.06229806E-02
7.85706500E-02  2.60300446E+00  7.03778490E-02
7.89586532E-02  2.52793121E+00  7.01465905E-02
7.93466565E-02  2.67810059E+00  6.98939115E-02
7.97346597E-02  2.56976318E+00  6.96477294E-02
8.01226629E-02  2.49276733E+00  6.94478974E-02
8.05106661E-02  2.48111725E+00  6.92163259E-02
8.08986693E-02  2.41364288E+00  6.90071583E-02
8.12866725E-02  2.56090546E+00  6.87330961E-02
8.16746757E-02  2.53739166E+00  6.85550794E-02
8.20626789E-02  2.39002991E+00  6.83410242E-02
8.24506821E-02  2.43600464E+00  6.81179091E-02
8.28386853E-02  2.46923828E+00  6.79265559E-02
8.32266886E-02  2.37076569E+00  6.76930770E-02
8.36146918E-02  2.50057220E+00  6.74830675E-02
8.40026950E-02  2.49057770E+00  6.72550276E-02
8.43906982E-02  2.44333649E+00  6.70924708E-02
8.47787014E-02  2.34331512E+00  6.68936446E-02
8.51667046E-02  2.38408661E+00  6.66711181E-02
8.55547078E-02  2.29447174E+00  6.64770976E-02
8.59427110E-02  2.23256683E+00  6.62851408E-02
8.63307142E-02  2.26663208E+00  6.60892874E-02
8.67187174E-02  2.24897003E+00  6.58935159E-02
8.71067207E-02  2.23105621E+00  6.57288209E-02
8.74947239E-02  2.23232269E+00  6.55691326E-02
8.78827271E-02  2.17615509E+00  6.53437302E-02
8.82707303E-02  2.23122406E+00  6.51320592E-02
8.86587335E-02  2.27851868E+00  6.49747923E-02
8.90467367E-02  2.21078491E+00  6.47919104E-02
8.94347399E-02  2.13323212E+00  6.46376610E-02
8.98227431E-02  2.09849548E+00  6.44457042E-02
9.02107463E-02  2.14228821E+00  6.42817691E-02
9.05987495E-02  2.15645599E+00  6.41274527E-02
9.09867528E-02  2.13843536E+00  6.39236942E-02
9.13747560E-02  2.10887909E+00  6.37520179E-02
9.17627592E-02  2.10771942E+00  6.35726228E-02
9.21507624E-02  2.08657074E+00  6.34532124E-02
9.25387656E-02  1.97091675E+00  6.32862672E-02
9.29267688E-02  2.00437164E+00  6.31012470E-02
9.33147720E-02  2.08561707E+00  6.29650950E-02
9.37027752E-02  2.08983612E+00  6.28309771E-02
9.40907784E-02  2.13026428E+00  6.30167723E-02
9.44787816E-02  2.11209869E+00  6.35919645E-02
9.48667849E-02  1.93166351E+00  6.41504526E-02
9.52547881E-02  1.96234894E+00  6.50234073E-02
9.56427913E-02  1.98036194E+00  6.55988827E-02
9.60307945E-02  2.01103973E+00  6.60747290E-02
9.64187977E-02  1.92212677E+00  6.64693490E-02
9.68068009E-02  1.92723846E+00  6.67716414E-02
9.71948041E-02  1.91068268E+00  6.66582063E-02
9.75828073E-02  2.06676483E+00  6.61169738E-02
9.79708105E-02  2.03160858E+00  6.55225888E-02
9.83588137E-02  1.91539764E+00  6.45429716E-02
9.87468170E-02  1.95551300E+00  6.40036389E-02
9.91348202E-02  1.95828247E+00  6.35509044E-02
9.95228234E-02  1.98665619E+00  6.31245524E-02
9.99108266E-02  1.94878387E+00  6.27240464E-02
1.00298830E-01  1.84511566E+00  6.23441115E-02
1.00686833E-01  1.78749084E+00  6.20029382E-02
1.01074836E-01  1.84503937E+00  6.16425574E-02
1.01462839E-01  1.82925415E+00  6.12612888E-02
1.01850843E-01  1.91696930E+00  6.09876476E-02
1.02238846E-01  1.81951904E+00  6.07667267E-02
1.02626849E-01  1.80767822E+00  6.06093034E-02
1.03014852E-01  1.87524414E+00  6.05128333E-02
1.03402855E-01  1.83714294E+00  6.04379736E-02
1.03790859E-01  1.93277740E+00  6.03848249E-02
1.04178862E-01  1.90135956E+00  6.03069812E-02
1.04566865E-01  1.91451263E+00  6.01758435E-02
1.04954868E-01  1.79467010E+00  5.99888787E-02
1.05342872E-01  1.69271088E+00  5.97655587E-02
1.05730875E-01  1.75151825E+00  5.95014133E-02
1.06118878E-01  1.73046875E+00  5.92748225E-02
1.06506881E-01  1.63594055E+00  5.90442307E-02
1.06894884E-01  1.70423126E+00  5.88281006E-02
1.07282888E-01  1.83637238E+00  5.86789548E-02
1.07670891E-01  1.78234100E+00  5.85751608E-02
1.08058894E-01  1.75851440E+00  5.85000776E-02
1.08446897E-01  1.72529602E+00  5.84532358E-02
1.08834900E-01  1.70500946E+00  5.84366694E-02
1.09222904E-01  1.73377228E+00  5.84034435E-02
1.09610907E-01  1.62662506E+00  5.83120771E-02
1.09998910E-01  1.79463196E+00  5.82561307E-02
1.10386913E-01  1.71963501E+00  5.81607223E-02
1.10774916E-01  1.68830109E+00  5.80584407E-02
1.11162920E-01  1.76516724E+00  5.78980520E-02
1.11550923E-01  1.76010132E+00  5.77946343E-02
1.11938926E-01  1.62192535E+00  5.76319620E-02
1.12326929E-01  1.67340088E+00  5.75152040E-02
1.12714933E-01  1.61128235E+00  5.73924258E-02
1.13102936E-01  1.63399506E+00  5.72576672E-02
1.13490939E-01  1.64499664E+00  5.71757816E-02
1.13878942E-01  1.63550568E+00  5.73779196E-02
1.14266945E-01  1.59580994E+00  5.78731298E-02
1.14654949E-01  1.55888367E+00  5.80676720E-02
1.15042952E-01  1.64166260E+00  5.82175069E-02
1.15430955E-01  1.63015747E+00  5.83447702E-02
1.15818958E-01  1.62553406E+00  5.84538728E-02
1.16206961E-01  1.63732147E+00  5.84961437E-02
1.16594965E-01  1.67475891E+00  5.85398898E-02
1.16982968E-01  1.55316925E+00  5.85875623E-02
1.17370971E-01  1.59889984E+00  5.86209781E-02
1.17758974E-01  1.57180023E+00  5.86670339E-02
1.18146977E-01  1.62935638E+00  5.86492755E-02
1.18534981E-01  1.56104279E+00  5.87003343E-02
1.18922984E-01  1.58014679E+00  5.86559176E-02
1.19310987E-01  1.57321930E+00  5.86819425E-02
1.19698990E-01  1.54985046E+00  5.86719625E-02
1.20086994E-01  1.61495209E+00  5.86725585E-02
1.20474997E-01  1.63130951E+00  5.86470701E-02
1.20863000E-01  1.55557251E+00  5.82958832E-02
1.21251003E-01  1.48224640E+00  5.76287620E-02
1.21639006E-01  1.59488678E+00  5.72539344E-02
1.22027010E-01  1.55490112E+00  5.69534041E-02
1.22415013E-01  1.58364868E+00  5.67242019E-02
1.22803016E-01  1.64241028E+00  5.64969778E-02
1.23191019E-01  1.59841156E+00  5.63031696E-02
1.23579022E-01  1.51251984E+00  5.60972877E-02
1.23967026E-01  1.52412415E+00  5.59288226E-02
1.24355029E-01  1.49317169E+00  5.57907745E-02
1.24743032E-01  1.56668854E+00  5.56116849E-02
1.25131035E-01  1.51124573E+00  5.54417595E-02
1.25519038E-01  1.52170563E+00  5.52768894E-02
1.25907042E-01  1.51168060E+00  5.51506877E-02
1.26295045E-01  1.58351898E+00  5.50051890E-02
1.26683048E-01  1.52854156E+00  5.52193373E-02
1.27071051E-01  1.50742340E+00  5.54526448E-02
1.27459054E-01  1.58283997E+00  5.56114130E-02
1.27847058E-01  1.50465393E+00  5.57285585E-02
1.28235061E-01  1.44026184E+00  5.58329113E-02
1.28623064E-01  1.52639771E+00  5.58643341E-02
1.29011067E-01  1.47954559E+00  5.59367612E-02
1.29399071E-01  1.49974823E+00  5.59402891E-02
1.29787074E-01  1.46507263E+00  5.59835471E-02
1.30175077E-01  1.47395325E+00  5.60129955E-02
1.30563080E-01  1.52018738E+00  5.60443327E-02
1.30951083E-01  1.50142670E+00  5.60359657E-02
1.31339087E-01  1.50715637E+00  5.60638383E-02
1.31727090E-01  1.66825867E+00  5.60716093E-02
1.32115093E-01  1.57736969E+00  5.60195148E-02
1.32503096E-01  1.50058746E+00  5.60141280E-02
1.32891099E-01  1.48038483E+00  5.59964702E-02
1.33279103E-01  1.48451996E+00  5.59723452E-02
1.33667106E-01  1.39861298E+00  5.56184687E-02
1.34055109E-01  1.39404297E+00  5.51822484E-02
1.34443112E-01  1.54592896E+00  5.49014509E-02
1.34831115E-01  1.56136322E+00  5.46245389E-02
1.35219119E-01  1.45605469E+00  5.44294678E-02
1.35607122E-01  1.36251831E+00  5.42373396E-02
1.35995125E-01  1.46022034E+00  5.39804809E-02
1.36383128E-01  1.50659180E+00  5.37973754E-02
1.36771132E-01  1.52712250E+00  5.36311194E-02
1.37159135E-01  1.40856934E+00  5.34712374E-02
1.37547138E-01  1.52805328E+00  5.33456579E-02
1.37935141E-01  1.45838928E+00  5.31787053E-02
1.38323144E-01  1.43246460E+00  5.30284531E-02
1.38711148E-01  1.47637177E+00  5.29032499E-02
1.39099151E-01  1.39386749E+00  5.27359694E-02
1.39487154E-01  1.33249664E+00  5.26147373E-02
1.39875157E-01  1.40167236E+00  5.24612106E-02
1.40263160E-01  1.49201965E+00  5.23435883E-02
1.40651164E-01  1.46044159E+00  5.22349365E-02
1.41039167E-01  1.46275330E+00  5.21340966E-02
1.41427170E-01  1.47485352E+00  5.20168766E-02
1.41815173E-01  1.53756714E+00  5.18944748E-02
1.42203176E-01  1.52508545E+00  5.17634861E-02
1.42591180E-01  1.38002014E+00  5.16637675E-02
1.42979183E-01  1.40967560E+00  5.15624434E-02
1.43367186E-01  1.36026764E+00  5.14583476E-02
1.43755189E-01  1.37292480E+00  5.13858497E-02
1.44143193E-01  1.35091400E+00  5.12934998E-02
1.44531196E-01  1.34075928E+00  5.11739217E-02
1.44919199E-01  1.37863159E+00  5.10554276E-02
1.45307202E-01  1.45976257E+00  5.09612598E-02
1.45695205E-01  1.40448761E+00  5.08360788E-02
1.46083209E-01  1.37686157E+00  5.07664606E-02
1.46471212E-01  1.40859985E+00  5.06586619E-02
1.46859215E-01  1.40780640E+00  5.05819842E-02
1.47247218E-01  1.33860779E+00  5.04681431E-02
1.47635221E-01  1.32621002E+00  5.03615923E-02
1.48023225E-01  1.32463074E+00  5.02409339E-02
1.48411228E-01  1.45247650E+00  5.01325093E-02
1.48799231E-01  1.41788483E+00  4.99776788E-02
1.49187234E-01  1.41600037E+00  4.98115048E-02
1.49575237E-01  1.39141083E+00  4.97043915E-02
1.49963241E-01  1.37525940E+00  4.95837778E-02
1.50351244E-01  1.40528107E+00  4.94784676E-02
1.50739247E-01  1.37699127E+00  4.93954979E-02
1.51127250E-01  1.26026154E+00  4.93028201E-02
1.51515254E-01  1.32647705E+00  4.92157079E-02
1.51903257E-01  1.37735748E+00  4.91244718E-02
1.52291260E-01  1.28311920E+00  4.90378849E-02
1.52679263E-01  1.36167145E+00  4.89571318E-02
1.53067266E-01  1.37333679E+00  4.88721021E-02
1.53455270E-01  1.36497498E+00  4.88095321E-02
1.53843273E-01  1.29939270E+00  4.87518385E-02
1.54231276E-01  1.27478027E+00  4.87292558E-02
1.54619279E-01  1.32476807E+00  4.86860536E-02
1.55007282E-01  1.34265137E+00  4.86354642E-02
1.55395286E-01  1.36371613E+00  4.85663228E-02
1.55783289E-01  1.28929901E+00  4.84960787E-02
1.56171292E-01  1.34224701E+00  4.84342799E-02
1.56559295E-01  1.30001068E+00  4.83335853E-02
1.56947298E-01  1.37277222E+00  4.82683405E-02
1.57335302E-01  1.36124420E+00  4.81827632E-02
1.57723305E-01  1.24198914E+00  4.81117181E-02
1.58111308E-01  1.29430389E+00  4.79962043E-02
1.58499311E-01  1.35386658E+00  4.78867963E-02
1.58887315E-01  1.42385864E+00  4.77645770E-02
1.59275318E-01  1.35204315E+00  4.76570837E-02
1.59663321E-01  1.32018280E+00  4.75579314E-02
1.60051324E-01  1.35546875E+00  4.74438630E-02
1.60439327E-01  1.26692200E+00  4.73743863E-02
1.60827331E-01  1.31134796E+00  4.72917743E-02
1.61215334E-01  1.33592224E+00  4.72310409E-02
1.61603337E-01  1.37133789E+00  4.71713841E-02
1.61991340E-01  1.24633026E+00  4.70833890E-02
1.62379343E-01  1.32419586E+00  4.70333397E-02
1.62767347E-01  1.26505280E+00  4.69647944E-02
1.63155350E-01  1.22306824E+00  4.68695350E-02
1.63543353E-01  1.27864075E+00  4.68257219E-02
1.63931356E-01  1.23767853E+00  4.68024202E-02
1.64319359E-01  1.25835419E+00  4.67320122E-02
1.64707363E-01  1.28636169E+00  4.67071123E-02
1.65095366E-01  1.26744080E+00  4.66581881E-02
1.65483369E-01  1.26985931E+00  4.66093831E-02
1.65871372E-01  1.27257538E+00  4.65494432E-02
1.66259376E-01  1.25405884E+00  4.64568771E-02
1.66647379E-01  1.26725769E+00  4.63943742E-02
1.67035382E-01  1.33133698E+00  4.63311858E-02
1.67423385E-01  1.32878113E+00  4.62503545E-02
1.67811388E-01  1.26908875E+00  4.61921915E-02
1.68199392E-01  1.25392914E+00  4.61021215E-02
1.68587395E-01  1.29095459E+00  4.60576117E-02
1.68975398E-01  1.22563171E+00  4.59985994E-02
1.69363401E-01  1.28682709E+00  4.59180400E-02
1.69751404E-01  1.31424713E+00  4.58394438E-02
1.70139408E-01  1.26255798E+00  4.57719266E-02
1.70527411E-01  1.32610321E+00  4.57366966E-02
1.70915414E-01  1.28623962E+00  4.56719324E-02
1.71303417E-01  1.22399902E+00  4.56040651E-02
1.71691420E-01  1.26683044E+00  4.55264747E-02
1.72079424E-01  1.26873016E+00  4.54750396E-02
1.72467427E-01  1.19620514E+00  4.54287529E-02
1.72855430E-01  1.21275330E+00  4.53462340E-02
1.73243433E-01  1.15778351E+00  4.52749580E-02
1.73631436E-01  1.27782440E+00  4.52088229E-02
1.74019440E-01  1.30257416E+00  4.51605320E-02
1.74407443E-01  1.31789398E+00  4.50899936E-02
1.74795446E-01  1.29837799E+00  4.50149551E-02
1.75183449E-01  1.22003937E+00  4.49552163E-02
1.75571453E-01  1.30722046E+00  4.48996015E-02
1.75959456E-01  1.25795746E+00  4.48350720E-02
1.76347459E-01  1.26952362E+00  4.47518826E-02
1.76735462E-01  1.27102661E+00  4.47213128E-02
1.77123465E-01  1.26321411E+00  4.46655862E-02
1.77511469E-01  1.21640778E+00  4.45940644E-02
1.77899472E-01  1.16571045E+00  4.45110239E-02
1.78287475E-01  1.20856476E+00  4.44500074E-02
1.78675478E-01  1.25625610E+00  4.43875156E-02
1.79063481E-01  1.13513947E+00  4.43184972E-02
1.79451485E-01  1.21510315E+00  4.42680307E-02
1.79839488E-01  1.27069855E+00  4.42080088E-02
1.80227491E-01  1.23476028E+00  4.41439189E-02
1.80615494E-01  1.25856018E+00  4.40759845E-02
1.81003497E-01  1.22504044E+00  4.40086611E-02
1.81391501E-01  1.18737793E+00  4.39529717E-02
1.81779504E-01  1.28996658E+00  4.38810773E-02
1.82167507E-01  1.30044556E+00  4.38481830E-02
1.82555510E-01  1.26676178E+00  4.37727049E-02
1.82943514E-01  1.24160767E+00  4.37080823E-02
1.83331517E-01  1.24388123E+00  4.36681397E-02
1.83719520E-01  1.12866974E+00  4.35830429E-02
1.84107523E-01  1.13700104E+00  4.35364321E-02
1.84495526E-01  1.19949722E+00  4.34710793E-02
1.84883530E-01  1.20993423E+00  4.34195250E-02
1.85271533E-01  1.23342896E+00  4.33584154E-02
1.85659536E-01  1.26933289E+00  4.32817973E-02
1.86047539E-01  1.14691544E+00  4.32558767E-02
1.86435542E-01  1.11864090E+00  4.31879684E-02
1.86823546E-01  1.19800949E+00  4.31410708E-02
1.87211549E-01  1.24111176E+00  4.30812575E-02
1.87599552E-01  1.14945602E+00  4.30368818E-02
1.87987555E-01  1.19937897E+00  4.29732651E-02
1.88375558E-01  1.23516846E+00  4.29357365E-02
1.88763562E-01  1.21505356E+00  4.28688750E-02
1.89151565E-01  1.18149185E+00  4.28160951E-02
1.89539568E-01  1.19049072E+00  4.27604616E-02
1.89927571E-01  1.25662613E+00  4.26992364E-02
1.90315575E-01  1.16542435E+00  4.26417738E-02
1.90703578E-01  1.18993378E+00  4.26061191E-02
1.91091581E-01  1.17824554E+00  4.25343588E-02
1.91479584E-01  1.16630936E+00  4.24871705E-02
1.91867587E-01  1.15757751E+00  4.24446985E-02
1.92255591E-01  1.14834976E+00  4.23706360E-02
1.92643594E-01  1.23753738E+00  4.23295610E-02
1.93031597E-01  1.24728775E+00  4.22789007E-02
1.93419600E-01  1.18205643E+00  4.22245115E-02
1.93807603E-01  1.27151489E+00  4.21665572E-02
1.94195607E-01  1.17070007E+00  4.20937836E-02
1.94583610E-01  1.16883469E+00  4.20635566E-02
1.94971613E-01  1.21480179E+00  4.19992059E-02
1.95359616E-01  1.24781036E+00  4.19463404E-02
1.95747619E-01  1.14770126E+00  4.18928340E-02
1.96135623E-01  1.19844818E+00  4.19258364E-02
1.96523626E-01  1.19000626E+00  4.22025509E-02
1.96911629E-01  1.14359665E+00  4.23606001E-02
1.97299632E-01  1.16476822E+00  4.24900912E-02
1.97687636E-01  1.17287445E+00  4.25604284E-02
1.98075639E-01  1.16378403E+00  4.26002145E-02
1.98463642E-01  1.13471985E+00  4.26716767E-02
1.98851645E-01  1.16584778E+00  4.27086875E-02
1.99239648E-01  1.12384415E+00  4.27590571E-02
1.99627652E-01  1.14819717E+00  4.27846126E-02
2.00015655E-01  1.17013550E+00  4.28123400E-02
2.00403658E-01  1.11786270E+00  4.28456068E-02
2.00791661E-01  1.12923431E+00  4.28655036E-02
2.01179664E-01  1.18758774E+00  4.28828746E-02
2.01567668E-01  1.12873077E+00  4.28974479E-02
2.01955671E-01  1.16222763E+00  4.29419726E-02
2.02343674E-01  1.21491241E+00  4.29583788E-02
2.02731677E-01  1.19580460E+00  4.29495499E-02
2.03119680E-01  1.16912842E+00  4.28440943E-02
2.03507684E-01  1.16745377E+00  4.25006673E-02
2.03895687E-01  1.18968582E+00  4.22970764E-02
2.04283690E-01  1.18229294E+00  4.21440378E-02
2.04671693E-01  1.20940781E+00  4.19834331E-02
2.05059697E-01  1.14027023E+00  4.18836251E-02
2.05447700E-01  1.15121078E+00  4.17787880E-02
2.05835703E-01  1.20437622E+00  4.16759737E-02
2.06223706E-01  1.15930176E+00  4.15727459E-02
2.06611709E-01  1.19479370E+00  4.14721482E-02
2.06999713E-01  1.17064667E+00  4.14079130E-02
2.07387716E-01  1.15135574E+00  4.13250178E-02
2.07775719E-01  1.18324280E+00  4.12528142E-02
2.08163722E-01  1.15190125E+00  4.11703587E-02
2.08551725E-01  1.16235352E+00  4.11089174E-02
2.08939729E-01  1.16939545E+00  4.11977060E-02
2.09327732E-01  1.14865112E+00  4.13698852E-02
2.09715735E-01  1.15529633E+00  4.14767489E-02
2.10103738E-01  1.17452240E+00  4.15645093E-02
2.10491741E-01  1.19099426E+00  4.16107699E-02
2.10879745E-01  1.07701874E+00  4.16816622E-02
2.11267748E-01  1.15122986E+00  4.17127460E-02
2.11655751E-01  1.20007324E+00  4.17369008E-02
2.12043754E-01  1.17637634E+00  4.17785943E-02
2.12431757E-01  1.09118652E+00  4.17861007E-02
2.12819761E-01  1.12674713E+00  4.18171436E-02
2.13207764E-01  1.18848038E+00  4.18195464E-02
2.13595767E-01  1.12092590E+00  4.18198295E-02
2.13983770E-01  1.19217682E+00  4.18442897E-02
2.14371774E-01  1.26934052E+00  4.18375731E-02
2.14759777E-01  1.16529846E+00  4.18482013E-02
2.15147780E-01  1.20080566E+00  4.18434069E-02
2.15535783E-01  1.15868378E+00  4.18618917E-02
2.15923786E-01  1.12611771E+00  4.16934788E-02
2.16311790E-01  1.08138275E+00  4.14144211E-02
2.16699793E-01  1.09730148E+00  4.12384421E-02
2.17087796E-01  1.13971329E+00  4.10883203E-02
2.17475799E-01  1.22920227E+00  4.09718826E-02
2.17863802E-01  1.15351868E+00  4.08501551E-02
2.18251806E-01  1.18195724E+00  4.07047085E-02
2.18639809E-01  1.19170380E+00  4.05806638E-02
2.19027812E-01  1.14992905E+00  4.04508710E-02
2.19415815E-01  1.16777802E+00  4.03556526E-02
2.19803818E-01  1.23183823E+00  4.02654149E-02
2.20191822E-01  1.13822556E+00  4.01837081E-02
2.20579825E-01  1.12851334E+00  4.01184596E-02
2.20967828E-01  1.14222717E+00  4.00545597E-02
2.21355831E-01  1.14591980E+00  3.99726592E-02
2.21743835E-01  1.11170959E+00  3.99065278E-02
2.22131838E-01  1.10079193E+00  3.98494117E-02
2.22519841E-01  1.12899399E+00  3.97735201E-02
2.22907844E-01  1.14149475E+00  3.97043899E-02
2.23295847E-01  1.17163849E+00  3.96507643E-02
2.23683851E-01  1.10174942E+00  3.95775400E-02
2.24071854E-01  1.12745285E+00  3.95306163E-02
2.24459857E-01  1.09475708E+00  3.95014957E-02
2.24847860E-01  1.12208939E+00  3.94564122E-02
2.25235863E-01  1.17020035E+00  3.94482352E-02
2.25623867E-01  1.11407852E+00  3.93910334E-02
2.26011870E-01  1.09970856E+00  3.93451974E-02
2.26399873E-01  1.09991455E+00  3.92863825E-02
2.26787876E-01  1.07875443E+00  3.92294936E-02
2.27175879E-01  1.09213257E+00  3.91688943E-02
2.27563883E-01  1.12296295E+00  3.91141735E-02
2.27951886E-01  1.08664322E+00  3.90642583E-02
2.28339889E-01  1.08917618E+00  3.90047841E-02
2.28727892E-01  1.14299774E+00  3.89476009E-02
2.29115896E-01  1.16379166E+00  3.88837457E-02
2.29503899E-01  1.20218277E+00  3.88138331E-02
2.29891902E-01  1.16381073E+00  3.87467779E-02
2.30279905E-01  1.10990524E+00  3.86694893E-02
2.30667908E-01  1.13229752E+00  3.85916270E-02
2.31055912E-01  1.16663742E+00  3.85463350E-02
2.31443915E-01  1.11075211E+00  3.85007821E-02
2.31831918E-01  1.12934113E+00  3.84739935E-02
2.32219921E-01  1.12440109E+00  3.84041853E-02
2.32607924E-01  1.12293625E+00  3.83432433E-02
2.32995928E-01  1.13056183E+00  3.82926911E-02
2.33383931E-01  1.09397125E+00  3.82457748E-02
2.33771934E-01  1.13749313E+00  3.81905213E-02
2.34159937E-01  1.08648300E+00  3.81403454E-02
2.34547940E-01  1.09336853E+00  3.81012969E-02
2.34935944E-01  1.15833664E+00  3.80629003E-02
2.35323947E-01  1.11089706E+00  3.80234607E-02
2.35711950E-01  1.10538483E+00  3.79830226E-02
2.36099953E-01  1.03639603E+00  3.79603989E-02
2.36487957E-01  1.14006805E+00  3.79518010E-02
2.36875960E-01  1.13126373E+00  3.79201919E-02
2.37263963E-01  1.12972260E+00  3.78850326E-02
2.37651966E-01  1.11333084E+00  3.78367491E-02
2.38039969E-01  1.12107468E+00  3.77948359E-02
2.38427973E-01  1.17973709E+00  3.77451777E-02
2.38815976E-01  1.14802551E+00  3.77017669E-02
2.39203979E-01  1.12790680E+00  3.76602672E-02
2.39591982E-01  1.08385849E+00  3.76308113E-02
2.39979985E-01  1.10453796E+00  3.75840962E-02
2.40367989E-01  1.10836029E+00  3.75439897E-02
2.40755992E-01  1.13238144E+00  3.74730229E-02
2.41143995E-01  1.10802841E+00  3.74361984E-02
2.41531998E-01  1.14032364E+00  3.73884253E-02
2.41920001E-01  1.11526871E+00  3.73491384E-02
2.42308005E-01  1.09495544E+00  3.73091474E-02
2.42696008E-01  1.10959625E+00  3.72787341E-02
2.43084011E-01  1.10117722E+00  3.72302011E-02
2.43472014E-01  1.11240387E+00  3.71837355E-02
2.43860018E-01  1.09925461E+00  3.71516533E-02
2.44248021E-01  1.09878922E+00  3.71034220E-02
2.44636024E-01  1.08388519E+00  3.70701812E-02
2.45024027E-01  1.10741043E+00  3.70302014E-02
2.45412030E-01  1.13479996E+00  3.69938128E-02
2.45800034E-01  1.05769730E+00  3.69650871E-02
2.46188037E-01  1.06229019E+00  3.69147882E-02
2.46576040E-01  1.04198837E+00  3.68482620E-02
2.46964043E-01  1.05918121E+00  3.68169062E-02
2.47352046E-01  1.08805847E+00  3.67760621E-02
2.47740050E-01  1.08208084E+00  3.67302522E-02
2.48128053E-01  1.08595657E+00  3.66916284E-02
2.48516056E-01  1.10371399E+00  3.66552770E-02
2.48904059E-01  1.12180710E+00  3.66201550E-02
2.49292062E-01  1.10277557E+00  3.65537442E-02
2.49680066E-01  1.11255264E+00  3.65200266E-02
2.50068069E-01  1.07906342E+00  3.64916995E-02
2.50456072E-01  1.08469009E+00  3.64553370E-02
2.50844075E-01  1.19967651E+00  3.63985673E-02
2.51232079E-01  1.06795502E+00  3.63739543E-02
2.51620082E-01  1.04604721E+00  3.63162197E-02
2.52008085E-01  1.08894348E+00  3.62877883E-02
2.52396088E-01  1.16212082E+00  3.62506993E-02
2.52784091E-01  1.11644745E+00  3.62181552E-02
2.53172095E-01  1.05532455E+00  3.61787900E-02
2.53560098E-01  1.02029419E+00  3.61366868E-02
2.53948101E-01  1.02632523E+00  3.60887796E-02
2.54336104E-01  1.12459183E+00  3.60462405E-02
2.54724107E-01  1.05325699E+00  3.60265039E-02
2.55112111E-01  1.10931396E+00  3.59961241E-02
2.55500114E-01  1.09156799E+00  3.59455198E-02
2.55888117E-01  1.08863831E+00  3.58951911E-02
2.56276120E-01  1.06006241E+00  3.58586647E-02
2.56664123E-01  1.08041000E+00  3.58199701E-02
2.57052127E-01  1.07668304E+00  3.57941091E-02
2.57440130E-01  1.03677368E+00  3.57430130E-02
2.57828133E-01  1.10553360E+00  3.57152410E-02
2.58216136E-01  1.13370132E+00  3.56769934E-02
2.58604139E-01  1.13890839E+00  3.56378332E-02
2.58992143E-01  1.12714386E+00  3.55984569E-02
2.59380146E-01  1.13558960E+00  3.55645604E-02
2.59768149E-01  1.11021805E+00  3.55385169E-02
2.60156152E-01  1.06595993E+00  3.55092660E-02
2.60544156E-01  1.08860779E+00  3.54580693E-02
2.60932159E-01  1.13463211E+00  3.54207456E-02
2.61320162E-01  1.11916733E+00  3.53988335E-02
2.61708165E-01  1.09070587E+00  3.53642777E-02
2.62096168E-01  1.11570740E+00  3.53436582E-02
2.62484172E-01  1.11005402E+00  3.52872871E-02
2.62872175E-01  1.16912079E+00  3.52406502E-02
2.63260178E-01  1.02659225E+00  3.52269001E-02
2.63648181E-01  1.12677765E+00  3.51780504E-02
2.64036184E-01  1.04610062E+00  3.51425409E-02
2.64424188E-01  1.10266113E+00  3.51222865E-02
2.64812191E-01  1.04538345E+00  3.50905247E-02
2.65200194E-01  1.13730621E+00  3.50266583E-02
2.65588197E-01  1.10865402E+00  3.50021012E-02
2.65976200E-01  1.03248215E+00  3.49611044E-02
2.66364204E-01  1.04604340E+00  3.49335074E-02
2.66752207E-01  1.05264282E+00  3.48970592E-02
2.67140210E-01  1.07344818E+00  3.48595344E-02
2.67528213E-01  1.10184479E+00  3.48407850E-02
2.67916217E-01  1.04397583E+00  3.47966366E-02
2.68304220E-01  1.04736328E+00  3.47754396E-02
2.68692223E-01  1.11207581E+00  3.47428843E-02
2.69080226E-01  1.12010956E+00  3.46902981E-02
2.69468229E-01  1.08813095E+00  3.46539989E-02
2.69856233E-01  1.06772614E+00  3.46264057E-02
2.70244236E-01  1.13247299E+00  3.45968604E-02
2.70632239E-01  1.07933807E+00  3.45628373E-02
2.71020242E-01  1.11385727E+00  3.45198996E-02
2.71408245E-01  1.03257751E+00  3.44939418E-02
2.71796249E-01  1.11802292E+00  3.44535820E-02
2.72184252E-01  1.05589676E+00  3.44335809E-02
2.72572255E-01  1.06500626E+00  3.43984365E-02
2.72960258E-01  1.05624771E+00  3.43525521E-02
2.73348261E-01  1.09766388E+00  3.43239978E-02
2.73736265E-01  1.06557465E+00  3.42961997E-02
2.74124268E-01  1.03247070E+00  3.42620201E-02
2.74512271E-01  1.09001541E+00  3.42258476E-02
2.74900274E-01  1.09898758E+00  3.41968685E-02
2.75288278E-01  1.09166336E+00  3.41646224E-02
2.75676281E-01  1.07387161E+00  3.41235697E-02
2.76064284E-01  1.08811569E+00  3.41025405E-02
2.76452287E-01  1.06111145E+00  3.40683945E-02
2.76840290E-01  1.04354858E+00  3.40302736E-02
2.77228294E-01  1.03628540E+00  3.39934193E-02
2.77616297E-01  1.07541656E+00  3.39758620E-02
2.78004300E-01  9.85740662E-01  3.39342020E-02
2.78392303E-01  9.88330841E-01  3.39800790E-02
2.78780306E-01  1.02875519E+00  3.41567546E-02
2.79168310E-01  1.06410980E+00  3.42745893E-02
2.79556313E-01  1.07192993E+00  3.43482830E-02
2.79944316E-01  1.05118942E+00  3.44050303E-02
2.80332319E-01  1.07782364E+00  3.44455242E-02
2.80720322E-01  1.07909012E+00  3.44846733E-02
2.81108326E-01  1.12303543E+00  3.45369764E-02
2.81496329E-01  1.03894424E+00  3.45583335E-02
2.81884332E-01  1.05773544E+00  3.45676616E-02
2.82272335E-01  1.07543945E+00  3.45959067E-02
2.82660339E-01  1.03478241E+00  3.46002653E-02
2.83048342E-01  9.78599548E-01  3.46293859E-02
2.83436345E-01  1.08941269E+00  3.46467011E-02
2.83824348E-01  1.14128113E+00  3.46694030E-02
2.84212351E-01  1.06967545E+00  3.46684121E-02
2.84600355E-01  1.08393478E+00  3.46748605E-02
2.84988358E-01  1.02953720E+00  3.47013436E-02
2.85376361E-01  1.08076859E+00  3.46192308E-02
2.85764364E-01  1.11434174E+00  3.43781672E-02
2.86152367E-01  1.12422180E+00  3.44242454E-02
2.86540371E-01  1.03553391E+00  3.45133170E-02
2.86928374E-01  1.05301285E+00  3.45366113E-02
2.87316377E-01  1.04911041E+00  3.47586460E-02
2.87704380E-01  1.00720978E+00  3.49489748E-02
2.88092383E-01  1.06467056E+00  3.50594744E-02
2.88480387E-01  1.04074097E+00  3.51507775E-02
2.88868390E-01  1.05754089E+00  3.52201797E-02
2.89256393E-01  1.02282333E+00  3.52532566E-02
2.89644396E-01  1.03031921E+00  3.52875963E-02
2.90032400E-01  1.02519608E+00  3.53258215E-02
2.90420403E-01  1.09549713E+00  3.53658274E-02
2.90808406E-01  1.14690781E+00  3.53995487E-02
2.91196409E-01  1.12223816E+00  3.55495736E-02
2.91584412E-01  1.04196930E+00  3.57938036E-02
2.91972416E-01  1.07891464E+00  3.60042602E-02
2.92360419E-01  1.07190323E+00  3.61749567E-02
2.92748422E-01  1.08355713E+00  3.63360122E-02
2.93136425E-01  1.06136703E+00  3.64720784E-02
2.93524428E-01  9.79747772E-01  3.66135724E-02
2.93912432E-01  1.00374222E+00  3.67325917E-02
2.94300435E-01  1.01611328E+00  3.68433297E-02
2.94688438E-01  1.04907990E+00  3.69244330E-02
2.95076441E-01  1.03997421E+00  3.69907245E-02
2.95464444E-01  1.04371262E+00  3.71139087E-02
2.95852448E-01  1.05430984E+00  3.72190028E-02
2.96240451E-01  1.07378006E+00  3.73120084E-02
2.96628454E-01  1.05161667E+00  3.74243520E-02
2.97016457E-01  1.09146881E+00  3.75021659E-02
2.97404460E-01  1.00708389E+00  3.76117826E-02
2.97792464E-01  1.03842545E+00  3.77022922E-02
2.98180467E-01  1.04043579E+00  3.78075205E-02
2.98568470E-01  1.10877228E+00  3.78919654E-02
2.98956473E-01  1.11213303E+00  3.79830897E-02
2.99344477E-01  1.07276535E+00  3.80813628E-02
2.99732480E-01  1.13332748E+00  3.81626077E-02
3.00120483E-01  1.04610062E+00  3.82349975E-02
3.00508486E-01  1.08172226E+00  3.83329391E-02
3.00896489E-01  1.07567596E+00  3.84261496E-02
3.01284493E-01  9.93392944E-01  3.85640785E-02
3.01672496E-01  1.07038879E+00  3.86544690E-02
3.02060499E-01  1.09403229E+00  3.87523212E-02
3.02448502E-01  1.07263565E+00  3.88269834E-02
3.02836505E-01  1.09065247E+00  3.89168188E-02
3.03224509E-01  1.01057434E+00  3.90246697E-02
3.03612512E-01  1.02992249E+00  3.90779972E-02
3.04000515E-01  1.08433151E+00  3.91376130E-02
3.04388518E-01  1.03810120E+00  3.92098501E-02
3.04776521E-01  1.03813934E+00  3.92859988E-02
3.05164525E-01  1.04040146E+00  3.93526666E-02
3.05552528E-01  1.00363541E+00  3.94394100E-02
3.05940531E-01  1.08067703E+00  3.94974723E-02
3.06328534E-01  1.05564499E+00  3.95370647E-02
3.06716538E-01  1.11573792E+00  3.95608731E-02
3.07104541E-01  1.07583618E+00  3.96090709E-02
3.07492544E-01  1.00210953E+00  3.96756344E-02
3.07880547E-01  1.05390549E+00  3.97590138E-02
3.08268550E-01  1.04413223E+00  3.97882834E-02
3.08656554E-01  9.45144653E-01  3.98151577E-02
3.09044557E-01  1.00814819E+00  3.98571119E-02
3.09432560E-01  9.60369110E-01  3.99054252E-02
3.09820563E-01  1.12589645E+00  3.99165116E-02
3.10208566E-01  1.05103683E+00  3.99431437E-02
3.10596570E-01  1.09025574E+00  3.99705358E-02
3.10984573E-01  1.06471252E+00  4.00145836E-02
3.11372576E-01  1.02272797E+00  4.00704890E-02
3.11760579E-01  1.05553818E+00  4.01122980E-02
3.12148582E-01  1.11905289E+00  4.02085856E-02
3.12536586E-01  1.01979828E+00  4.02639918E-02
3.12924589E-01  1.09482956E+00  4.03183550E-02
3.13312592E-01  1.03794861E+00  4.03531827E-02
3.13700595E-01  1.09151459E+00  4.03770618E-02
3.14088599E-01  1.03038025E+00  4.04140875E-02
3.14476602E-01  1.07884216E+00  4.04296294E-02
3.14864605E-01  1.10906601E+00  4.04616557E-02
3.15252608E-01  1.05910492E+00  4.04699370E-02
3.15640611E-01  9.92336273E-01  4.05005328E-02
3.16028615E-01  1.01598358E+00  4.05618660E-02
3.16416618E-01  1.06262207E+00  4.05741781E-02
3.16804621E-01  1.13537598E+00  4.06413712E-02
3.17192624E-01  1.04826355E+00  4.07079421E-02
3.17580627E-01  1.03273010E+00  4.07775231E-02
3.17968631E-01  1.05468750E+00  4.08258289E-02
3.18356634E-01  1.08350754E+00  4.08642292E-02
3.18744637E-01  1.03831100E+00  4.09160852E-02
3.19132640E-01  1.09059906E+00  4.09890898E-02
3.19520643E-01  1.06180191E+00  4.10230011E-02
3.19908647E-01  1.06173706E+00  4.10841294E-02
3.20296650E-01  1.01597977E+00  4.11487333E-02
3.20684653E-01  1.00981140E+00  4.12055291E-02
3.21072656E-01  9.97337341E-01  4.12546694E-02
3.21460660E-01  9.83165741E-01  4.13005054E-02
3.21848663E-01  9.89883423E-01  4.13692109E-02
3.22236666E-01  1.05493546E+00  4.14249375E-02
3.22624669E-01  1.10055161E+00  4.14826795E-02
3.23012672E-01  1.11089706E+00  4.15342413E-02
3.23400676E-01  1.06019592E+00  4.15901057E-02
3.23788679E-01  1.02248383E+00  4.16323878E-02
3.24176682E-01  1.01912308E+00  4.16930690E-02
3.24564685E-01  9.53227997E-01  4.17706035E-02
3.24952688E-01  9.62043762E-01  4.18201126E-02
3.25340692E-01  1.00538635E+00  4.18693312E-02
3.25728695E-01  1.12746048E+00  4.19604406E-02
3.26116698E-01  1.03255463E+00  4.20000367E-02
3.26504701E-01  9.96795654E-01  4.20330800E-02
3.26892704E-01  1.10520554E+00  4.20799628E-02
3.27280708E-01  1.08518219E+00  4.21356373E-02
3.27668711E-01  1.01801682E+00  4.21832018E-02
3.28056714E-01  1.03815079E+00  4.22691219E-02
3.28444717E-01  1.08293915E+00  4.23080847E-02
3.28832721E-01  1.08414841E+00  4.23779041E-02
3.29220724E-01  1.04729080E+00  4.24171649E-02
3.29608727E-01  9.99958038E-01  4.24502417E-02
3.29996730E-01  1.03121185E+00  4.25097309E-02
3.30384733E-01  1.03981781E+00  4.25632484E-02
3.30772737E-01  9.28470612E-01  4.26440015E-02
3.31160740E-01  1.01162720E+00  4.26937267E-02
3.31548743E-01  1.05490112E+00  4.27242927E-02
3.31936746E-01  1.02030182E+00  4.27964143E-02
3.32324749E-01  1.09079361E+00  4.28498574E-02
3.32712753E-01  1.09058380E+00  4.28678878E-02
3.33100756E-01  1.02196503E+00  4.29522023E-02
3.33488759E-01  9.96715546E-01  4.29924242E-02
3.33876762E-01  1.01123428E+00  4.30505238E-02
3.34264765E-01  9.93240356E-01  4.30885293E-02
3.34652769E-01  1.00743103E+00  4.31445539E-02
3.35040772E-01  1.03593826E+00  4.31963317E-02
3.35428775E-01  9.54566956E-01  4.32660617E-02
3.35816778E-01  1.02500916E+00  4.33012433E-02
3.36204781E-01  1.06444550E+00  4.33473587E-02
3.36592785E-01  1.04336166E+00  4.34123129E-02
3.36980788E-01  1.06505203E+00  4.34718281E-02
3.37368791E-01  1.04262161E+00  4.35243174E-02
3.37756794E-01  1.06776047E+00  4.35621962E-02
3.38144798E-01  9.82566833E-01  4.36045155E-02
3.38532801E-01  9.89681244E-01  4.36946526E-02
3.38920804E-01  1.02927017E+00  4.37269993E-02
3.39308807E-01  1.05099487E+00  4.37636673E-02
3.39696810E-01  9.37747955E-01  4.38248031E-02
3.40084814E-01  1.01358032E+00  4.39002588E-02
3.40472817E-01  1.08858490E+00  4.39481698E-02
3.40860820E-01  1.02308273E+00  4.40285280E-02
3.41248823E-01  1.07949829E+00  4.40793037E-02
3.41636826E-01  1.02890015E+00  4.40708585E-02
3.42024830E-01  1.01988602E+00  4.41516899E-02
3.42412833E-01  1.03474045E+00  4.41957861E-02
3.42800836E-01  1.03805161E+00  4.42431346E-02
3.43188839E-01  1.08636475E+00  4.43029553E-02
3.43576842E-01  1.05065918E+00  4.43448387E-02
3.43964846E-01  1.00564575E+00  4.43931259E-02
3.44352849E-01  1.04419327E+00  4.44628336E-02
3.44740852E-01  1.04508591E+00  4.45366204E-02
3.45128855E-01  1.00843430E+00  4.45681475E-02
3.45516859E-01  1.03147507E+00  4.45988439E-02
3.45904862E-01  1.00186539E+00  4.46506329E-02
3.46292865E-01  9.53437805E-01  4.47054096E-02
3.46680868E-01  9.86042023E-01  4.47493829E-02
3.47068871E-01  9.78172302E-01  4.47840840E-02
3.47456875E-01  9.97425079E-01  4.48125005E-02
3.47844878E-01  1.01322937E+00  4.48236838E-02
3.48232881E-01  1.06784058E+00  4.48399149E-02
3.48620884E-01  9.38133240E-01  4.48656157E-02
3.49008887E-01  9.76795197E-01  4.48595583E-02
3.49396891E-01  9.42218781E-01  4.48616408E-02
3.49784894E-01  1.03498459E+00  4.48822714E-02
3.50172897E-01  9.94586945E-01  4.48821820E-02
3.50560900E-01  9.84146118E-01  4.48943600E-02
3.50948903E-01  1.05387497E+00  4.48925048E-02
3.51336907E-01  1.03930664E+00  4.49457057E-02
3.51724910E-01  1.06006241E+00  4.49861437E-02
3.52112913E-01  1.05452728E+00  4.50414419E-02
3.52500916E-01  1.10622406E+00  4.50896099E-02
3.52888920E-01  1.03507614E+00  4.51208800E-02
3.53276923E-01  9.53689575E-01  4.51735109E-02
3.53664926E-01  1.04090500E+00  4.52555194E-02
3.54052929E-01  1.04524231E+00  4.52997871E-02
3.54440932E-01  9.36206818E-01  4.53403406E-02
3.54828936E-01  9.42256927E-01  4.53479700E-02
3.55216939E-01  1.02043915E+00  4.53450345E-02
3.55604942E-01  1.06786728E+00  4.53431308E-02
3.55992945E-01  1.04596329E+00  4.53819409E-02
3.56380948E-01  9.55146790E-01  4.53754179E-02
3.56768952E-01  1.03417206E+00  4.53885049E-02
3.57156955E-01  1.01905060E+00  4.54050116E-02
3.57544958E-01  1.03156662E+00  4.53953296E-02
3.57932961E-01  1.04561234E+00  4.54077423E-02
3.58320964E-01  9.91477966E-01  4.54147793E-02
3.58708968E-01  1.09250641E+00  4.54514138E-02
3.59096971E-01  1.08393478E+00  4.54811230E-02
3.59484974E-01  9.30896759E-01  4.55297716E-02
3.59872977E-01  1.01562500E+00  4.56124544E-02
3.60260981E-01  1.02057266E+00  4.56256047E-02
3.60648984E-01  9.75849152E-01  4.56943549E-02
3.61036987E-01  9.53807831E-01  4.61168140E-02
3.61424990E-01  1.01758575E+00  4.68823798E-02
3.61812993E-01  1.04432297E+00  4.73792516E-02
3.62200997E-01  9.79957581E-01  4.77632917E-02
3.62589000E-01  9.30568695E-01  4.81354147E-02
3.62977003E-01  9.82738495E-01  4.84004878E-02
3.63365006E-01  1.06863403E+00  4.87018488E-02
3.63753009E-01  1.00574875E+00  4.89905439E-02
3.64141013E-01  9.86156464E-01  4.92659919E-02
3.64529016E-01  9.43675995E-01  4.95209284E-02
3.64917019E-01  1.04107285E+00  4.97693457E-02
3.65305022E-01  1.07529831E+00  5.00209853E-02
3.65693025E-01  9.85385895E-01  5.02685457E-02
3.66081029E-01  1.03673553E+00  5.05148880E-02
3.66469032E-01  1.08903122E+00  5.07989638E-02
3.66857035E-01  1.02242661E+00  5.10369465E-02
3.67245038E-01  1.00001144E+00  5.12918159E-02
3.67633042E-01  1.07606125E+00  5.14981411E-02
3.68021045E-01  1.08345795E+00  5.17702103E-02
3.68409048E-01  1.03838730E+00  5.19885123E-02
3.68797051E-01  9.72911835E-01  5.22188991E-02
3.69185054E-01  8.76205444E-01  5.24635576E-02
3.69573058E-01  9.91291046E-01  5.26996478E-02
3.69961061E-01  1.02536392E+00  5.29381260E-02
3.70349064E-01  1.03729248E+00  5.31429574E-02
3.70737067E-01  1.02332687E+00  5.33613190E-02
3.71125070E-01  1.08174133E+00  5.35913482E-02
3.71513074E-01  1.04937744E+00  5.38360067E-02
3.71901077E-01  1.02913284E+00  5.40824831E-02
3.72289080E-01  9.30252075E-01  5.43097630E-02
3.72677083E-01  1.04050064E+00  5.45446239E-02
3.73065086E-01  1.09494019E+00  5.47989458E-02
3.73453090E-01  1.06496811E+00  5.48901819E-02
3.73841093E-01  9.74590302E-01  5.50007485E-02
3.74229096E-01  1.08411026E+00  5.52306063E-02
3.74617099E-01  1.04440308E+00  5.54557927E-02
3.75005103E-01  9.18708801E-01  5.56692146E-02
3.75393106E-01  9.39163208E-01  5.58766574E-02
3.75781109E-01  1.04046631E+00  5.61002567E-02
3.76169112E-01  1.02026749E+00  5.63480482E-02
3.76557115E-01  1.01351547E+00  5.66287152E-02
3.76945119E-01  1.02774048E+00  5.68383187E-02
3.77333122E-01  9.30747986E-01  5.70873395E-02
3.77721125E-01  1.04934692E+00  5.73304296E-02
3.78109128E-01  9.78874207E-01  5.75432256E-02
3.78497131E-01  1.02713013E+00  5.78349940E-02
3.78885135E-01  1.03952789E+00  5.80752976E-02
3.79273138E-01  9.82044220E-01  5.83383068E-02
3.79661141E-01  1.03957748E+00  5.85994273E-02
3.80049144E-01  9.04788971E-01  5.88202067E-02
3.80437147E-01  1.03609085E+00  5.91438115E-02
3.80825151E-01  9.10892487E-01  5.93421981E-02
3.81213154E-01  9.71130371E-01  5.96178584E-02
3.81601157E-01  1.11174011E+00  5.98638095E-02
3.81989160E-01  1.09615326E+00  6.01473860E-02
3.82377163E-01  9.20681000E-01  6.04531839E-02
3.82765167E-01  8.76995087E-01  6.06951043E-02
3.83153170E-01  9.96387482E-01  6.10047244E-02
3.83541173E-01  1.02831268E+00  6.12657815E-02
3.83929176E-01  9.93427277E-01  6.15342148E-02
3.84317180E-01  8.78585815E-01  6.17953762E-02
3.84705183E-01  9.71824646E-01  6.20810799E-02
3.85093186E-01  1.02257919E+00  6.23866841E-02
3.85481189E-01  1.06444168E+00  6.26754463E-02
3.85869192E-01  9.99355316E-01  6.29497841E-02
3.86257196E-01  1.08505249E+00  6.32430464E-02
3.86645199E-01  9.96376038E-01  6.35499135E-02
3.87033202E-01  9.74044800E-01  6.38534054E-02
3.87421205E-01  9.92088318E-01  6.41962364E-02
3.87809208E-01  9.82429504E-01  6.45037740E-02
3.88197212E-01  9.86022949E-01  6.47781491E-02
3.88585215E-01  9.22142029E-01  6.50996193E-02
3.88973218E-01  1.06550980E+00  6.53732866E-02
3.89361221E-01  1.01515198E+00  6.57284930E-02
3.89749224E-01  1.08422470E+00  6.60615042E-02
3.90137228E-01  1.09140015E+00  6.63660020E-02
3.90525231E-01  1.03000641E+00  6.67629465E-02
3.90913234E-01  9.98786926E-01  6.70430437E-02
3.91301237E-01  9.76932526E-01  6.74043894E-02
3.91689241E-01  1.10378647E+00  6.77155852E-02
3.92077244E-01  9.29759979E-01  6.80643544E-02
3.92465247E-01  9.69276428E-01  6.84468970E-02
3.92853250E-01  9.88059998E-01  6.87687919E-02
3.93241253E-01  1.02247620E+00  6.91658258E-02
3.93629257E-01  9.56493378E-01  6.95531741E-02
3.94017260E-01  1.00672150E+00  6.99232072E-02
3.94405263E-01  9.34291840E-01  7.03172535E-02
3.94793266E-01  9.37374115E-01  7.07174093E-02
3.95181269E-01  9.93972778E-01  7.11372122E-02
3.95569273E-01  9.57405090E-01  7.14920759E-02
3.95957276E-01  8.84635925E-01  7.19146878E-02
3.96345279E-01  1.04870605E+00  7.23459646E-02
3.96733282E-01  1.04327011E+00  7.27385581E-02
3.97121285E-01  1.01462936E+00  7.31332824E-02
3.97509289E-01  9.61452484E-01  7.35296011E-02
3.97897292E-01  1.02274704E+00  7.39801452E-02
3.98285295E-01  9.38877106E-01  7.44010732E-02
3.98673298E-01  9.83871460E-01  7.48691037E-02
3.99061302E-01  1.04940796E+00  7.52985030E-02
3.99449305E-01  9.13333893E-01  7.56406039E-02
3.99837308E-01  1.09294891E+00  7.60399699E-02
4.00225311E-01  9.57283020E-01  7.62114525E-02
4.00613314E-01  9.70062256E-01  7.64614269E-02
4.01001318E-01  1.07933426E+00  7.67335743E-02
4.01389321E-01  1.17333603E+00  7.70196915E-02
4.01777324E-01  1.01647568E+00  7.73533955E-02
4.02165327E-01  1.02423096E+00  7.75505304E-02
4.02553330E-01  1.20295334E+00  7.78568238E-02
4.02941334E-01  9.17873383E-01  7.81599805E-02
4.03329337E-01  9.42050934E-01  7.84094557E-02
4.03717340E-01  1.06455612E+00  7.87191913E-02
4.04105343E-01  9.76551056E-01  7.91067332E-02
4.04493346E-01  1.09436417E+00  7.95600936E-02
4.04881350E-01  1.08354568E+00  8.00522640E-02
4.05269353E-01  1.10506058E+00  8.05731192E-02
4.05657356E-01  1.02668381E+00  8.11159387E-02
4.06045359E-01  1.05926132E+00  8.17228407E-02
4.06433363E-01  1.15843582E+00  8.23027194E-02
4.06821366E-01  1.02262497E+00  8.29485059E-02
4.07209369E-01  1.15093994E+00  8.34819749E-02
4.07597372E-01  1.05863953E+00  8.41029510E-02
4.07985375E-01  9.53166962E-01  8.46439376E-02
4.08373379E-01  9.66381073E-01  8.51037502E-02
4.08761382E-01  1.00847244E+00  8.55300575E-02
4.09149385E-01  9.20661926E-01  8.58794227E-02
4.09537388E-01  1.07396698E+00  8.62449929E-02
4.09925391E-01  1.11617661E+00  8.65662992E-02
4.10313395E-01  1.04755783E+00  8.69071558E-02
4.10701398E-01  1.06352234E+00  8.73574466E-02
4.11089401E-01  1.12317657E+00  8.76772478E-02
4.11477404E-01  1.03048325E+00  8.81383345E-02
4.11865407E-01  1.07761765E+00  8.84021521E-02
4.12253411E-01  1.03786850E+00  8.89166892E-02
4.12641414E-01  9.77783203E-01  8.92648101E-02
4.13029417E-01  9.16290283E-01  8.95968229E-02
4.13417420E-01  8.67053986E-01  9.00452286E-02
4.13805424E-01  8.79848480E-01  9.04008448E-02
4.14193427E-01  8.98235321E-01  9.08330455E-02
4.14581430E-01  8.64227295E-01  9.12694260E-02
4.14969433E-01  8.38550568E-01  9.16429907E-02
4.15357436E-01  1.15644836E+00  9.20967981E-02
4.15745440E-01  9.07527924E-01  9.24912542E-02
4.16133443E-01  9.62043762E-01  9.29828584E-02
4.16521446E-01  8.78364563E-01  9.34567004E-02
4.16909449E-01  9.14741516E-01  9.39220116E-02
4.17297452E-01  1.04504776E+00  9.43192169E-02
4.17685456E-01  1.06750870E+00  9.47726741E-02
4.18073459E-01  1.08113861E+00  9.52562094E-02
4.18461462E-01  1.14471436E+00  9.55863297E-02
4.18849465E-01  9.02107239E-01  9.61861983E-02
4.19237468E-01  9.37641144E-01  9.66643021E-02
4.19625472E-01  1.16397858E+00  9.71056893E-02
4.20013475E-01  1.02612686E+00  9.76051167E-02
4.20401478E-01  8.56594086E-01  9.81527492E-02
4.20789481E-01  1.07400513E+00  9.86084566E-02
4.21177484E-01  9.43084717E-01  9.90831628E-02
4.21565488E-01  8.92990112E-01  9.96457040E-02
4.21953491E-01  9.96101379E-01  1.00143015E-01
4.22341494E-01  1.10964584E+00  1.00728132E-01
4.22729497E-01  1.19965744E+00  1.01164654E-01
4.23117501E-01  9.06288147E-01  1.01827256E-01
4.23505504E-01  8.60443115E-01  1.02259472E-01
4.23893507E-01  9.14463043E-01  1.02825053E-01
4.24281510E-01  8.64910126E-01  1.03454843E-01
4.24669513E-01  7.89295197E-01  1.04033835E-01
4.25057517E-01  9.10068512E-01  1.04660727E-01
4.25445520E-01  9.25537109E-01  1.05274357E-01
4.25833523E-01  1.06219101E+00  1.05931818E-01
4.26221526E-01  1.24161911E+00  1.06559314E-01
4.26609529E-01  1.21054077E+00  1.07213587E-01
4.26997533E-01  9.70462799E-01  1.07770436E-01
4.27385536E-01  1.08872604E+00  1.08402513E-01
4.27773539E-01  9.32411194E-01  1.08979367E-01
4.28161542E-01  1.08561707E+00  1.09671116E-01
4.28549545E-01  1.11956024E+00  1.10397786E-01
4.28937549E-01  8.02978516E-01  1.11192904E-01
4.29325552E-01  8.72833252E-01  1.11860715E-01
4.29713555E-01  7.56156921E-01  1.12720773E-01
4.30101558E-01  9.50305939E-01  1.13391392E-01


### HEADER:
#
#{
#    "analysis": {},
#    "calibration_params": {
#        "Beam_Center_X": 739.0457667593599,
#        "Beam_Center_Y": 749.1905114608388,
#        "Detector Tilt": 0.2562910903638858,
#        "Detector Tilt Plane Rotation": 132.57722223850126,
#        "Detector_X_Pixel_Size": 172.0,
#        "Detector_Y_Pixel_Size": 172.0,
#        "Integration Method": "full_csr",
#        "Radial_Average_Method": "pyFAI",
#        "Sample-to-detector distance (mm)": 2690.0,
#        "Wavelength (A)": 1.0332016536100022
#    },
#    "config_file": "C:\\Users\\biosaxs\\Desktop\\userdata\\cfg\\20231104.cfg",
#    "counters": {
#        "Code": "",
#        "Exposure_time_s": "1.0",
#        "SAXS_Position": "saxs",
#        "Wavelength_nm": "0.1033nm"
#    },
#    "filename": "S_A_Ecoli_25_0003_00020",
#    "history": {
#        "subtraction": {
#            "initial_file": [
#                "A_Ecoli_25_0003_00020",
#                {
#                    "averaged_files": [
#                        [
#                            "Ecoli_25_0003_00020.tif"
#                        ],
#                        [
#                            "Ecoli_25_0003_00019.tif"
#                        ],
#                        [
#                            "Ecoli_25_0003_00018.tif"
#                        ],
#                        [
#                            "Ecoli_25_0003_00017.tif"
#                        ],
#                        [
#                            "Ecoli_25_0003_00016.tif"
#                        ],
#                        [
#                            "Ecoli_25_0003_00015.tif"
#                        ],
#                        [
#                            "Ecoli_25_0003_00014.tif"
#                        ],
#                        [
#                            "Ecoli_25_0003_00013.tif"
#                        ],
#                        [
#                            "Ecoli_25_0003_00012.tif"
#                        ],
#                        [
#                            "Ecoli_25_0003_00011.tif"
#                        ],
#                        [
#                            "Ecoli_25_0003_00010.tif"
#                        ],
#                        [
#                            "Ecoli_25_0003_00009.tif"
#                        ],
#                        [
#                            "Ecoli_25_0003_00008.tif"
#                        ],
#                        [
#                            "Ecoli_25_0003_00007.tif"
#                        ],
#                        [
#                            "Ecoli_25_0003_00006.tif"
#                        ],
#                        [
#                            "Ecoli_25_0003_00005.tif"
#                        ],
#                        [
#                            "Ecoli_25_0003_00004.tif"
#                        ],
#                        [
#                            "Ecoli_25_0003_00003.tif"
#                        ],
#                        [
#                            "Ecoli_25_0003_00002.tif"
#                        ],
#                        [
#                            "Ecoli_25_0003_00001.tif"
#                        ]
#                    ]
#                }
#            ],
#            "subtracted_file": [
#                "A_buffer_0002_00020",
#                {
#                    "averaged_files": [
#                        [
#                            "buffer_0002_00020.tif"
#                        ],
#                        [
#                            "buffer_0002_00019.tif"
#                        ],
#                        [
#                            "buffer_0002_00018.tif"
#                        ],
#                        [
#                            "buffer_0002_00017.tif"
#                        ],
#                        [
#                            "buffer_0002_00016.tif"
#                        ],
#                        [
#                            "buffer_0002_00015.tif"
#                        ],
#                        [
#                            "buffer_0002_00014.tif"
#                        ],
#                        [
#                            "buffer_0002_00013.tif"
#                        ],
#                        [
#                            "buffer_0002_00012.tif"
#                        ],
#                        [
#                            "buffer_0002_00011.tif"
#                        ],
#                        [
#                            "buffer_0002_00010.tif"
#                        ],
#                        [
#                            "buffer_0002_00009.tif"
#                        ],
#                        [
#                            "buffer_0002_00008.tif"
#                        ],
#                        [
#                            "buffer_0002_00007.tif"
#                        ],
#                        [
#                            "buffer_0002_00006.tif"
#                        ],
#                        [
#                            "buffer_0002_00005.tif"
#                        ],
#                        [
#                            "buffer_0002_00004.tif"
#                        ],
#                        [
#                            "buffer_0002_00003.tif"
#                        ],
#                        [
#                            "buffer_0002_00002.tif"
#                        ],
#                        [
#                            "buffer_0002_00001.tif"
#                        ]
#                    ]
#                }
#            ]
#        }
#    },
#    "imageHeader": {
#        "Alpha": "0.0000 deg.",
#        "Angle_increment": "0.1000 deg.",
#        "Beam_xy": "(0.00, 0.00) pixels",
#        "Chi": "0.0000 deg.",
#        "Count_cutoff": "1157021 counts",
#        "Detector_2theta": "0.0000 deg.",
#        "Detector_Voffset": "0.00000 m",
#        "Detector_distance": "1.00000 m",
#        "Energy_range": "(0, 0) eV",
#        "Excluded_pixels": "badpix_mask.tif",
#        "Exposure_period": "1.1000000 s",
#        "Exposure_time": "1.0000000 s",
#        "Filter_transmission": "1.0000",
#        "Flat_field": "FF_p24-0163_E12000_T6000_vrf_m0p100.tif",
#        "Flux": "0.000000",
#        "Gain_setting": "autog (vrf = 1.000)",
#        "Image_path": "/public/Data/2023/202311/20231105/yongfeng/",
#        "Kappa": "0.0000 deg.",
#        "N_excluded_pixels": "61",
#        "N_oscillations": "1",
#        "Oscillation_axis": "X, CW",
#        "Phi": "0.0000 deg.",
#        "Pixel_size": "172e-6 m x 172e-6 m",
#        "Polarization": "0.990",
#        "Ratecorr_lut_directory": "ContinuousStandard_v1.1",
#        "Retrigger_mode": "1",
#        "Silicon": "sensor, thickness 0.000450",
#        "Tau": "0 s",
#        "Threshold_setting": "6000 eV",
#        "Trim_file": "p24-0163_E12000_T6000.bin",
#        "Wavelength (A)": "1.54000 A"
#    },
#    "normalizations": {
#        "Counter_norms": [
#            [
#                "/",
#                "Transmitted_Beam"
#            ]
#        ],
#        "Polarization": {
#            "Used": false
#        },
#        "Solid_Angle_Correction": "On"
#    },
#    "raw_version": "2.1.1"
#}

