### DATA:
#
# 1093
#      Q             I(Q)           Error     
6.40205297E-03  2.71629395E+02  3.37966490E+00
6.79005618E-03  2.45270508E+02  2.75607252E+00
7.17805939E-03  2.23894531E+02  2.30965614E+00
7.56606260E-03  2.00707275E+02  1.99525881E+00
7.95406581E-03  1.77494629E+02  1.78323722E+00
8.34206902E-03  1.59051025E+02  1.60235059E+00
8.73007223E-03  1.45699707E+02  1.43869662E+00
9.11807544E-03  1.33927124E+02  1.28275239E+00
9.50607865E-03  1.23520020E+02  1.14952075E+00
9.89408186E-03  1.14121704E+02  1.03917420E+00
1.02820851E-02  1.04571777E+02  9.43404973E-01
1.06700883E-02  9.82524414E+01  8.61922860E-01
1.10580915E-02  9.18229980E+01  7.91434228E-01
1.14460947E-02  8.48060303E+01  7.28837788E-01
1.18340979E-02  8.15578003E+01  6.74227595E-01
1.22221011E-02  7.79185791E+01  6.25966132E-01
1.26101043E-02  7.37340698E+01  5.82874894E-01
1.29981075E-02  6.96075439E+01  5.45219779E-01
1.33861107E-02  6.61452026E+01  5.10719121E-01
1.37741140E-02  6.37242432E+01  4.80057031E-01
1.41621172E-02  6.05790710E+01  4.52480733E-01
1.45501204E-02  5.86047668E+01  4.27369058E-01
1.49381236E-02  5.63695068E+01  4.04977888E-01
1.53261268E-02  5.52474060E+01  3.84552598E-01
1.57141300E-02  5.40675659E+01  3.66152555E-01
1.61021332E-02  5.28578491E+01  3.48901272E-01
1.64901364E-02  5.20698242E+01  3.33326459E-01
1.68781396E-02  5.01501160E+01  3.18576753E-01
1.72661428E-02  4.87132263E+01  3.05548429E-01
1.76541461E-02  4.82398071E+01  2.93433487E-01
1.80421493E-02  4.73149872E+01  2.82527983E-01
1.84301525E-02  4.68171082E+01  2.72178382E-01
1.88181557E-02  4.66820221E+01  2.62810618E-01
1.92061589E-02  4.61270294E+01  2.53954619E-01
1.95941621E-02  4.53626404E+01  2.45880485E-01
1.99821653E-02  4.49195709E+01  2.38132298E-01
2.03701685E-02  4.47240295E+01  2.31189325E-01
2.07581717E-02  4.44778137E+01  2.24634081E-01
2.11461749E-02  4.46705475E+01  2.18558505E-01
2.15341782E-02  4.38651886E+01  2.12786898E-01
2.19221814E-02  4.30795898E+01  2.07421690E-01
2.23101846E-02  4.29514618E+01  2.02360719E-01
2.26981878E-02  4.29083557E+01  1.97562516E-01
2.30861910E-02  4.25151062E+01  1.93213835E-01
2.34741942E-02  4.22334290E+01  1.89094424E-01
2.38621974E-02  4.16839828E+01  1.84985101E-01
2.42502006E-02  4.07410202E+01  1.81197569E-01
2.46382038E-02  4.01777344E+01  1.77376315E-01
2.50262070E-02  3.94423523E+01  1.74070090E-01
2.54142103E-02  3.87898483E+01  1.70620710E-01
2.58022135E-02  3.81273880E+01  1.67508855E-01
2.61902167E-02  3.68662720E+01  1.64349869E-01
2.65782199E-02  3.59256668E+01  1.61400557E-01
2.69662231E-02  3.50226288E+01  1.58441201E-01
2.73542263E-02  3.39903793E+01  1.55754611E-01
2.77422295E-02  3.28900146E+01  1.53041482E-01
2.81302327E-02  3.17225113E+01  1.50488645E-01
2.85182359E-02  3.03182297E+01  1.48093671E-01
2.89062391E-02  2.91230392E+01  1.45668358E-01
2.92942424E-02  2.76796570E+01  1.43303886E-01
2.96822456E-02  2.65358047E+01  1.41180202E-01
3.00702488E-02  2.54017944E+01  1.39100417E-01
3.04582520E-02  2.42326965E+01  1.37007818E-01
3.08462552E-02  2.28492508E+01  1.35151207E-01
3.12342584E-02  2.16859131E+01  1.32960007E-01
3.16222616E-02  2.08299561E+01  1.33371264E-01
3.20102648E-02  1.96694260E+01  1.33835614E-01
3.23982680E-02  1.86096039E+01  1.33393034E-01
3.27862712E-02  1.80433960E+01  1.32784769E-01
3.31742745E-02  1.72046738E+01  1.32075921E-01
3.35622777E-02  1.61918488E+01  1.31403312E-01
3.39502809E-02  1.51089935E+01  1.30599126E-01
3.43382841E-02  1.43442001E+01  1.29808396E-01
3.47262873E-02  1.37373047E+01  1.29109710E-01
3.51142905E-02  1.32535400E+01  1.28190055E-01
3.55022937E-02  1.25943756E+01  1.27346233E-01
3.58902969E-02  1.20593338E+01  1.26537248E-01
3.62783001E-02  1.16827927E+01  1.25947550E-01
3.66663033E-02  1.09453430E+01  1.25150189E-01
3.70543066E-02  1.04802780E+01  1.24219902E-01
3.74423098E-02  1.02615356E+01  1.23636134E-01
3.78303130E-02  9.94285583E+00  1.22949831E-01
3.82183162E-02  9.54807281E+00  1.22265920E-01
3.86063194E-02  8.82445526E+00  1.19691126E-01
3.89943226E-02  8.55113983E+00  1.16887338E-01
3.93823258E-02  8.60168457E+00  1.15151972E-01
3.97703290E-02  8.11996460E+00  1.13582611E-01
4.01583322E-02  7.67293549E+00  1.12260036E-01
4.05463354E-02  7.54645538E+00  1.10904604E-01
4.09343387E-02  7.38571167E+00  1.09897599E-01
4.13223419E-02  7.05904388E+00  1.08749181E-01
4.17103451E-02  6.88072205E+00  1.07684657E-01
4.20983483E-02  6.89344025E+00  1.06839716E-01
4.24863515E-02  6.70616913E+00  1.05805889E-01
4.28743547E-02  6.57817078E+00  1.04957610E-01
4.32623579E-02  6.26208496E+00  1.04248717E-01
4.36503611E-02  6.18065643E+00  1.03355877E-01
4.40383643E-02  6.28146362E+00  1.02560394E-01
4.44263675E-02  6.03682709E+00  1.01812959E-01
4.48143708E-02  5.85174561E+00  1.01463839E-01
4.52023740E-02  5.81079102E+00  1.01608641E-01
4.55903772E-02  5.79776001E+00  1.01682767E-01
4.59783804E-02  5.52622986E+00  1.01611942E-01
4.63663836E-02  5.49239349E+00  1.01453878E-01
4.67543868E-02  5.56253052E+00  1.01379901E-01
4.71423900E-02  5.30716705E+00  1.01300970E-01
4.75303932E-02  5.47640991E+00  1.01053983E-01
4.79183964E-02  5.54530334E+00  1.00931548E-01
4.83063996E-02  5.20670319E+00  1.00749649E-01
4.86944029E-02  5.20598602E+00  1.00475505E-01
4.90824061E-02  5.36264038E+00  1.00280039E-01
4.94704093E-02  5.25376129E+00  1.00094900E-01
4.98584125E-02  5.26226044E+00  9.98585299E-02
5.02464157E-02  5.34893036E+00  9.95851532E-02
5.06344189E-02  5.14460754E+00  9.94645506E-02
5.10224221E-02  5.20994568E+00  9.89312083E-02
5.14104253E-02  5.14160919E+00  9.76398662E-02
5.17984285E-02  4.96107483E+00  9.63503271E-02
5.21864318E-02  4.95995331E+00  9.52261016E-02
5.25744350E-02  5.00583649E+00  9.43456516E-02
5.29624382E-02  5.09411621E+00  9.35921445E-02
5.33504414E-02  5.14710236E+00  9.28054228E-02
5.37384446E-02  5.05349731E+00  9.21494961E-02
5.41264478E-02  4.97098541E+00  9.15034562E-02
5.45144510E-02  4.82838440E+00  9.09222364E-02
5.49024542E-02  4.77970123E+00  9.03379098E-02
5.52904574E-02  4.72959137E+00  8.97835642E-02
5.56784606E-02  4.94256592E+00  8.93094540E-02
5.60664639E-02  4.79969025E+00  8.87317583E-02
5.64544671E-02  4.68103790E+00  8.82184878E-02
5.68424703E-02  4.64920807E+00  8.77407864E-02
5.72304735E-02  4.71780396E+00  8.73397663E-02
5.76184767E-02  4.67758942E+00  8.68411809E-02
5.80064799E-02  4.50946808E+00  8.64165053E-02
5.83944831E-02  4.53555298E+00  8.59337598E-02
5.87824863E-02  4.52201843E+00  8.54669362E-02
5.91704895E-02  4.55660248E+00  8.51164758E-02
5.95584927E-02  4.28631592E+00  8.47024396E-02
5.99464960E-02  4.29578400E+00  8.42667669E-02
6.03344992E-02  4.24346161E+00  8.38519037E-02
6.07225024E-02  4.28079224E+00  8.34915116E-02
6.11105056E-02  4.28462982E+00  8.30880776E-02
6.14985088E-02  4.15900421E+00  8.27018395E-02
6.18865120E-02  4.19087982E+00  8.23847279E-02
6.22745152E-02  4.11659241E+00  8.20155069E-02
6.26625184E-02  3.99291992E+00  8.16173628E-02
6.30505216E-02  3.96643829E+00  8.12939331E-02
6.34385248E-02  3.88851166E+00  8.08984861E-02
6.38265281E-02  3.91284180E+00  8.04837793E-02
6.42145313E-02  3.75107574E+00  8.02720785E-02
6.46025345E-02  3.73809052E+00  7.99598247E-02
6.49905377E-02  3.75635529E+00  7.95780271E-02
6.53785409E-02  3.73110199E+00  7.92851821E-02
6.57665441E-02  3.58547974E+00  7.89304376E-02
6.61545473E-02  3.58969116E+00  7.85598084E-02
6.65425505E-02  3.66367340E+00  7.82428756E-02
6.69305537E-02  3.48057556E+00  7.79010355E-02
6.73185569E-02  3.63675690E+00  7.76283368E-02
6.77065602E-02  3.46922302E+00  7.72855207E-02
6.80945634E-02  3.38634491E+00  7.69457892E-02
6.84825666E-02  3.28075409E+00  7.66924247E-02
6.88705698E-02  3.34136963E+00  7.63338655E-02
6.92585730E-02  3.32695770E+00  7.60126412E-02
6.96465762E-02  3.31033325E+00  7.57397562E-02
7.00345794E-02  3.20222473E+00  7.54663348E-02
7.04225826E-02  3.23404694E+00  7.52022117E-02
7.08105858E-02  3.37522888E+00  7.48933256E-02
7.11985890E-02  3.17445374E+00  7.45962039E-02
7.15865923E-02  3.10994720E+00  7.43337125E-02
7.19745955E-02  3.06491089E+00  7.40377083E-02
7.23625987E-02  2.95778656E+00  7.38425776E-02
7.27506019E-02  3.12923431E+00  7.35670924E-02
7.31386051E-02  3.13267517E+00  7.33062774E-02
7.35266083E-02  3.08718872E+00  7.29866624E-02
7.39146115E-02  2.93490601E+00  7.27354363E-02
7.43026147E-02  2.96963501E+00  7.24898130E-02
7.46906179E-02  2.93825531E+00  7.22244158E-02
7.50786211E-02  2.90721130E+00  7.20013753E-02
7.54666244E-02  2.81545258E+00  7.17189237E-02
7.58546276E-02  2.86539459E+00  7.15346187E-02
7.62426308E-02  2.94731903E+00  7.12148175E-02
7.66306340E-02  2.95927429E+00  7.09609240E-02
7.70186372E-02  2.79376221E+00  7.07438663E-02
7.74066404E-02  2.77751160E+00  7.05258772E-02
7.77946436E-02  2.74781799E+00  7.03359097E-02
7.81826468E-02  2.89132690E+00  7.00533092E-02
7.85706500E-02  2.81660461E+00  6.98760077E-02
7.89586532E-02  2.56836700E+00  6.95957094E-02
7.93466565E-02  2.69405365E+00  6.93596825E-02
7.97346597E-02  2.78044891E+00  6.91454783E-02
8.01226629E-02  2.72595215E+00  6.88869134E-02
8.05106661E-02  2.60240936E+00  6.86526075E-02
8.08986693E-02  2.60311127E+00  6.84706345E-02
8.12866725E-02  2.55760956E+00  6.82417676E-02
8.16746757E-02  2.64422607E+00  6.80295900E-02
8.20626789E-02  2.66302490E+00  6.78183362E-02
8.24506821E-02  2.52066040E+00  6.76517263E-02
8.28386853E-02  2.60736084E+00  6.73952997E-02
8.32266886E-02  2.49731445E+00  6.71734065E-02
8.36146918E-02  2.57798004E+00  6.69956505E-02
8.40026950E-02  2.55322266E+00  6.67845607E-02
8.43906982E-02  2.37814331E+00  6.65721223E-02
8.47787014E-02  2.50987244E+00  6.63510785E-02
8.51667046E-02  2.42765045E+00  6.61896914E-02
8.55547078E-02  2.40753937E+00  6.59943447E-02
8.59427110E-02  2.38794708E+00  6.58078492E-02
8.63307142E-02  2.32786560E+00  6.56052977E-02
8.67187174E-02  2.26914215E+00  6.54249415E-02
8.71067207E-02  2.35384369E+00  6.52868450E-02
8.74947239E-02  2.33415222E+00  6.50928169E-02
8.78827271E-02  2.35615540E+00  6.49076253E-02
8.82707303E-02  2.20761108E+00  6.47271127E-02
8.86587335E-02  2.27858734E+00  6.45069331E-02
8.90467367E-02  2.34445190E+00  6.43556789E-02
8.94347399E-02  2.26007843E+00  6.41820654E-02
8.98227431E-02  2.26091766E+00  6.39695376E-02
9.02107463E-02  2.25810242E+00  6.38428852E-02
9.05987495E-02  2.15409851E+00  6.36606365E-02
9.09867528E-02  2.14932251E+00  6.34906292E-02
9.13747560E-02  2.08467865E+00  6.32841662E-02
9.17627592E-02  2.10903931E+00  6.31271079E-02
9.21507624E-02  2.09868622E+00  6.30221516E-02
9.25387656E-02  2.14336395E+00  6.29069135E-02
9.29267688E-02  2.11105347E+00  6.27018288E-02
9.33147720E-02  2.18571472E+00  6.25348911E-02
9.37027752E-02  2.11183929E+00  6.23561367E-02
9.40907784E-02  2.12105560E+00  6.25498593E-02
9.44787816E-02  2.13166046E+00  6.31339625E-02
9.48667849E-02  2.08492279E+00  6.37116581E-02
9.52547881E-02  2.01761627E+00  6.45802394E-02
9.56427913E-02  2.02894592E+00  6.51878715E-02
9.60307945E-02  1.94384003E+00  6.56510368E-02
9.64187977E-02  1.99645996E+00  6.59825951E-02
9.68068009E-02  1.91193390E+00  6.63222522E-02
9.71948041E-02  2.03669739E+00  6.62129745E-02
9.75828073E-02  1.95346832E+00  6.56645522E-02
9.79708105E-02  2.07168579E+00  6.50532022E-02
9.83588137E-02  1.97959137E+00  6.41373172E-02
9.87468170E-02  1.98072815E+00  6.35766611E-02
9.91348202E-02  1.93295288E+00  6.31084666E-02
9.95228234E-02  1.89388275E+00  6.26921728E-02
9.99108266E-02  1.89306641E+00  6.23163395E-02
1.00298830E-01  1.91699219E+00  6.19017333E-02
1.00686833E-01  2.00090027E+00  6.15566373E-02
1.01074836E-01  1.97140503E+00  6.12089299E-02
1.01462839E-01  1.91023254E+00  6.08481355E-02
1.01850843E-01  1.96317291E+00  6.05786927E-02
1.02238846E-01  2.00096893E+00  6.03557713E-02
1.02626849E-01  1.82881165E+00  6.02006316E-02
1.03014852E-01  1.85042572E+00  6.00950234E-02
1.03402855E-01  1.82603455E+00  6.00324497E-02
1.03790859E-01  1.82719421E+00  5.99903539E-02
1.04178862E-01  1.83803558E+00  5.99022508E-02
1.04566865E-01  1.78939819E+00  5.97678758E-02
1.04954868E-01  1.81689453E+00  5.95785901E-02
1.05342872E-01  1.82345581E+00  5.93753681E-02
1.05730875E-01  1.79032898E+00  5.91092594E-02
1.06118878E-01  1.82676697E+00  5.88727817E-02
1.06506881E-01  1.76309967E+00  5.86196706E-02
1.06894884E-01  1.79935455E+00  5.84144294E-02
1.07282888E-01  1.85015106E+00  5.82957491E-02
1.07670891E-01  1.75238800E+00  5.81699796E-02
1.08058894E-01  1.86946106E+00  5.81104420E-02
1.08446897E-01  1.86502075E+00  5.80505766E-02
1.08834900E-01  1.96452332E+00  5.80203049E-02
1.09222904E-01  1.75893402E+00  5.79826981E-02
1.09610907E-01  1.73204041E+00  5.79310544E-02
1.09998910E-01  1.83113098E+00  5.77999204E-02
1.10386913E-01  1.81959534E+00  5.77597022E-02
1.10774916E-01  1.75492859E+00  5.76703846E-02
1.11162920E-01  1.79656219E+00  5.75212948E-02
1.11550923E-01  1.78761292E+00  5.73825464E-02
1.11938926E-01  1.68692780E+00  5.72424121E-02
1.12326929E-01  1.68270874E+00  5.71063347E-02
1.12714933E-01  1.59291077E+00  5.70148528E-02
1.13102936E-01  1.63645935E+00  5.68825863E-02
1.13490939E-01  1.62787628E+00  5.67560717E-02
1.13878942E-01  1.59335327E+00  5.69864549E-02
1.14266945E-01  1.66575623E+00  5.74729219E-02
1.14654949E-01  1.69740295E+00  5.76956905E-02
1.15042952E-01  1.67119598E+00  5.78182116E-02
1.15430955E-01  1.69166565E+00  5.79644144E-02
1.15818958E-01  1.63731384E+00  5.80395460E-02
1.16206961E-01  1.60768127E+00  5.80692030E-02
1.16594965E-01  1.76165771E+00  5.81331030E-02
1.16982968E-01  1.67002106E+00  5.82065135E-02
1.17370971E-01  1.73867035E+00  5.82288280E-02
1.17758974E-01  1.59963989E+00  5.82344569E-02
1.18146977E-01  1.50796509E+00  5.82732558E-02
1.18534981E-01  1.50225067E+00  5.82870245E-02
1.18922984E-01  1.67037964E+00  5.82805425E-02
1.19310987E-01  1.64194489E+00  5.82510494E-02
1.19698990E-01  1.66477203E+00  5.82931973E-02
1.20086994E-01  1.71398926E+00  5.82638048E-02
1.20474997E-01  1.65186310E+00  5.82831651E-02
1.20863000E-01  1.63443756E+00  5.79330139E-02
1.21251003E-01  1.63054657E+00  5.72485700E-02
1.21639006E-01  1.50964355E+00  5.68386912E-02
1.22027010E-01  1.53166962E+00  5.65649159E-02
1.22415013E-01  1.63053894E+00  5.63322604E-02
1.22803016E-01  1.50946808E+00  5.61009385E-02
1.23191019E-01  1.60588074E+00  5.59117608E-02
1.23579022E-01  1.65541840E+00  5.57240173E-02
1.23967026E-01  1.53207397E+00  5.55513203E-02
1.24355029E-01  1.48976898E+00  5.54011650E-02
1.24743032E-01  1.47550964E+00  5.51930442E-02
1.25131035E-01  1.47970581E+00  5.50744943E-02
1.25519038E-01  1.53305054E+00  5.49183264E-02
1.25907042E-01  1.59647369E+00  5.47777489E-02
1.26295045E-01  1.64055634E+00  5.46402298E-02
1.26683048E-01  1.55280304E+00  5.48171289E-02
1.27071051E-01  1.50679016E+00  5.50888889E-02
1.27459054E-01  1.54637146E+00  5.52340820E-02
1.27847058E-01  1.58879852E+00  5.53732999E-02
1.28235061E-01  1.56410980E+00  5.54208085E-02
1.28623064E-01  1.47966766E+00  5.54925986E-02
1.29011067E-01  1.48989868E+00  5.55321239E-02
1.29399071E-01  1.51460266E+00  5.55679128E-02
1.29787074E-01  1.59437561E+00  5.56257069E-02
1.30175077E-01  1.60187531E+00  5.56439236E-02
1.30563080E-01  1.52356720E+00  5.56439310E-02
1.30951083E-01  1.54319763E+00  5.56518435E-02
1.31339087E-01  1.57141876E+00  5.56775331E-02
1.31727090E-01  1.52886963E+00  5.56761622E-02
1.32115093E-01  1.61550903E+00  5.56423068E-02
1.32503096E-01  1.59521484E+00  5.56429587E-02
1.32891099E-01  1.49813080E+00  5.56523502E-02
1.33279103E-01  1.51578522E+00  5.56063652E-02
1.33667106E-01  1.55079651E+00  5.52583709E-02
1.34055109E-01  1.54377747E+00  5.48005477E-02
1.34443112E-01  1.44804382E+00  5.45245074E-02
1.34831115E-01  1.45688629E+00  5.42546399E-02
1.35219119E-01  1.49152374E+00  5.40411547E-02
1.35607122E-01  1.61420441E+00  5.38589619E-02
1.35995125E-01  1.61935425E+00  5.36558330E-02
1.36383128E-01  1.52439117E+00  5.34445792E-02
1.36771132E-01  1.50138092E+00  5.32835089E-02
1.37159135E-01  1.44004822E+00  5.31151779E-02
1.37547138E-01  1.48712921E+00  5.29711097E-02
1.37935141E-01  1.52405548E+00  5.28281033E-02
1.38323144E-01  1.59378052E+00  5.26830293E-02
1.38711148E-01  1.52077484E+00  5.25475629E-02
1.39099151E-01  1.47545624E+00  5.24129122E-02
1.39487154E-01  1.37055969E+00  5.22574000E-02
1.39875157E-01  1.45063782E+00  5.21276109E-02
1.40263160E-01  1.47431183E+00  5.20117804E-02
1.40651164E-01  1.47389984E+00  5.18891625E-02
1.41039167E-01  1.50437927E+00  5.17737940E-02
1.41427170E-01  1.47342682E+00  5.16536757E-02
1.41815173E-01  1.43856049E+00  5.15351109E-02
1.42203176E-01  1.46520996E+00  5.14414944E-02
1.42591180E-01  1.50663757E+00  5.13305590E-02
1.42979183E-01  1.48813629E+00  5.12282103E-02
1.43367186E-01  1.43396759E+00  5.11563458E-02
1.43755189E-01  1.37544250E+00  5.10569997E-02
1.44143193E-01  1.51648712E+00  5.09628169E-02
1.44531196E-01  1.48937225E+00  5.08251600E-02
1.44919199E-01  1.45474243E+00  5.07183112E-02
1.45307202E-01  1.41252899E+00  5.06243445E-02
1.45695205E-01  1.52897644E+00  5.05353808E-02
1.46083209E-01  1.52335358E+00  5.04139140E-02
1.46471212E-01  1.48675537E+00  5.03433160E-02
1.46859215E-01  1.45906830E+00  5.02256453E-02
1.47247218E-01  1.40454102E+00  5.01297154E-02
1.47635221E-01  1.37614441E+00  5.00532798E-02
1.48023225E-01  1.29953003E+00  4.99197580E-02
1.48411228E-01  1.35083771E+00  4.98129763E-02
1.48799231E-01  1.38916779E+00  4.96707000E-02
1.49187234E-01  1.40866089E+00  4.94999029E-02
1.49575237E-01  1.35523224E+00  4.93790507E-02
1.49963241E-01  1.35509491E+00  4.92371768E-02
1.50351244E-01  1.26374054E+00  4.91493903E-02
1.50739247E-01  1.38023376E+00  4.90626320E-02
1.51127250E-01  1.35558319E+00  4.89986502E-02
1.51515254E-01  1.38317108E+00  4.89064977E-02
1.51903257E-01  1.36573029E+00  4.87800390E-02
1.52291260E-01  1.35075378E+00  4.87358682E-02
1.52679263E-01  1.32362366E+00  4.86607850E-02
1.53067266E-01  1.31185150E+00  4.85552847E-02
1.53455270E-01  1.32594299E+00  4.84847911E-02
1.53843273E-01  1.34704590E+00  4.84421775E-02
1.54231276E-01  1.35156250E+00  4.83920984E-02
1.54619279E-01  1.35447693E+00  4.83601205E-02
1.55007282E-01  1.41277313E+00  4.83273678E-02
1.55395286E-01  1.32504272E+00  4.82594855E-02
1.55783289E-01  1.34650421E+00  4.82091457E-02
1.56171292E-01  1.32300568E+00  4.81063016E-02
1.56559295E-01  1.38329315E+00  4.80171032E-02
1.56947298E-01  1.36309052E+00  4.79466841E-02
1.57335302E-01  1.32199097E+00  4.78800535E-02
1.57723305E-01  1.30261230E+00  4.77921367E-02
1.58111308E-01  1.36605835E+00  4.76961061E-02
1.58499311E-01  1.34729767E+00  4.75672483E-02
1.58887315E-01  1.33319855E+00  4.74520549E-02
1.59275318E-01  1.36380005E+00  4.73412722E-02
1.59663321E-01  1.28926086E+00  4.72186394E-02
1.60051324E-01  1.28314972E+00  4.71531637E-02
1.60439327E-01  1.31356049E+00  4.70797680E-02
1.60827331E-01  1.28366089E+00  4.69786823E-02
1.61215334E-01  1.35119629E+00  4.69298698E-02
1.61603337E-01  1.27837372E+00  4.68457416E-02
1.61991340E-01  1.23188782E+00  4.67679463E-02
1.62379343E-01  1.22471619E+00  4.67079431E-02
1.62767347E-01  1.35731506E+00  4.66643125E-02
1.63155350E-01  1.30461121E+00  4.65625934E-02
1.63543353E-01  1.28557587E+00  4.65026572E-02
1.63931356E-01  1.31874084E+00  4.64643538E-02
1.64319359E-01  1.31674194E+00  4.64364700E-02
1.64707363E-01  1.26139832E+00  4.63954918E-02
1.65095366E-01  1.21256256E+00  4.63505313E-02
1.65483369E-01  1.24095154E+00  4.63208668E-02
1.65871372E-01  1.33798218E+00  4.62471023E-02
1.66259376E-01  1.23945618E+00  4.61857803E-02
1.66647379E-01  1.27072906E+00  4.61106375E-02
1.67035382E-01  1.24539948E+00  4.60282005E-02
1.67423385E-01  1.28177643E+00  4.59651314E-02
1.67811388E-01  1.34841919E+00  4.58833352E-02
1.68199392E-01  1.26005554E+00  4.58219275E-02
1.68587395E-01  1.21298218E+00  4.57585193E-02
1.68975398E-01  1.27410889E+00  4.56901491E-02
1.69363401E-01  1.28191376E+00  4.56305295E-02
1.69751404E-01  1.16984558E+00  4.55501936E-02
1.70139408E-01  1.25339508E+00  4.54802327E-02
1.70527411E-01  1.18756104E+00  4.54244241E-02
1.70915414E-01  1.18963623E+00  4.53579985E-02
1.71303417E-01  1.19744873E+00  4.53262478E-02
1.71691420E-01  1.28799438E+00  4.52214591E-02
1.72079424E-01  1.18474579E+00  4.51683886E-02
1.72467427E-01  1.18110657E+00  4.51220796E-02
1.72855430E-01  1.20165253E+00  4.50442210E-02
1.73243433E-01  1.19546509E+00  4.49825227E-02
1.73631436E-01  1.18837738E+00  4.49287817E-02
1.74019440E-01  1.29266357E+00  4.48643565E-02
1.74407443E-01  1.27942657E+00  4.48019914E-02
1.74795446E-01  1.29216003E+00  4.47035320E-02
1.75183449E-01  1.19757462E+00  4.46483232E-02
1.75571453E-01  1.19548798E+00  4.46005985E-02
1.75959456E-01  1.17613220E+00  4.45451140E-02
1.76347459E-01  1.16613388E+00  4.44603749E-02
1.76735462E-01  1.20427322E+00  4.44240607E-02
1.77123465E-01  1.22056198E+00  4.43612263E-02
1.77511469E-01  1.22592926E+00  4.42931056E-02
1.77899472E-01  1.21154404E+00  4.42214385E-02
1.78287475E-01  1.14756012E+00  4.41711545E-02
1.78675478E-01  1.20403290E+00  4.41035964E-02
1.79063481E-01  1.25011444E+00  4.40315455E-02
1.79451485E-01  1.21254730E+00  4.40019257E-02
1.79839488E-01  1.22751617E+00  4.39136960E-02
1.80227491E-01  1.23245239E+00  4.38442826E-02
1.80615494E-01  1.11614227E+00  4.37754877E-02
1.81003497E-01  1.23102570E+00  4.37276326E-02
1.81391501E-01  1.16636658E+00  4.36729230E-02
1.81779504E-01  1.18103790E+00  4.35991362E-02
1.82167507E-01  1.19073486E+00  4.35582325E-02
1.82555510E-01  1.10993958E+00  4.34785150E-02
1.82943514E-01  1.20333099E+00  4.34356220E-02
1.83331517E-01  1.16344833E+00  4.33728881E-02
1.83719520E-01  1.11840820E+00  4.33102883E-02
1.84107523E-01  1.14277649E+00  4.32632640E-02
1.84495526E-01  1.17945480E+00  4.31909002E-02
1.84883530E-01  1.11286163E+00  4.31422666E-02
1.85271533E-01  1.12332535E+00  4.30808775E-02
1.85659536E-01  1.27611542E+00  4.30204608E-02
1.86047539E-01  1.20343018E+00  4.29783426E-02
1.86435542E-01  1.21345139E+00  4.29095216E-02
1.86823546E-01  1.21079254E+00  4.28728238E-02
1.87211549E-01  1.19000626E+00  4.28025275E-02
1.87599552E-01  1.20735931E+00  4.27601300E-02
1.87987555E-01  1.13822174E+00  4.26972397E-02
1.88375558E-01  1.25553894E+00  4.26506028E-02
1.88763562E-01  1.16266632E+00  4.25924771E-02
1.89151565E-01  1.16354370E+00  4.25252393E-02
1.89539568E-01  1.19434738E+00  4.24847119E-02
1.89927571E-01  1.18210983E+00  4.24272232E-02
1.90315575E-01  1.18688583E+00  4.23651077E-02
1.90703578E-01  1.12217331E+00  4.23265398E-02
1.91091581E-01  1.19638824E+00  4.22684029E-02
1.91479584E-01  1.14719391E+00  4.22090180E-02
1.91867587E-01  1.19372940E+00  4.21574861E-02
1.92255591E-01  1.14083099E+00  4.20979969E-02
1.92643594E-01  1.10625839E+00  4.20599170E-02
1.93031597E-01  1.07819366E+00  4.20044996E-02
1.93419600E-01  1.19881058E+00  4.19419743E-02
1.93807603E-01  1.19073868E+00  4.18900996E-02
1.94195607E-01  1.08584595E+00  4.18407582E-02
1.94583610E-01  1.13153458E+00  4.17940170E-02
1.94971613E-01  1.15407944E+00  4.17389274E-02
1.95359616E-01  1.08465576E+00  4.16803211E-02
1.95747619E-01  1.11817932E+00  4.16174866E-02
1.96135623E-01  1.09962082E+00  4.16778438E-02
1.96523626E-01  1.08819580E+00  4.19238098E-02
1.96911629E-01  1.13677216E+00  4.20881286E-02
1.97299632E-01  1.18501282E+00  4.22049090E-02
1.97687636E-01  1.13930511E+00  4.22817841E-02
1.98075639E-01  1.09550095E+00  4.23420630E-02
1.98463642E-01  1.10721970E+00  4.23883796E-02
1.98851645E-01  1.15745926E+00  4.24411297E-02
1.99239648E-01  1.18456268E+00  4.24871370E-02
1.99627652E-01  1.08186722E+00  4.25132141E-02
2.00015655E-01  1.09222031E+00  4.25432585E-02
2.00403658E-01  1.09815979E+00  4.25926447E-02
2.00791661E-01  1.11521149E+00  4.25976366E-02
2.01179664E-01  1.20158768E+00  4.26338874E-02
2.01567668E-01  1.17232513E+00  4.26267833E-02
2.01955671E-01  1.11592484E+00  4.26480770E-02
2.02343674E-01  1.10546875E+00  4.26767692E-02
2.02731677E-01  1.10832596E+00  4.26823087E-02
2.03119680E-01  1.20737076E+00  4.25669923E-02
2.03507684E-01  1.18524933E+00  4.22474630E-02
2.03895687E-01  1.13078308E+00  4.20283154E-02
2.04283690E-01  1.14706421E+00  4.18600515E-02
2.04671693E-01  1.13819504E+00  4.17277254E-02
2.05059697E-01  1.16223145E+00  4.16168347E-02
2.05447700E-01  1.12477112E+00  4.15156893E-02
2.05835703E-01  1.10966110E+00  4.14187908E-02
2.06223706E-01  1.08659744E+00  4.13056761E-02
2.06611709E-01  1.12038803E+00  4.12251130E-02
2.06999713E-01  1.07253647E+00  4.11478691E-02
2.07387716E-01  1.10267258E+00  4.10754234E-02
2.07775719E-01  1.13845062E+00  4.09932323E-02
2.08163722E-01  1.10971069E+00  4.09127437E-02
2.08551725E-01  1.15562057E+00  4.08345349E-02
2.08939729E-01  1.16584396E+00  4.09309901E-02
2.09327732E-01  1.08359528E+00  4.11095023E-02
2.09715735E-01  1.05850601E+00  4.12128717E-02
2.10103738E-01  1.13763046E+00  4.12896574E-02
2.10491741E-01  1.18004227E+00  4.13610563E-02
2.10879745E-01  1.16398621E+00  4.13897969E-02
2.11267748E-01  1.11529541E+00  4.14337665E-02
2.11655751E-01  1.11205673E+00  4.14803140E-02
2.12043754E-01  1.18527985E+00  4.14840244E-02
2.12431757E-01  1.14171600E+00  4.15321961E-02
2.12819761E-01  1.07789993E+00  4.15409170E-02
2.13207764E-01  1.12829208E+00  4.15461287E-02
2.13595767E-01  1.14210892E+00  4.15535532E-02
2.13983770E-01  1.11141586E+00  4.15673628E-02
2.14371774E-01  1.11790848E+00  4.15722355E-02
2.14759777E-01  1.08139038E+00  4.15773094E-02
2.15147780E-01  1.13433456E+00  4.15844135E-02
2.15535783E-01  1.07353592E+00  4.15962450E-02
2.15923786E-01  1.12905884E+00  4.14260738E-02
2.16311790E-01  1.09333801E+00  4.11537103E-02
2.16699793E-01  1.09360123E+00  4.09818925E-02
2.17087796E-01  1.08462524E+00  4.08437550E-02
2.17475799E-01  1.12085724E+00  4.07068506E-02
2.17863802E-01  1.11080551E+00  4.05716635E-02
2.18251806E-01  1.05260468E+00  4.04464453E-02
2.18639809E-01  1.13620377E+00  4.03245874E-02
2.19027812E-01  1.13920975E+00  4.01935168E-02
2.19415815E-01  1.09231949E+00  4.01121378E-02
2.19803818E-01  1.06275177E+00  4.00073528E-02
2.20191822E-01  1.08541489E+00  3.99278514E-02
2.20579825E-01  1.13441849E+00  3.98719311E-02
2.20967828E-01  1.15726089E+00  3.97886857E-02
2.21355831E-01  1.10236359E+00  3.97225097E-02
2.21743835E-01  1.11251831E+00  3.96430343E-02
2.22131838E-01  1.08888626E+00  3.95797342E-02
2.22519841E-01  9.91115570E-01  3.95217799E-02
2.22907844E-01  1.06221771E+00  3.94503996E-02
2.23295847E-01  1.13492966E+00  3.93973403E-02
2.23683851E-01  1.07368469E+00  3.93286124E-02
2.24071854E-01  1.03182983E+00  3.92789692E-02
2.24459857E-01  1.03676224E+00  3.92495319E-02
2.24847860E-01  1.11249924E+00  3.92143354E-02
2.25235863E-01  1.18603516E+00  3.92041951E-02
2.25623867E-01  1.15161133E+00  3.91528085E-02
2.26011870E-01  1.06019211E+00  3.90759520E-02
2.26399873E-01  1.05244446E+00  3.90235074E-02
2.26787876E-01  1.13817596E+00  3.89680490E-02
2.27175879E-01  1.10163879E+00  3.89247239E-02
2.27563883E-01  1.10778046E+00  3.88477035E-02
2.27951886E-01  1.12576294E+00  3.88085321E-02
2.28339889E-01  1.03881836E+00  3.87695767E-02
2.28727892E-01  1.04720306E+00  3.86966728E-02
2.29115896E-01  1.08737946E+00  3.86471860E-02
2.29503899E-01  1.08070374E+00  3.85673791E-02
2.29891902E-01  1.14091492E+00  3.84935923E-02
2.30279905E-01  1.13962555E+00  3.84096503E-02
2.30667908E-01  1.09186172E+00  3.83547470E-02
2.31055912E-01  1.00792694E+00  3.83039117E-02
2.31443915E-01  1.08867645E+00  3.82592641E-02
2.31831918E-01  1.14975357E+00  3.82013507E-02
2.32219921E-01  1.15018082E+00  3.81421670E-02
2.32607924E-01  1.03705597E+00  3.80954966E-02
2.32995928E-01  1.02733612E+00  3.80438119E-02
2.33383931E-01  1.00296783E+00  3.80050167E-02
2.33771934E-01  1.01334000E+00  3.79607752E-02
2.34159937E-01  1.06112671E+00  3.79117467E-02
2.34547940E-01  1.14296341E+00  3.78656127E-02
2.34935944E-01  1.12134171E+00  3.78235020E-02
2.35323947E-01  1.09046936E+00  3.77720259E-02
2.35711950E-01  1.07805252E+00  3.77391316E-02
2.36099953E-01  1.03068542E+00  3.77171859E-02
2.36487957E-01  1.10968781E+00  3.77049372E-02
2.36875960E-01  1.04902649E+00  3.76757830E-02
2.37263963E-01  1.06923294E+00  3.76345925E-02
2.37651966E-01  1.03826523E+00  3.76020409E-02
2.38039969E-01  1.08197403E+00  3.75562944E-02
2.38427973E-01  1.02329254E+00  3.75109799E-02
2.38815976E-01  1.00207901E+00  3.74739133E-02
2.39203979E-01  1.04809952E+00  3.74252088E-02
2.39591982E-01  1.07489014E+00  3.73788066E-02
2.39979985E-01  1.00437546E+00  3.73512842E-02
2.40367989E-01  1.05200195E+00  3.72811332E-02
2.40755992E-01  1.07584381E+00  3.72452289E-02
2.41143995E-01  1.06455994E+00  3.72021645E-02
2.41531998E-01  1.09082413E+00  3.71589288E-02
2.41920001E-01  1.03670502E+00  3.71171199E-02
2.42308005E-01  9.98657227E-01  3.70878354E-02
2.42696008E-01  1.14262390E+00  3.70369069E-02
2.43084011E-01  1.07712936E+00  3.70029770E-02
2.43472014E-01  1.06926346E+00  3.69421057E-02
2.43860018E-01  9.87796783E-01  3.69146876E-02
2.44248021E-01  1.00706482E+00  3.68694365E-02
2.44636024E-01  1.04114914E+00  3.68301980E-02
2.45024027E-01  1.06065369E+00  3.67781706E-02
2.45412030E-01  1.06222534E+00  3.67626026E-02
2.45800034E-01  1.05133820E+00  3.67298461E-02
2.46188037E-01  1.05885696E+00  3.66684124E-02
2.46576040E-01  9.80453491E-01  3.66145372E-02
2.46964043E-01  1.00018311E+00  3.65901105E-02
2.47352046E-01  1.06958389E+00  3.65473889E-02
2.47740050E-01  1.03446198E+00  3.65136303E-02
2.48128053E-01  1.04777908E+00  3.64583358E-02
2.48516056E-01  1.06344604E+00  3.64249833E-02
2.48904059E-01  1.07543564E+00  3.63974646E-02
2.49292062E-01  1.06738663E+00  3.63233984E-02
2.49680066E-01  1.01573181E+00  3.62915806E-02
2.50068069E-01  9.73567963E-01  3.62664312E-02
2.50456072E-01  9.82940674E-01  3.62177230E-02
2.50844075E-01  1.00722122E+00  3.61773670E-02
2.51232079E-01  1.04667282E+00  3.61512788E-02
2.51620082E-01  1.06626892E+00  3.61116342E-02
2.52008085E-01  1.00384521E+00  3.60575430E-02
2.52396088E-01  1.07900238E+00  3.60197090E-02
2.52784091E-01  1.07526016E+00  3.59762609E-02
2.53172095E-01  1.00247192E+00  3.59472074E-02
2.53560098E-01  1.02220154E+00  3.58990468E-02
2.53948101E-01  1.00449371E+00  3.58637348E-02
2.54336104E-01  9.35222626E-01  3.58259007E-02
2.54724107E-01  9.64355469E-01  3.57918665E-02
2.55112111E-01  1.03313828E+00  3.57673019E-02
2.55500114E-01  9.88090515E-01  3.57107036E-02
2.55888117E-01  9.61856842E-01  3.56646553E-02
2.56276120E-01  1.01718140E+00  3.56378406E-02
2.56664123E-01  1.01355362E+00  3.56083810E-02
2.57052127E-01  1.08644867E+00  3.55686881E-02
2.57440130E-01  1.10805511E+00  3.55279520E-02
2.57828133E-01  1.12287521E+00  3.54908332E-02
2.58216136E-01  1.03831482E+00  3.54627036E-02
2.58604139E-01  1.03837967E+00  3.54318283E-02
2.58992143E-01  1.01755142E+00  3.53649221E-02
2.59380146E-01  9.65641022E-01  3.53466384E-02
2.59768149E-01  1.06219482E+00  3.53078358E-02
2.60156152E-01  1.05345535E+00  3.52798440E-02
2.60544156E-01  1.02319717E+00  3.52445766E-02
2.60932159E-01  1.03625107E+00  3.52017581E-02
2.61320162E-01  1.03787994E+00  3.51634771E-02
2.61708165E-01  9.99011993E-01  3.51307727E-02
2.62096168E-01  1.01499939E+00  3.51085365E-02
2.62484172E-01  1.06869125E+00  3.50663029E-02
2.62872175E-01  1.06192017E+00  3.50239947E-02
2.63260178E-01  1.04738617E+00  3.49848643E-02
2.63648181E-01  1.06551743E+00  3.49623710E-02
2.64036184E-01  9.91630554E-01  3.49251851E-02
2.64424188E-01  1.01737213E+00  3.49062718E-02
2.64812191E-01  1.03678894E+00  3.48539576E-02
2.65200194E-01  1.00976562E+00  3.48164067E-02
2.65588197E-01  1.01223373E+00  3.47837284E-02
2.65976200E-01  1.01580811E+00  3.47485915E-02
2.66364204E-01  9.71954346E-01  3.47187333E-02
2.66752207E-01  1.00229263E+00  3.46892364E-02
2.67140210E-01  1.01111221E+00  3.46398465E-02
2.67528213E-01  9.82192993E-01  3.46072726E-02
2.67916217E-01  1.03301239E+00  3.45715843E-02
2.68304220E-01  1.00680161E+00  3.45473550E-02
2.68692223E-01  9.84985352E-01  3.45061831E-02
2.69080226E-01  9.32548523E-01  3.44800875E-02
2.69468229E-01  9.72686768E-01  3.44460271E-02
2.69856233E-01  1.01210403E+00  3.44111957E-02
2.70244236E-01  1.02193451E+00  3.43846828E-02
2.70632239E-01  1.00939560E+00  3.43315713E-02
2.71020242E-01  1.02132797E+00  3.43077369E-02
2.71408245E-01  1.04348755E+00  3.42812911E-02
2.71796249E-01  1.03192902E+00  3.42442617E-02
2.72184252E-01  9.50397491E-01  3.42195183E-02
2.72572255E-01  1.01766968E+00  3.41720209E-02
2.72960258E-01  1.08238602E+00  3.41424271E-02
2.73348261E-01  1.04128647E+00  3.41064855E-02
2.73736265E-01  1.05943298E+00  3.40820663E-02
2.74124268E-01  9.99504089E-01  3.40446718E-02
2.74512271E-01  1.02874374E+00  3.40150222E-02
2.74900274E-01  9.95655060E-01  3.39801572E-02
2.75288278E-01  9.63645935E-01  3.39481905E-02
2.75676281E-01  9.83383179E-01  3.39052305E-02
2.76064284E-01  1.00090027E+00  3.38823572E-02
2.76452287E-01  9.74113464E-01  3.38517353E-02
2.76840290E-01  1.01630020E+00  3.38198952E-02
2.77228294E-01  1.02463531E+00  3.37931439E-02
2.77616297E-01  9.75399017E-01  3.37575674E-02
2.78004300E-01  9.40483093E-01  3.37177068E-02
2.78392303E-01  1.01410675E+00  3.37661728E-02
2.78780306E-01  9.91737366E-01  3.39392237E-02
2.79168310E-01  9.62894440E-01  3.40598151E-02
2.79556313E-01  9.93198395E-01  3.41455750E-02
2.79944316E-01  9.69352722E-01  3.41882817E-02
2.80332319E-01  9.90036011E-01  3.42296660E-02
2.80720322E-01  9.99275208E-01  3.42709646E-02
2.81108326E-01  1.00364304E+00  3.43171954E-02
2.81496329E-01  9.55802917E-01  3.43345813E-02
2.81884332E-01  9.92393494E-01  3.43503542E-02
2.82272335E-01  1.02194214E+00  3.43759581E-02
2.82660339E-01  1.00831985E+00  3.43844071E-02
2.83048342E-01  9.62497711E-01  3.44129913E-02
2.83436345E-01  9.17022705E-01  3.44371498E-02
2.83824348E-01  9.64412689E-01  3.44504081E-02
2.84212351E-01  9.52369690E-01  3.44666094E-02
2.84600355E-01  9.69890594E-01  3.44665982E-02
2.84988358E-01  1.00173950E+00  3.44765559E-02
2.85376361E-01  1.02066803E+00  3.44045311E-02
2.85764364E-01  1.02869034E+00  3.41762491E-02
2.86152367E-01  1.03096771E+00  3.42024602E-02
2.86540371E-01  9.39037323E-01  3.42960022E-02
2.86928374E-01  1.00677109E+00  3.43302153E-02
2.87316377E-01  1.03221512E+00  3.45458463E-02
2.87704380E-01  9.77703094E-01  3.47396880E-02
2.88092383E-01  9.33574677E-01  3.48372608E-02
2.88480387E-01  9.99492645E-01  3.49107943E-02
2.88868390E-01  9.56058502E-01  3.49919982E-02
2.89256393E-01  9.55459595E-01  3.50454934E-02
2.89644396E-01  9.39655304E-01  3.50881107E-02
2.90032400E-01  9.69867706E-01  3.51056904E-02
2.90420403E-01  9.48314667E-01  3.51427197E-02
2.90808406E-01  9.97333527E-01  3.51701230E-02
2.91196409E-01  9.70584869E-01  3.53311338E-02
2.91584412E-01  9.87457275E-01  3.55777144E-02
2.91972416E-01  9.47887421E-01  3.57829593E-02
2.92360419E-01  1.00540161E+00  3.59489769E-02
2.92748422E-01  9.51980591E-01  3.61055322E-02
2.93136425E-01  9.57679749E-01  3.62502374E-02
2.93524428E-01  9.73724365E-01  3.63937356E-02
2.93912432E-01  9.17255402E-01  3.65153402E-02
2.94300435E-01  9.47139740E-01  3.66019793E-02
2.94688438E-01  9.66106415E-01  3.66950855E-02
2.95076441E-01  9.95212555E-01  3.67760696E-02
2.95464444E-01  1.00527954E+00  3.68908271E-02
2.95852448E-01  9.66930389E-01  3.69753316E-02
2.96240451E-01  9.90013123E-01  3.70884687E-02
2.96628454E-01  9.80224609E-01  3.71902287E-02
2.97016457E-01  1.01980591E+00  3.72792557E-02
2.97404460E-01  9.57073212E-01  3.73789594E-02
2.97792464E-01  9.61017609E-01  3.74742784E-02
2.98180467E-01  9.09847260E-01  3.75710204E-02
2.98568470E-01  9.81422424E-01  3.76742482E-02
2.98956473E-01  9.50607300E-01  3.77400406E-02
2.99344477E-01  1.00649261E+00  3.78569849E-02
2.99732480E-01  9.74117279E-01  3.79206277E-02
3.00120483E-01  9.94979858E-01  3.80004980E-02
3.00508486E-01  9.12082672E-01  3.80887017E-02
3.00896489E-01  1.02510071E+00  3.81888747E-02
3.01284493E-01  9.91134644E-01  3.83335017E-02
3.01672496E-01  1.01458740E+00  3.84387001E-02
3.02060499E-01  1.05775452E+00  3.85284498E-02
3.02448502E-01  9.94819641E-01  3.86026278E-02
3.02836505E-01  9.70542908E-01  3.86609100E-02
3.03224509E-01  9.31034088E-01  3.87653969E-02
3.03612512E-01  9.24507141E-01  3.88269536E-02
3.04000515E-01  9.77500916E-01  3.88926491E-02
3.04388518E-01  9.97680664E-01  3.89584005E-02
3.04776521E-01  9.03293610E-01  3.90292741E-02
3.05164525E-01  9.46456909E-01  3.91065665E-02
3.05552528E-01  9.38842773E-01  3.91956046E-02
3.05940531E-01  9.40643311E-01  3.92543487E-02
3.06328534E-01  9.52949524E-01  3.92978638E-02
3.06716538E-01  9.74903107E-01  3.93142551E-02
3.07104541E-01  9.77035522E-01  3.93637270E-02
3.07492544E-01  8.71925354E-01  3.94456908E-02
3.07880547E-01  9.65663910E-01  3.94893847E-02
3.08268550E-01  9.62448120E-01  3.95331644E-02
3.08656554E-01  8.93962860E-01  3.95730995E-02
3.09044557E-01  9.35741425E-01  3.96266431E-02
3.09432560E-01  9.82707977E-01  3.96539457E-02
3.09820563E-01  1.00564575E+00  3.96626107E-02
3.10208566E-01  9.56096649E-01  3.96964811E-02
3.10596570E-01  9.34787750E-01  3.97496633E-02
3.10984573E-01  9.47814941E-01  3.97793315E-02
3.11372576E-01  9.41089630E-01  3.98270078E-02
3.11760579E-01  9.35943604E-01  3.98924053E-02
3.12148582E-01  8.94081116E-01  3.99290137E-02
3.12536586E-01  9.50325012E-01  4.00138423E-02
3.12924589E-01  1.01884842E+00  4.00772840E-02
3.13312592E-01  9.94075775E-01  4.01123874E-02
3.13700595E-01  9.35020447E-01  4.01270278E-02
3.14088599E-01  9.19601440E-01  4.01619747E-02
3.14476602E-01  1.02948380E+00  4.01674844E-02
3.14864605E-01  1.02980423E+00  4.02016379E-02
3.15252608E-01  1.00534821E+00  4.02305834E-02
3.15640611E-01  9.83676910E-01  4.02501337E-02
3.16028615E-01  1.00240707E+00  4.03232388E-02
3.16416618E-01  1.03174591E+00  4.03334089E-02
3.16804621E-01  9.64023590E-01  4.03905138E-02
3.17192624E-01  9.79663849E-01  4.04677428E-02
3.17580627E-01  9.22016144E-01  4.05185372E-02
3.17968631E-01  9.39239502E-01  4.05654237E-02
3.18356634E-01  9.61906433E-01  4.06074561E-02
3.18744637E-01  9.51698303E-01  4.06685099E-02
3.19132640E-01  9.21188354E-01  4.07401994E-02
3.19520643E-01  8.98239136E-01  4.07843143E-02
3.19908647E-01  9.36367035E-01  4.08301316E-02
3.20296650E-01  9.38278198E-01  4.08997498E-02
3.20684653E-01  9.98054504E-01  4.09421772E-02
3.21072656E-01  9.41322327E-01  4.09982130E-02
3.21460660E-01  9.93824005E-01  4.10736427E-02
3.21848663E-01  9.29821014E-01  4.11104932E-02
3.22236666E-01  9.80415344E-01  4.11723331E-02
3.22624669E-01  9.24331665E-01  4.12380844E-02
3.23012672E-01  9.68852997E-01  4.12947461E-02
3.23400676E-01  9.46826935E-01  4.13563363E-02
3.23788679E-01  9.82234955E-01  4.13986258E-02
3.24176682E-01  9.99214172E-01  4.14586142E-02
3.24564685E-01  9.11445618E-01  4.15117629E-02
3.24952688E-01  9.40658569E-01  4.15530726E-02
3.25340692E-01  9.53014374E-01  4.16164882E-02
3.25728695E-01  9.25796509E-01  4.16861922E-02
3.26116698E-01  9.12696838E-01  4.17505354E-02
3.26504701E-01  9.48123932E-01  4.17818539E-02
3.26892704E-01  9.13253784E-01  4.18144725E-02
3.27280708E-01  9.86537933E-01  4.18936945E-02
3.27668711E-01  1.00429535E+00  4.19236906E-02
3.28056714E-01  9.17049408E-01  4.19995710E-02
3.28444717E-01  8.94104004E-01  4.20384668E-02
3.28832721E-01  9.01248932E-01  4.20852900E-02
3.29220724E-01  9.54906464E-01  4.21393476E-02
3.29608727E-01  9.88842010E-01  4.21836562E-02
3.29996730E-01  9.24537659E-01  4.22593504E-02
3.30384733E-01  9.04590607E-01  4.23102081E-02
3.30772737E-01  9.45625305E-01  4.23765928E-02
3.31160740E-01  9.56279755E-01  4.24389318E-02
3.31548743E-01  9.70928192E-01  4.24775779E-02
3.31936746E-01  9.71618652E-01  4.25188653E-02
3.32324749E-01  9.63195801E-01  4.25455235E-02
3.32712753E-01  9.31659698E-01  4.26126197E-02
3.33100756E-01  9.62890625E-01  4.26699780E-02
3.33488759E-01  9.39990997E-01  4.27021496E-02
3.33876762E-01  9.21421051E-01  4.27819006E-02
3.34264765E-01  9.32540894E-01  4.28305678E-02
3.34652769E-01  9.26963806E-01  4.28756513E-02
3.35040772E-01  9.57130432E-01  4.29357067E-02
3.35428775E-01  9.66255188E-01  4.29798998E-02
3.35816778E-01  9.89521027E-01  4.30400968E-02
3.36204781E-01  9.66636658E-01  4.30797972E-02
3.36592785E-01  8.75728607E-01  4.31437865E-02
3.36980788E-01  9.88742828E-01  4.31740582E-02
3.37368791E-01  9.85187531E-01  4.32559513E-02
3.37756794E-01  9.72709656E-01  4.32982109E-02
3.38144798E-01  9.19105530E-01  4.33377959E-02
3.38532801E-01  9.35138702E-01  4.34038974E-02
3.38920804E-01  9.64031219E-01  4.34666835E-02
3.39308807E-01  9.59609985E-01  4.34745438E-02
3.39696810E-01  9.39949036E-01  4.35462035E-02
3.40084814E-01  1.00273514E+00  4.35896404E-02
3.40472817E-01  9.79602814E-01  4.36811820E-02
3.40860820E-01  8.84677887E-01  4.37580794E-02
3.41248823E-01  9.37736511E-01  4.37991209E-02
3.41636826E-01  9.09732819E-01  4.38189320E-02
3.42024830E-01  9.59152222E-01  4.38705757E-02
3.42412833E-01  8.61915588E-01  4.39244062E-02
3.42800836E-01  9.41997528E-01  4.39658165E-02
3.43188839E-01  9.46617126E-01  4.40385528E-02
3.43576842E-01  9.03427124E-01  4.40578237E-02
3.43964846E-01  9.26544189E-01  4.41228338E-02
3.44352849E-01  9.70577240E-01  4.41762283E-02
3.44740852E-01  8.73836517E-01  4.42405641E-02
3.45128855E-01  8.87901306E-01  4.42849174E-02
3.45516859E-01  8.81736755E-01  4.43302058E-02
3.45904862E-01  1.02197647E+00  4.43985313E-02
3.46292865E-01  9.33509827E-01  4.44503017E-02
3.46680868E-01  8.85086060E-01  4.44938019E-02
3.47068871E-01  8.76083374E-01  4.45184149E-02
3.47456875E-01  8.97884369E-01  4.45278585E-02
3.47844878E-01  9.80377197E-01  4.45651375E-02
3.48232881E-01  9.08729553E-01  4.45932895E-02
3.48620884E-01  8.77304077E-01  4.45966572E-02
3.49008887E-01  9.22817230E-01  4.45975587E-02
3.49396891E-01  1.00458908E+00  4.46181186E-02
3.49784894E-01  8.72547150E-01  4.46163900E-02
3.50172897E-01  8.49975586E-01  4.46130633E-02
3.50560900E-01  9.36302185E-01  4.46217023E-02
3.50948903E-01  9.84294891E-01  4.46206182E-02
3.51336907E-01  9.03690338E-01  4.46822532E-02
3.51724910E-01  8.98254395E-01  4.47120219E-02
3.52112913E-01  8.95885468E-01  4.47510071E-02
3.52500916E-01  9.45781708E-01  4.47967872E-02
3.52888920E-01  9.97280121E-01  4.48507220E-02
3.53276923E-01  9.20082092E-01  4.49251458E-02
3.53664926E-01  9.15130615E-01  4.49701101E-02
3.54052929E-01  9.01702881E-01  4.50263172E-02
3.54440932E-01  1.02915573E+00  4.50748093E-02
3.54828936E-01  1.02264404E+00  4.50575314E-02
3.55216939E-01  8.84693146E-01  4.50781733E-02
3.55604942E-01  9.09046173E-01  4.50744145E-02
3.55992945E-01  9.42737579E-01  4.51022536E-02
3.56380948E-01  8.84277344E-01  4.50825430E-02
3.56768952E-01  9.49958801E-01  4.51026335E-02
3.57156955E-01  8.78841400E-01  4.51518074E-02
3.57544958E-01  9.24011230E-01  4.51270305E-02
3.57932961E-01  8.87023926E-01  4.51117568E-02
3.58320964E-01  9.58328247E-01  4.51333560E-02
3.58708968E-01  9.83413696E-01  4.51546125E-02
3.59096971E-01  9.47776794E-01  4.51977663E-02
3.59484974E-01  8.81031036E-01  4.52656820E-02
3.59872977E-01  8.78314972E-01  4.53071594E-02
3.60260981E-01  8.59935760E-01  4.53540124E-02
3.60648984E-01  8.81668091E-01  4.54176925E-02
3.61036987E-01  9.11128998E-01  4.58443873E-02
3.61424990E-01  8.64395142E-01  4.65841554E-02
3.61812993E-01  8.99940491E-01  4.70736027E-02
3.62200997E-01  8.76148224E-01  4.75124530E-02
3.62589000E-01  8.29723358E-01  4.78159599E-02
3.62977003E-01  8.55430603E-01  4.80834208E-02
3.63365006E-01  9.58751678E-01  4.83815148E-02
3.63753009E-01  9.58469391E-01  4.87123020E-02
3.64141013E-01  9.70905304E-01  4.89752032E-02
3.64529016E-01  8.87443542E-01  4.92283478E-02
3.64917019E-01  8.95618439E-01  4.94644418E-02
3.65305022E-01  8.72772217E-01  4.97487858E-02
3.65693025E-01  9.09004211E-01  4.99982499E-02
3.66081029E-01  8.77651215E-01  5.02405725E-02
3.66469032E-01  8.43566895E-01  5.04900999E-02
3.66857035E-01  8.38336945E-01  5.07145673E-02
3.67245038E-01  9.03133392E-01  5.09334989E-02
3.67633042E-01  9.36157227E-01  5.11760786E-02
3.68021045E-01  8.55300903E-01  5.14168292E-02
3.68409048E-01  9.04117584E-01  5.16647249E-02
3.68797051E-01  9.31354523E-01  5.18888161E-02
3.69185054E-01  8.80924225E-01  5.21283112E-02
3.69573058E-01  9.56020355E-01  5.23602106E-02
3.69961061E-01  8.43837738E-01  5.26677147E-02
3.70349064E-01  8.80786896E-01  5.28635345E-02
3.70737067E-01  8.52474213E-01  5.30635081E-02
3.71125070E-01  8.37078094E-01  5.32994717E-02
3.71513074E-01  8.40888977E-01  5.34839965E-02
3.71901077E-01  1.00041199E+00  5.37432656E-02
3.72289080E-01  8.59863281E-01  5.39839529E-02
3.72677083E-01  8.53656769E-01  5.42245880E-02
3.73065086E-01  9.69703674E-01  5.44448309E-02
3.73453090E-01  9.63619232E-01  5.45611940E-02
3.73841093E-01  8.02928925E-01  5.46716936E-02
3.74229096E-01  8.55197906E-01  5.48732355E-02
3.74617099E-01  9.25006866E-01  5.51020168E-02
3.75005103E-01  9.63146210E-01  5.53241111E-02
3.75393106E-01  9.14554596E-01  5.55348285E-02
3.75781109E-01  9.65511322E-01  5.58003858E-02
3.76169112E-01  8.87798309E-01  5.60330898E-02
3.76557115E-01  9.58515167E-01  5.62352166E-02
3.76945119E-01  8.69590759E-01  5.65116145E-02
3.77333122E-01  8.54194641E-01  5.67420796E-02
3.77721125E-01  9.56367493E-01  5.70064783E-02
3.78109128E-01  8.54045868E-01  5.72494492E-02
3.78497131E-01  7.88528442E-01  5.74973747E-02
3.78885135E-01  8.99658203E-01  5.77270202E-02
3.79273138E-01  9.15428162E-01  5.79974055E-02
3.79661141E-01  9.74586487E-01  5.82538247E-02
3.80049144E-01  1.08037949E+00  5.84634654E-02
3.80437147E-01  8.76358032E-01  5.87760955E-02
3.80825151E-01  8.77986908E-01  5.90043180E-02
3.81213154E-01  9.70207214E-01  5.92874624E-02
3.81601157E-01  9.62375641E-01  5.94987869E-02
3.81989160E-01  9.68013763E-01  5.97646572E-02
3.82377163E-01  9.44511414E-01  6.00797646E-02
3.82765167E-01  9.17854309E-01  6.03345074E-02
3.83153170E-01  8.33801270E-01  6.06058240E-02
3.83541173E-01  9.89387512E-01  6.08788431E-02
3.83929176E-01  9.67426300E-01  6.11583963E-02
3.84317180E-01  8.71658325E-01  6.14229888E-02
3.84705183E-01  9.15885925E-01  6.17130063E-02
3.85093186E-01  9.51171875E-01  6.19814694E-02
3.85481189E-01  9.67323303E-01  6.22642003E-02
3.85869192E-01  9.91466522E-01  6.26148432E-02
3.86257196E-01  9.98203278E-01  6.28716648E-02
3.86645199E-01  1.03326035E+00  6.31987080E-02
3.87033202E-01  7.67593384E-01  6.34795725E-02
3.87421205E-01  8.09921265E-01  6.37613013E-02
3.87809208E-01  9.86797333E-01  6.40582442E-02
3.88197212E-01  9.20246124E-01  6.43563643E-02
3.88585215E-01  9.60514069E-01  6.46738410E-02
3.88973218E-01  8.72486115E-01  6.50172606E-02
3.89361221E-01  1.01587677E+00  6.53422624E-02
3.89749224E-01  9.08020020E-01  6.56641796E-02
3.90137228E-01  9.41120148E-01  6.59026653E-02
3.90525231E-01  8.24035645E-01  6.63171560E-02
3.90913234E-01  9.26273346E-01  6.66324943E-02
3.91301237E-01  8.11275482E-01  6.70186803E-02
3.91689241E-01  9.33986664E-01  6.73746616E-02
3.92077244E-01  1.08695221E+00  6.76559135E-02
3.92465247E-01  1.02890396E+00  6.80518076E-02
3.92853250E-01  8.09444427E-01  6.83796182E-02
3.93241253E-01  9.29515839E-01  6.87470362E-02
3.93629257E-01  9.21169281E-01  6.91412389E-02
3.94017260E-01  8.13209534E-01  6.94890618E-02
3.94405263E-01  9.26887512E-01  6.99336305E-02
3.94793266E-01  9.10682678E-01  7.02583268E-02
3.95181269E-01  8.60424042E-01  7.06619173E-02
3.95569273E-01  9.04083252E-01  7.10539743E-02
3.95957276E-01  8.02825928E-01  7.14700967E-02
3.96345279E-01  9.02408600E-01  7.18338415E-02
3.96733282E-01  9.55669403E-01  7.22494498E-02
3.97121285E-01  8.79154205E-01  7.27172717E-02
3.97509289E-01  8.28712463E-01  7.31413439E-02
3.97897292E-01  1.03129196E+00  7.35568255E-02
3.98285295E-01  8.70914459E-01  7.39629567E-02
3.98673298E-01  1.02604675E+00  7.44189918E-02
3.99061302E-01  9.19384003E-01  7.48202652E-02
3.99449305E-01  8.80252838E-01  7.51617700E-02
3.99837308E-01  8.80271912E-01  7.55149573E-02
4.00225311E-01  9.78336334E-01  7.57882595E-02
4.00613314E-01  7.83428192E-01  7.60777146E-02
4.01001318E-01  8.37677002E-01  7.62912333E-02
4.01389321E-01  8.62266541E-01  7.65269175E-02
4.01777324E-01  8.93424988E-01  7.68335760E-02
4.02165327E-01  9.45442200E-01  7.70897567E-02
4.02553330E-01  9.27734375E-01  7.74090961E-02
4.02941334E-01  9.76760864E-01  7.77089521E-02
4.03329337E-01  1.04905701E+00  7.80408978E-02
4.03717340E-01  9.10209656E-01  7.82661363E-02
4.04105343E-01  8.23848724E-01  7.86244199E-02
4.04493346E-01  8.75030518E-01  7.90831223E-02
4.04881350E-01  7.45143890E-01  7.95171857E-02
4.05269353E-01  8.05583954E-01  8.01631659E-02
4.05657356E-01  8.38291168E-01  8.06744695E-02
4.06045359E-01  1.12364578E+00  8.12684819E-02
4.06433363E-01  9.59407806E-01  8.18238556E-02
4.06821366E-01  8.84189606E-01  8.24265555E-02
4.07209369E-01  7.97447205E-01  8.29721689E-02
4.07597372E-01  9.00646210E-01  8.35293457E-02
4.07985375E-01  8.96411896E-01  8.41669440E-02
4.08373379E-01  7.43885040E-01  8.45755562E-02
4.08761382E-01  7.71930695E-01  8.50088298E-02
4.09149385E-01  9.27326202E-01  8.53874236E-02
4.09537388E-01  8.65959167E-01  8.57710466E-02
4.09925391E-01  7.91038513E-01  8.60928893E-02
4.10313395E-01  8.68835449E-01  8.64186808E-02
4.10701398E-01  9.29508209E-01  8.68071988E-02
4.11089401E-01  9.03274536E-01  8.72277319E-02
4.11477404E-01  9.46128845E-01  8.75369608E-02
4.11865407E-01  1.10267258E+00  8.78952518E-02
4.12253411E-01  1.02761459E+00  8.83317068E-02
4.12641414E-01  8.49163055E-01  8.87114257E-02
4.13029417E-01  8.46485138E-01  8.91031548E-02
4.13417420E-01  8.03825378E-01  8.94898623E-02
4.13805424E-01  7.74433136E-01  8.99089053E-02
4.14193427E-01  1.10371780E+00  9.02167335E-02
4.14581430E-01  1.00798416E+00  9.07026231E-02
4.14969433E-01  9.42905426E-01  9.10862833E-02
4.15357436E-01  8.43215942E-01  9.15748253E-02
4.15745440E-01  9.29843903E-01  9.19399783E-02
4.16133443E-01  8.52226257E-01  9.24456865E-02
4.16521446E-01  7.53990173E-01  9.29002166E-02
4.16909449E-01  6.21719360E-01  9.32406038E-02
4.17297452E-01  7.61356354E-01  9.36762020E-02
4.17685456E-01  6.52290344E-01  9.41692293E-02
4.18073459E-01  7.40200043E-01  9.46712717E-02
4.18461462E-01  7.67127991E-01  9.51386839E-02
4.18849465E-01  8.80210876E-01  9.56100971E-02
4.19237468E-01  8.49452972E-01  9.60447863E-02
4.19625472E-01  8.06674957E-01  9.65102538E-02
4.20013475E-01  8.49029541E-01  9.69548970E-02
4.20401478E-01  7.93022156E-01  9.74618495E-02
4.20789481E-01  9.76703644E-01  9.80960652E-02
4.21177484E-01  8.63819122E-01  9.85043421E-02
4.21565488E-01  7.90069580E-01  9.90366489E-02
4.21953491E-01  9.10114288E-01  9.95535702E-02
4.22341494E-01  9.57286835E-01  1.00137345E-01
4.22729497E-01  1.04515076E+00  1.00665502E-01
4.23117501E-01  7.88768768E-01  1.01111650E-01
4.23505504E-01  6.60827637E-01  1.01634204E-01
4.23893507E-01  1.02568436E+00  1.02186404E-01
4.24281510E-01  9.43164825E-01  1.02845021E-01
4.24669513E-01  1.15931702E+00  1.03529327E-01
4.25057517E-01  8.96160126E-01  1.03971034E-01
4.25445520E-01  8.65058899E-01  1.04567699E-01
4.25833523E-01  9.04064178E-01  1.05319753E-01
4.26221526E-01  8.86116028E-01  1.05911084E-01
4.26609529E-01  8.60755920E-01  1.06571995E-01
4.26997533E-01  9.00520325E-01  1.07040420E-01
4.27385536E-01  8.56555939E-01  1.07856125E-01
4.27773539E-01  8.38851929E-01  1.08368136E-01
4.28161542E-01  7.48264313E-01  1.09039798E-01
4.28549545E-01  1.10700607E+00  1.09818123E-01
4.28937549E-01  1.00567245E+00  1.10475786E-01
4.29325552E-01  8.06709290E-01  1.11313149E-01
4.29713555E-01  9.25487518E-01  1.11981951E-01
4.30101558E-01  9.42413330E-01  1.12599395E-01


### HEADER:
#
#{
#    "analysis": {},
#    "calibration_params": {
#        "Beam_Center_X": 739.0457667593599,
#        "Beam_Center_Y": 749.1905114608388,
#        "Detector Tilt": 0.2562910903638858,
#        "Detector Tilt Plane Rotation": 132.57722223850126,
#        "Detector_X_Pixel_Size": 172.0,
#        "Detector_Y_Pixel_Size": 172.0,
#        "Integration Method": "full_csr",
#        "Radial_Average_Method": "pyFAI",
#        "Sample-to-detector distance (mm)": 2690.0,
#        "Wavelength (A)": 1.0332016536100022
#    },
#    "config_file": "C:\\Users\\biosaxs\\Desktop\\userdata\\cfg\\20231104.cfg",
#    "counters": {
#        "Code": "",
#        "Exposure_time_s": "1.0",
#        "SAXS_Position": "saxs",
#        "Wavelength_nm": "0.1033nm"
#    },
#    "filename": "S_A_Ecoli_37_0005_00020",
#    "history": {
#        "subtraction": {
#            "initial_file": [
#                "A_Ecoli_37_0005_00020",
#                {
#                    "averaged_files": [
#                        [
#                            "Ecoli_37_0005_00020.tif"
#                        ],
#                        [
#                            "Ecoli_37_0005_00019.tif"
#                        ],
#                        [
#                            "Ecoli_37_0005_00018.tif"
#                        ],
#                        [
#                            "Ecoli_37_0005_00017.tif"
#                        ],
#                        [
#                            "Ecoli_37_0005_00016.tif"
#                        ],
#                        [
#                            "Ecoli_37_0005_00015.tif"
#                        ],
#                        [
#                            "Ecoli_37_0005_00014.tif"
#                        ],
#                        [
#                            "Ecoli_37_0005_00013.tif"
#                        ],
#                        [
#                            "Ecoli_37_0005_00012.tif"
#                        ],
#                        [
#                            "Ecoli_37_0005_00011.tif"
#                        ],
#                        [
#                            "Ecoli_37_0005_00010.tif"
#                        ],
#                        [
#                            "Ecoli_37_0005_00009.tif"
#                        ],
#                        [
#                            "Ecoli_37_0005_00008.tif"
#                        ],
#                        [
#                            "Ecoli_37_0005_00007.tif"
#                        ],
#                        [
#                            "Ecoli_37_0005_00006.tif"
#                        ],
#                        [
#                            "Ecoli_37_0005_00005.tif"
#                        ],
#                        [
#                            "Ecoli_37_0005_00004.tif"
#                        ],
#                        [
#                            "Ecoli_37_0005_00003.tif"
#                        ],
#                        [
#                            "Ecoli_37_0005_00002.tif"
#                        ],
#                        [
#                            "Ecoli_37_0005_00001.tif"
#                        ]
#                    ]
#                }
#            ],
#            "subtracted_file": [
#                "A_buffer_37_0004_00020",
#                {
#                    "averaged_files": [
#                        [
#                            "buffer_37_0004_00020.tif"
#                        ],
#                        [
#                            "buffer_37_0004_00019.tif"
#                        ],
#                        [
#                            "buffer_37_0004_00018.tif"
#                        ],
#                        [
#                            "buffer_37_0004_00017.tif"
#                        ],
#                        [
#                            "buffer_37_0004_00016.tif"
#                        ],
#                        [
#                            "buffer_37_0004_00015.tif"
#                        ],
#                        [
#                            "buffer_37_0004_00014.tif"
#                        ],
#                        [
#                            "buffer_37_0004_00013.tif"
#                        ],
#                        [
#                            "buffer_37_0004_00012.tif"
#                        ],
#                        [
#                            "buffer_37_0004_00011.tif"
#                        ],
#                        [
#                            "buffer_37_0004_00010.tif"
#                        ],
#                        [
#                            "buffer_37_0004_00009.tif"
#                        ],
#                        [
#                            "buffer_37_0004_00008.tif"
#                        ],
#                        [
#                            "buffer_37_0004_00007.tif"
#                        ],
#                        [
#                            "buffer_37_0004_00006.tif"
#                        ],
#                        [
#                            "buffer_37_0004_00005.tif"
#                        ],
#                        [
#                            "buffer_37_0004_00004.tif"
#                        ],
#                        [
#                            "buffer_37_0004_00003.tif"
#                        ],
#                        [
#                            "buffer_37_0004_00002.tif"
#                        ],
#                        [
#                            "buffer_37_0004_00001.tif"
#                        ]
#                    ]
#                }
#            ]
#        }
#    },
#    "imageHeader": {
#        "Alpha": "0.0000 deg.",
#        "Angle_increment": "0.1000 deg.",
#        "Beam_xy": "(0.00, 0.00) pixels",
#        "Chi": "0.0000 deg.",
#        "Count_cutoff": "1157021 counts",
#        "Detector_2theta": "0.0000 deg.",
#        "Detector_Voffset": "0.00000 m",
#        "Detector_distance": "1.00000 m",
#        "Energy_range": "(0, 0) eV",
#        "Excluded_pixels": "badpix_mask.tif",
#        "Exposure_period": "1.1000000 s",
#        "Exposure_time": "1.0000000 s",
#        "Filter_transmission": "1.0000",
#        "Flat_field": "FF_p24-0163_E12000_T6000_vrf_m0p100.tif",
#        "Flux": "0.000000",
#        "Gain_setting": "autog (vrf = 1.000)",
#        "Image_path": "/public/Data/2023/202311/20231105/yongfeng/",
#        "Kappa": "0.0000 deg.",
#        "N_excluded_pixels": "61",
#        "N_oscillations": "1",
#        "Oscillation_axis": "X, CW",
#        "Phi": "0.0000 deg.",
#        "Pixel_size": "172e-6 m x 172e-6 m",
#        "Polarization": "0.990",
#        "Ratecorr_lut_directory": "ContinuousStandard_v1.1",
#        "Retrigger_mode": "1",
#        "Silicon": "sensor, thickness 0.000450",
#        "Tau": "0 s",
#        "Threshold_setting": "6000 eV",
#        "Trim_file": "p24-0163_E12000_T6000.bin",
#        "Wavelength (A)": "1.54000 A"
#    },
#    "normalizations": {
#        "Counter_norms": [
#            [
#                "/",
#                "Transmitted_Beam"
#            ]
#        ],
#        "Polarization": {
#            "Used": false
#        },
#        "Solid_Angle_Correction": "On"
#    },
#    "raw_version": "2.1.1"
#}

