### DATA:
#
# 1093
#      Q             I(Q)           Error     
6.40205297E-03  8.23161621E+02  3.26287436E+00
6.79005618E-03  7.10336914E+02  2.66121006E+00
7.17805939E-03  6.06100098E+02  2.22804594E+00
7.56606260E-03  5.03841797E+02  1.92402887E+00
7.95406581E-03  4.26828125E+02  1.71900415E+00
8.34206902E-03  3.61167236E+02  1.54381061E+00
8.73007223E-03  3.10041138E+02  1.38393807E+00
9.11807544E-03  2.70203125E+02  1.23362088E+00
9.50607865E-03  2.36068115E+02  1.10446596E+00
9.89408186E-03  2.07681763E+02  9.97464716E-01
1.02820851E-02  1.82861694E+02  9.05129015E-01
1.06700883E-02  1.61499512E+02  8.26159656E-01
1.10580915E-02  1.44081787E+02  7.57444918E-01
1.14460947E-02  1.28649902E+02  6.96787596E-01
1.18340979E-02  1.15123535E+02  6.44322336E-01
1.22221011E-02  1.03370422E+02  5.96868157E-01
1.26101043E-02  9.40092163E+01  5.55576861E-01
1.29981075E-02  8.51257935E+01  5.19254148E-01
1.33861107E-02  7.71738281E+01  4.85541523E-01
1.37741140E-02  7.01646423E+01  4.55740482E-01
1.41621172E-02  6.44761353E+01  4.28821474E-01
1.45501204E-02  5.90765686E+01  4.04540032E-01
1.49381236E-02  5.47612610E+01  3.82743239E-01
1.53261268E-02  5.02502136E+01  3.62779915E-01
1.57141300E-02  4.61250610E+01  3.44932824E-01
1.61021332E-02  4.26433411E+01  3.27951640E-01
1.64901364E-02  3.91996460E+01  3.12554508E-01
1.68781396E-02  3.74325409E+01  2.98350304E-01
1.72661428E-02  3.42411346E+01  2.85609394E-01
1.76541461E-02  3.20107880E+01  2.73716122E-01
1.80421493E-02  3.00683746E+01  2.62696773E-01
1.84301525E-02  2.74116669E+01  2.52544254E-01
1.88181557E-02  2.66372681E+01  2.43333772E-01
1.92061589E-02  2.51592255E+01  2.34561145E-01
1.95941621E-02  2.33685150E+01  2.26730764E-01
1.99821653E-02  2.14716034E+01  2.18996674E-01
2.03701685E-02  2.02919769E+01  2.12125212E-01
2.07581717E-02  1.93854370E+01  2.05627799E-01
2.11461749E-02  1.83631592E+01  1.99539527E-01
2.15341782E-02  1.69117279E+01  1.93935156E-01
2.19221814E-02  1.58775024E+01  1.88551769E-01
2.23101846E-02  1.52625122E+01  1.83578461E-01
2.26981878E-02  1.46564255E+01  1.78808793E-01
2.30861910E-02  1.35552979E+01  1.74536869E-01
2.34741942E-02  1.31201706E+01  1.70490772E-01
2.38621974E-02  1.26442108E+01  1.66701436E-01
2.42502006E-02  1.18221588E+01  1.62981138E-01
2.46382038E-02  1.14847794E+01  1.59457177E-01
2.50262070E-02  1.06436310E+01  1.56146780E-01
2.54142103E-02  1.04104156E+01  1.53042227E-01
2.58022135E-02  9.92475891E+00  1.50312722E-01
2.61902167E-02  9.42431641E+00  1.47465125E-01
2.65782199E-02  8.99262238E+00  1.44830748E-01
2.69662231E-02  8.44966888E+00  1.42355040E-01
2.73542263E-02  8.47032166E+00  1.39949113E-01
2.77422295E-02  8.02680206E+00  1.37717754E-01
2.81302327E-02  7.52610779E+00  1.35565877E-01
2.85182359E-02  7.48331451E+00  1.33578971E-01
2.89062391E-02  6.80384064E+00  1.31467372E-01
2.92942424E-02  6.88185883E+00  1.29594937E-01
2.96822456E-02  6.49483490E+00  1.27827734E-01
3.00702488E-02  6.22427368E+00  1.26207218E-01
3.04582520E-02  6.18666077E+00  1.24689475E-01
3.08462552E-02  5.95536041E+00  1.23060293E-01
3.12342584E-02  5.69550323E+00  1.21615537E-01
3.16222616E-02  5.50467682E+00  1.22114383E-01
3.20102648E-02  5.19972992E+00  1.22661926E-01
3.23982680E-02  5.33641815E+00  1.22547023E-01
3.27862712E-02  5.34734344E+00  1.22231789E-01
3.31742745E-02  5.07154846E+00  1.21750593E-01
3.35622777E-02  5.13023376E+00  1.21247120E-01
3.39502809E-02  4.94061279E+00  1.20688736E-01
3.43382841E-02  4.79859924E+00  1.20081790E-01
3.47262873E-02  4.62278748E+00  1.19736366E-01
3.51142905E-02  4.64302826E+00  1.19082600E-01
3.55022937E-02  4.70289612E+00  1.18561208E-01
3.58902969E-02  4.61450195E+00  1.17939278E-01
3.62783001E-02  4.35369110E+00  1.17439404E-01
3.66663033E-02  4.48735809E+00  1.16897836E-01
3.70543066E-02  4.30357361E+00  1.16170399E-01
3.74423098E-02  4.31058502E+00  1.15757175E-01
3.78303130E-02  3.97078705E+00  1.15090393E-01
3.82183162E-02  3.99298859E+00  1.14527427E-01
3.86063194E-02  3.79615784E+00  1.12238020E-01
3.89943226E-02  3.76982880E+00  1.09802045E-01
3.93823258E-02  3.82852936E+00  1.08114414E-01
3.97703290E-02  3.81259918E+00  1.06778711E-01
4.01583322E-02  3.71829987E+00  1.05559640E-01
4.05463354E-02  3.76243591E+00  1.04401655E-01
4.09343387E-02  3.60173798E+00  1.03437863E-01
4.13223419E-02  3.70183563E+00  1.02452971E-01
4.17103451E-02  3.57222748E+00  1.01590082E-01
4.20983483E-02  3.44262695E+00  1.00717492E-01
4.24863515E-02  3.46381378E+00  9.98147205E-02
4.28743547E-02  3.43755341E+00  9.89959836E-02
4.32623579E-02  3.26802826E+00  9.82789323E-02
4.36503611E-02  3.24930573E+00  9.75721776E-02
4.40383643E-02  3.30738831E+00  9.68519375E-02
4.44263675E-02  3.26706696E+00  9.61779878E-02
4.48143708E-02  3.52047729E+00  9.57407877E-02
4.52023740E-02  3.36004639E+00  9.59704220E-02
4.55903772E-02  3.24237823E+00  9.60392579E-02
4.59783804E-02  3.20261383E+00  9.60926265E-02
4.63663836E-02  3.12963867E+00  9.59970504E-02
4.67543868E-02  3.14601135E+00  9.59235430E-02
4.71423900E-02  3.07083893E+00  9.57846195E-02
4.75303932E-02  3.25920868E+00  9.55113992E-02
4.79183964E-02  3.30841064E+00  9.53597203E-02
4.83063996E-02  3.04885864E+00  9.52438042E-02
4.86944029E-02  2.97133636E+00  9.49519947E-02
4.90824061E-02  2.91974640E+00  9.47919786E-02
4.94704093E-02  2.95421600E+00  9.47237909E-02
4.98584125E-02  2.99958038E+00  9.44223925E-02
5.02464157E-02  2.86202240E+00  9.42310244E-02
5.06344189E-02  2.70165253E+00  9.40427482E-02
5.10224221E-02  2.73025513E+00  9.35646966E-02
5.14104253E-02  2.67990112E+00  9.23719481E-02
5.17984285E-02  2.70191956E+00  9.11268070E-02
5.21864318E-02  2.82288361E+00  9.00695696E-02
5.25744350E-02  2.72439575E+00  8.92404616E-02
5.29624382E-02  2.78485870E+00  8.84840339E-02
5.33504414E-02  2.70497131E+00  8.77909288E-02
5.37384446E-02  2.80461884E+00  8.71768072E-02
5.41264478E-02  2.79695129E+00  8.65348428E-02
5.45144510E-02  2.67600250E+00  8.59779418E-02
5.49024542E-02  2.62892151E+00  8.53645578E-02
5.52904574E-02  2.42406464E+00  8.48878920E-02
5.56784606E-02  2.49658203E+00  8.43776688E-02
5.60664639E-02  2.46052551E+00  8.39515477E-02
5.64544671E-02  2.55783844E+00  8.34365487E-02
5.68424703E-02  2.51933289E+00  8.30314457E-02
5.72304735E-02  2.52398682E+00  8.26160833E-02
5.76184767E-02  2.48420715E+00  8.21161196E-02
5.80064799E-02  2.43822479E+00  8.18105862E-02
5.83944831E-02  2.50088501E+00  8.13113078E-02
5.87824863E-02  2.47422028E+00  8.09263736E-02
5.91704895E-02  2.52115631E+00  8.05699155E-02
5.95584927E-02  2.41905212E+00  8.01725090E-02
5.99464960E-02  2.50730896E+00  7.98160806E-02
6.03344992E-02  2.35311890E+00  7.94327855E-02
6.07225024E-02  2.41786957E+00  7.90213048E-02
6.11105056E-02  2.26696777E+00  7.86962658E-02
6.14985088E-02  2.25887299E+00  7.83559009E-02
6.18865120E-02  2.33048248E+00  7.80582502E-02
6.22745152E-02  2.33928680E+00  7.76982531E-02
6.26625184E-02  2.33106995E+00  7.74002895E-02
6.30505216E-02  2.31570435E+00  7.70178586E-02
6.34385248E-02  2.44195557E+00  7.67042711E-02
6.38265281E-02  2.39904785E+00  7.63374940E-02
6.42145313E-02  2.30139923E+00  7.60714784E-02
6.46025345E-02  2.30879974E+00  7.57397041E-02
6.49905377E-02  2.19386292E+00  7.54638687E-02
6.53785409E-02  2.23182678E+00  7.50894248E-02
6.57665441E-02  2.16204834E+00  7.48198256E-02
6.61545473E-02  2.21678162E+00  7.44788423E-02
6.65425505E-02  2.21663666E+00  7.42176622E-02
6.69305537E-02  2.12319183E+00  7.38907456E-02
6.73185569E-02  2.22634125E+00  7.35878572E-02
6.77065602E-02  2.14290619E+00  7.32789561E-02
6.80945634E-02  2.09977722E+00  7.29712173E-02
6.84825666E-02  2.04279327E+00  7.27024078E-02
6.88705698E-02  2.14723969E+00  7.24224746E-02
6.92585730E-02  2.21443939E+00  7.21157566E-02
6.96465762E-02  2.10845947E+00  7.18357638E-02
7.00345794E-02  2.06170654E+00  7.15842769E-02
7.04225826E-02  1.98856354E+00  7.13365898E-02
7.08105858E-02  2.03494263E+00  7.10468665E-02
7.11985890E-02  2.10668182E+00  7.07672015E-02
7.15865923E-02  2.05667114E+00  7.04700574E-02
7.19745955E-02  2.01288605E+00  7.02592432E-02
7.23625987E-02  1.93096161E+00  7.00474903E-02
7.27506019E-02  1.89878082E+00  6.97448030E-02
7.31386051E-02  2.07834625E+00  6.95308074E-02
7.35266083E-02  2.07328796E+00  6.92222044E-02
7.39146115E-02  2.00971222E+00  6.89509660E-02
7.43026147E-02  1.97444916E+00  6.87838420E-02
7.46906179E-02  1.97310638E+00  6.85030296E-02
7.50786211E-02  1.86686707E+00  6.83057606E-02
7.54666244E-02  1.91126251E+00  6.80225864E-02
7.58546276E-02  1.88989258E+00  6.77860975E-02
7.62426308E-02  1.88687134E+00  6.75922036E-02
7.66306340E-02  1.78494263E+00  6.73455670E-02
7.70186372E-02  1.86607361E+00  6.71094507E-02
7.74066404E-02  2.03617859E+00  6.68979734E-02
7.77946436E-02  1.95553589E+00  6.66518807E-02
7.81826468E-02  1.94196320E+00  6.63856044E-02
7.85706500E-02  1.99076080E+00  6.62648231E-02
7.89586532E-02  1.93829346E+00  6.60462230E-02
7.93466565E-02  1.90719604E+00  6.57683611E-02
7.97346597E-02  1.80303192E+00  6.55655935E-02
8.01226629E-02  1.79306793E+00  6.53544217E-02
8.05106661E-02  1.87829590E+00  6.51599690E-02
8.08986693E-02  1.85157013E+00  6.49200305E-02
8.12866725E-02  1.92821503E+00  6.47117421E-02
8.16746757E-02  2.01837921E+00  6.45324141E-02
8.20626789E-02  1.80846405E+00  6.43097237E-02
8.24506821E-02  1.81470490E+00  6.41416088E-02
8.28386853E-02  1.84628296E+00  6.39369041E-02
8.32266886E-02  1.90643311E+00  6.37651980E-02
8.36146918E-02  1.95388031E+00  6.35398105E-02
8.40026950E-02  1.87882233E+00  6.33590296E-02
8.43906982E-02  1.81593323E+00  6.31770790E-02
8.47787014E-02  1.81515503E+00  6.29330054E-02
8.51667046E-02  1.82382965E+00  6.27806485E-02
8.55547078E-02  1.82809448E+00  6.25863597E-02
8.59427110E-02  1.85970306E+00  6.23990931E-02
8.63307142E-02  1.78514862E+00  6.22633547E-02
8.67187174E-02  1.84147644E+00  6.20768741E-02
8.71067207E-02  1.89167786E+00  6.19310178E-02
8.74947239E-02  1.88787842E+00  6.17415458E-02
8.78827271E-02  1.73845673E+00  6.15368299E-02
8.82707303E-02  1.78614807E+00  6.13889359E-02
8.86587335E-02  1.76288605E+00  6.11935779E-02
8.90467367E-02  1.71973419E+00  6.10635765E-02
8.94347399E-02  1.79864502E+00  6.09064326E-02
8.98227431E-02  1.90396118E+00  6.06849231E-02
9.02107463E-02  1.90857697E+00  6.05443493E-02
9.05987495E-02  1.72757721E+00  6.03552535E-02
9.09867528E-02  1.84529877E+00  6.02314472E-02
9.13747560E-02  1.75586700E+00  6.00298606E-02
9.17627592E-02  1.77242279E+00  5.99060766E-02
9.21507624E-02  1.73978424E+00  5.97626530E-02
9.25387656E-02  1.69295502E+00  5.96518442E-02
9.29267688E-02  1.84187317E+00  5.94857372E-02
9.33147720E-02  1.80484390E+00  5.93259968E-02
9.37027752E-02  1.78781891E+00  5.92113473E-02
9.40907784E-02  1.72964478E+00  5.93977012E-02
9.44787816E-02  1.74240112E+00  5.98790906E-02
9.48667849E-02  1.70396423E+00  6.04649484E-02
9.52547881E-02  1.67318344E+00  6.12930059E-02
9.56427913E-02  1.65875244E+00  6.18439354E-02
9.60307945E-02  1.69250488E+00  6.22748770E-02
9.64187977E-02  1.78000259E+00  6.26289397E-02
9.68068009E-02  1.68564987E+00  6.29829615E-02
9.71948041E-02  1.71901321E+00  6.28333092E-02
9.75828073E-02  1.75800323E+00  6.23150244E-02
9.79708105E-02  1.72918701E+00  6.17365092E-02
9.83588137E-02  1.69559860E+00  6.08476326E-02
9.87468170E-02  1.74522400E+00  6.03122972E-02
9.91348202E-02  1.79240417E+00  5.99003546E-02
9.95228234E-02  1.73516464E+00  5.95216230E-02
9.99108266E-02  1.76318741E+00  5.91576509E-02
1.00298830E-01  1.75329208E+00  5.87664619E-02
1.00686833E-01  1.68071365E+00  5.84392622E-02
1.01074836E-01  1.71516037E+00  5.81196249E-02
1.01462839E-01  1.81037521E+00  5.77723943E-02
1.01850843E-01  1.72869110E+00  5.74931204E-02
1.02238846E-01  1.66629410E+00  5.73026538E-02
1.02626849E-01  1.64397049E+00  5.71461916E-02
1.03014852E-01  1.69390488E+00  5.70825823E-02
1.03402855E-01  1.71617889E+00  5.70147932E-02
1.03790859E-01  1.71228409E+00  5.69118448E-02
1.04178862E-01  1.77909851E+00  5.68556041E-02
1.04566865E-01  1.75778580E+00  5.67197613E-02
1.04954868E-01  1.74612045E+00  5.65587617E-02
1.05342872E-01  1.76726913E+00  5.63517399E-02
1.05730875E-01  1.79275513E+00  5.61359078E-02
1.06118878E-01  1.65286636E+00  5.58925495E-02
1.06506881E-01  1.68602753E+00  5.56636825E-02
1.06894884E-01  1.69133377E+00  5.54989129E-02
1.07282888E-01  1.70118713E+00  5.53709045E-02
1.07670891E-01  1.71938324E+00  5.52203469E-02
1.08058894E-01  1.64215469E+00  5.51632978E-02
1.08446897E-01  1.69482040E+00  5.50976396E-02
1.08834900E-01  1.63149643E+00  5.50718941E-02
1.09222904E-01  1.70831299E+00  5.50713427E-02
1.09610907E-01  1.76605606E+00  5.49883060E-02
1.09998910E-01  1.76646423E+00  5.48883565E-02
1.10386913E-01  1.64056778E+00  5.48348092E-02
1.10774916E-01  1.61888504E+00  5.47088124E-02
1.11162920E-01  1.62609100E+00  5.45971133E-02
1.11550923E-01  1.62040329E+00  5.44511899E-02
1.11938926E-01  1.68353653E+00  5.43737449E-02
1.12326929E-01  1.83489227E+00  5.42617589E-02
1.12714933E-01  1.66604614E+00  5.41284196E-02
1.13102936E-01  1.63222122E+00  5.40643223E-02
1.13490939E-01  1.63851547E+00  5.39195873E-02
1.13878942E-01  1.64836884E+00  5.40967174E-02
1.14266945E-01  1.66703415E+00  5.45773841E-02
1.14654949E-01  1.71317673E+00  5.47705293E-02
1.15042952E-01  1.62837982E+00  5.49185164E-02
1.15430955E-01  1.67426300E+00  5.50525971E-02
1.15818958E-01  1.68265915E+00  5.51408119E-02
1.16206961E-01  1.61167526E+00  5.51628545E-02
1.16594965E-01  1.67729950E+00  5.52268475E-02
1.16982968E-01  1.71817780E+00  5.52486554E-02
1.17370971E-01  1.60901260E+00  5.53137846E-02
1.17758974E-01  1.66365433E+00  5.53547665E-02
1.18146977E-01  1.63391113E+00  5.53511046E-02
1.18534981E-01  1.75646591E+00  5.53584658E-02
1.18922984E-01  1.67618942E+00  5.53398281E-02
1.19310987E-01  1.66969681E+00  5.53627647E-02
1.19698990E-01  1.66947174E+00  5.53468466E-02
1.20086994E-01  1.70586395E+00  5.53444959E-02
1.20474997E-01  1.67120361E+00  5.53363636E-02
1.20863000E-01  1.67744064E+00  5.50219379E-02
1.21251003E-01  1.68529129E+00  5.43829203E-02
1.21639006E-01  1.68162537E+00  5.39855361E-02
1.22027010E-01  1.61932373E+00  5.37343584E-02
1.22415013E-01  1.70429230E+00  5.35333045E-02
1.22803016E-01  1.62474823E+00  5.32924049E-02
1.23191019E-01  1.60633850E+00  5.31054102E-02
1.23579022E-01  1.65130997E+00  5.28981611E-02
1.23967026E-01  1.54019547E+00  5.27335107E-02
1.24355029E-01  1.72867966E+00  5.26196249E-02
1.24743032E-01  1.72048950E+00  5.24418131E-02
1.25131035E-01  1.68710709E+00  5.23036011E-02
1.25519038E-01  1.73706436E+00  5.21594547E-02
1.25907042E-01  1.68279266E+00  5.20048738E-02
1.26295045E-01  1.72725296E+00  5.18994927E-02
1.26683048E-01  1.62298584E+00  5.20972386E-02
1.27071051E-01  1.64856339E+00  5.23417555E-02
1.27459054E-01  1.63550949E+00  5.24881966E-02
1.27847058E-01  1.66872025E+00  5.25800586E-02
1.28235061E-01  1.62548828E+00  5.26564866E-02
1.28623064E-01  1.60141373E+00  5.27296625E-02
1.29011067E-01  1.66380692E+00  5.27825095E-02
1.29399071E-01  1.69389725E+00  5.27985469E-02
1.29787074E-01  1.63270569E+00  5.28284870E-02
1.30175077E-01  1.64830399E+00  5.28522953E-02
1.30563080E-01  1.58663940E+00  5.28522171E-02
1.30951083E-01  1.58957672E+00  5.28766215E-02
1.31339087E-01  1.64786530E+00  5.28924428E-02
1.31727090E-01  1.63773727E+00  5.28993756E-02
1.32115093E-01  1.60940170E+00  5.28730974E-02
1.32503096E-01  1.54470825E+00  5.28710224E-02
1.32891099E-01  1.61879349E+00  5.28552160E-02
1.33279103E-01  1.67858887E+00  5.28039150E-02
1.33667106E-01  1.57600403E+00  5.24783805E-02
1.34055109E-01  1.66241455E+00  5.20672351E-02
1.34443112E-01  1.61933136E+00  5.17854430E-02
1.34831115E-01  1.58770370E+00  5.15584908E-02
1.35219119E-01  1.61304092E+00  5.13601974E-02
1.35607122E-01  1.62703705E+00  5.11636399E-02
1.35995125E-01  1.50682831E+00  5.09501547E-02
1.36383128E-01  1.57745743E+00  5.07665426E-02
1.36771132E-01  1.58985519E+00  5.06089106E-02
1.37159135E-01  1.61106873E+00  5.04678451E-02
1.37547138E-01  1.50221252E+00  5.03562838E-02
1.37935141E-01  1.49695587E+00  5.01746163E-02
1.38323144E-01  1.48752975E+00  5.00455499E-02
1.38711148E-01  1.51506805E+00  4.99212816E-02
1.39099151E-01  1.53743744E+00  4.97905239E-02
1.39487154E-01  1.54396820E+00  4.96589728E-02
1.39875157E-01  1.57195282E+00  4.95340563E-02
1.40263160E-01  1.55555725E+00  4.94280048E-02
1.40651164E-01  1.57704926E+00  4.92957197E-02
1.41039167E-01  1.62617493E+00  4.91694249E-02
1.41427170E-01  1.61389160E+00  4.90779541E-02
1.41815173E-01  1.60499954E+00  4.89597544E-02
1.42203176E-01  1.61809921E+00  4.88520786E-02
1.42591180E-01  1.53074646E+00  4.87654656E-02
1.42979183E-01  1.54794693E+00  4.86483574E-02
1.43367186E-01  1.58940125E+00  4.85821441E-02
1.43755189E-01  1.51483536E+00  4.85222787E-02
1.44143193E-01  1.55765152E+00  4.84043658E-02
1.44531196E-01  1.55149841E+00  4.82735075E-02
1.44919199E-01  1.54912567E+00  4.81851958E-02
1.45307202E-01  1.60485458E+00  4.80942465E-02
1.45695205E-01  1.56409454E+00  4.79837060E-02
1.46083209E-01  1.51854324E+00  4.79180738E-02
1.46471212E-01  1.53070068E+00  4.78114188E-02
1.46859215E-01  1.61706161E+00  4.77133170E-02
1.47247218E-01  1.56543350E+00  4.76241857E-02
1.47635221E-01  1.58644104E+00  4.75252010E-02
1.48023225E-01  1.60198212E+00  4.74178754E-02
1.48411228E-01  1.49481964E+00  4.72975336E-02
1.48799231E-01  1.48407364E+00  4.71801050E-02
1.49187234E-01  1.51065063E+00  4.70261872E-02
1.49575237E-01  1.58839035E+00  4.69163060E-02
1.49963241E-01  1.60792160E+00  4.67906669E-02
1.50351244E-01  1.56288147E+00  4.67076898E-02
1.50739247E-01  1.62100601E+00  4.66232933E-02
1.51127250E-01  1.59431839E+00  4.65413667E-02
1.51515254E-01  1.57529449E+00  4.64316308E-02
1.51903257E-01  1.56338882E+00  4.63661030E-02
1.52291260E-01  1.58521652E+00  4.62906249E-02
1.52679263E-01  1.44404984E+00  4.62195948E-02
1.53067266E-01  1.51074219E+00  4.61343490E-02
1.53455270E-01  1.50720978E+00  4.60758023E-02
1.53843273E-01  1.52893066E+00  4.60367724E-02
1.54231276E-01  1.50685883E+00  4.60109971E-02
1.54619279E-01  1.58034897E+00  4.59507219E-02
1.55007282E-01  1.56837463E+00  4.59038354E-02
1.55395286E-01  1.52585220E+00  4.58557755E-02
1.55783289E-01  1.53835678E+00  4.57759388E-02
1.56171292E-01  1.52973557E+00  4.57066186E-02
1.56559295E-01  1.44397354E+00  4.56201248E-02
1.56947298E-01  1.53488922E+00  4.55768220E-02
1.57335302E-01  1.56483078E+00  4.55006957E-02
1.57723305E-01  1.50785446E+00  4.54102904E-02
1.58111308E-01  1.45605469E+00  4.53170314E-02
1.58499311E-01  1.43632507E+00  4.52005416E-02
1.58887315E-01  1.48506546E+00  4.50838022E-02
1.59275318E-01  1.45823288E+00  4.50014323E-02
1.59663321E-01  1.58313751E+00  4.48714457E-02
1.60051324E-01  1.46961594E+00  4.48166206E-02
1.60439327E-01  1.40773010E+00  4.47152294E-02
1.60827331E-01  1.44620895E+00  4.46519740E-02
1.61215334E-01  1.47217560E+00  4.45801020E-02
1.61603337E-01  1.45692825E+00  4.45187576E-02
1.61991340E-01  1.46383667E+00  4.44380380E-02
1.62379343E-01  1.45027161E+00  4.43917625E-02
1.62767347E-01  1.39400864E+00  4.43278812E-02
1.63155350E-01  1.50055313E+00  4.42408472E-02
1.63543353E-01  1.48954391E+00  4.41824608E-02
1.63931356E-01  1.48804474E+00  4.41528633E-02
1.64319359E-01  1.47589493E+00  4.41108234E-02
1.64707363E-01  1.43489075E+00  4.40811776E-02
1.65095366E-01  1.46462631E+00  4.40514609E-02
1.65483369E-01  1.54296875E+00  4.39975075E-02
1.65871372E-01  1.51595688E+00  4.39453088E-02
1.66259376E-01  1.45484543E+00  4.38495465E-02
1.66647379E-01  1.39731216E+00  4.37863134E-02
1.67035382E-01  1.42798615E+00  4.37323935E-02
1.67423385E-01  1.49593735E+00  4.36611399E-02
1.67811388E-01  1.46816635E+00  4.36046161E-02
1.68199392E-01  1.49007034E+00  4.35586050E-02
1.68587395E-01  1.56271744E+00  4.34895121E-02
1.68975398E-01  1.50437164E+00  4.33928967E-02
1.69363401E-01  1.41310120E+00  4.33451831E-02
1.69751404E-01  1.40516663E+00  4.32803705E-02
1.70139408E-01  1.47910309E+00  4.32133265E-02
1.70527411E-01  1.49098206E+00  4.31639254E-02
1.70915414E-01  1.45702744E+00  4.30891961E-02
1.71303417E-01  1.41995621E+00  4.30496261E-02
1.71691420E-01  1.44104385E+00  4.29824777E-02
1.72079424E-01  1.41782761E+00  4.29095104E-02
1.72467427E-01  1.47731018E+00  4.28828374E-02
1.72855430E-01  1.38891983E+00  4.28182781E-02
1.73243433E-01  1.43177032E+00  4.27576043E-02
1.73631436E-01  1.54304504E+00  4.26847152E-02
1.74019440E-01  1.47499084E+00  4.26196828E-02
1.74407443E-01  1.46450806E+00  4.25785966E-02
1.74795446E-01  1.43178558E+00  4.24857624E-02
1.75183449E-01  1.42223358E+00  4.24442142E-02
1.75571453E-01  1.34229279E+00  4.23851199E-02
1.75959456E-01  1.43521500E+00  4.23283093E-02
1.76347459E-01  1.39607239E+00  4.22456414E-02
1.76735462E-01  1.45389938E+00  4.21997160E-02
1.77123465E-01  1.54181290E+00  4.21442054E-02
1.77511469E-01  1.47692490E+00  4.20801006E-02
1.77899472E-01  1.49763489E+00  4.20154929E-02
1.78287475E-01  1.41611862E+00  4.19419147E-02
1.78675478E-01  1.41044235E+00  4.19089235E-02
1.79063481E-01  1.44939041E+00  4.18425389E-02
1.79451485E-01  1.38114166E+00  4.17760536E-02
1.79839488E-01  1.49889755E+00  4.17202003E-02
1.80227491E-01  1.47175980E+00  4.16513421E-02
1.80615494E-01  1.35510254E+00  4.15918082E-02
1.81003497E-01  1.44761658E+00  4.15378474E-02
1.81391501E-01  1.44624710E+00  4.14842069E-02
1.81779504E-01  1.41428757E+00  4.14188132E-02
1.82167507E-01  1.38288498E+00  4.13656309E-02
1.82555510E-01  1.39784622E+00  4.13208343E-02
1.82943514E-01  1.38923645E+00  4.12644520E-02
1.83331517E-01  1.38483429E+00  4.12053689E-02
1.83719520E-01  1.40041733E+00  4.11320664E-02
1.84107523E-01  1.37081909E+00  4.11013365E-02
1.84495526E-01  1.49390793E+00  4.10529897E-02
1.84883530E-01  1.42988586E+00  4.09806520E-02
1.85271533E-01  1.37315750E+00  4.09279801E-02
1.85659536E-01  1.39064789E+00  4.08606119E-02
1.86047539E-01  1.39505386E+00  4.08150144E-02
1.86435542E-01  1.32138824E+00  4.07816879E-02
1.86823546E-01  1.44153595E+00  4.07217294E-02
1.87211549E-01  1.43111801E+00  4.06792723E-02
1.87599552E-01  1.43680573E+00  4.06169631E-02
1.87987555E-01  1.44144440E+00  4.05761488E-02
1.88375558E-01  1.39337921E+00  4.05352637E-02
1.88763562E-01  1.37765503E+00  4.04735580E-02
1.89151565E-01  1.46985626E+00  4.04109322E-02
1.89539568E-01  1.43584442E+00  4.03654426E-02
1.89927571E-01  1.39376831E+00  4.03118283E-02
1.90315575E-01  1.41246796E+00  4.02654484E-02
1.90703578E-01  1.39196777E+00  4.02097851E-02
1.91091581E-01  1.31964874E+00  4.01418917E-02
1.91479584E-01  1.40686417E+00  4.01104577E-02
1.91867587E-01  1.43661880E+00  4.00575548E-02
1.92255591E-01  1.38677216E+00  3.99988219E-02
1.92643594E-01  1.40714264E+00  3.99479978E-02
1.93031597E-01  1.36037064E+00  3.99041697E-02
1.93419600E-01  1.38682175E+00  3.98573242E-02
1.93807603E-01  1.34870148E+00  3.97889614E-02
1.94195607E-01  1.38755035E+00  3.97354811E-02
1.94583610E-01  1.43952942E+00  3.96902710E-02
1.94971613E-01  1.48396301E+00  3.96358743E-02
1.95359616E-01  1.41959763E+00  3.96133251E-02
1.95747619E-01  1.37134933E+00  3.95551920E-02
1.96135623E-01  1.39836502E+00  3.95891517E-02
1.96523626E-01  1.34170151E+00  3.98365147E-02
1.96911629E-01  1.43851089E+00  3.99949178E-02
1.97299632E-01  1.36551285E+00  4.01027203E-02
1.97687636E-01  1.39303589E+00  4.01826613E-02
1.98075639E-01  1.40331650E+00  4.02400754E-02
1.98463642E-01  1.42126465E+00  4.02787291E-02
1.98851645E-01  1.37809372E+00  4.03094180E-02
1.99239648E-01  1.40821075E+00  4.03780863E-02
1.99627652E-01  1.34328079E+00  4.03831452E-02
2.00015655E-01  1.33319092E+00  4.04137634E-02
2.00403658E-01  1.31938934E+00  4.04460989E-02
2.00791661E-01  1.29714203E+00  4.04735245E-02
2.01179664E-01  1.36088562E+00  4.04912680E-02
2.01567668E-01  1.39678192E+00  4.05077226E-02
2.01955671E-01  1.31579590E+00  4.05168980E-02
2.02343674E-01  1.31628036E+00  4.05464172E-02
2.02731677E-01  1.38013458E+00  4.05348912E-02
2.03119680E-01  1.46817398E+00  4.04107347E-02
2.03507684E-01  1.31705475E+00  4.01190445E-02
2.03895687E-01  1.35988235E+00  3.99296433E-02
2.04283690E-01  1.41008377E+00  3.97735387E-02
2.04671693E-01  1.42997360E+00  3.96199115E-02
2.05059697E-01  1.36857605E+00  3.95393707E-02
2.05447700E-01  1.36254501E+00  3.94407436E-02
2.05835703E-01  1.33392334E+00  3.93509343E-02
2.06223706E-01  1.37922287E+00  3.92368548E-02
2.06611709E-01  1.31660461E+00  3.91493663E-02
2.06999713E-01  1.35458755E+00  3.90849710E-02
2.07387716E-01  1.32661819E+00  3.90137173E-02
2.07775719E-01  1.28941727E+00  3.89443189E-02
2.08163722E-01  1.37248993E+00  3.88643630E-02
2.08551725E-01  1.38330841E+00  3.88017371E-02
2.08939729E-01  1.44240189E+00  3.88987511E-02
2.09327732E-01  1.41759109E+00  3.90558839E-02
2.09715735E-01  1.40177917E+00  3.91550325E-02
2.10103738E-01  1.31133652E+00  3.92213203E-02
2.10491741E-01  1.35565948E+00  3.92836891E-02
2.10879745E-01  1.42924881E+00  3.93225104E-02
2.11267748E-01  1.38321304E+00  3.93577591E-02
2.11655751E-01  1.33116913E+00  3.93861905E-02
2.12043754E-01  1.31496048E+00  3.94159965E-02
2.12431757E-01  1.26239014E+00  3.94387245E-02
2.12819761E-01  1.28099823E+00  3.94567810E-02
2.13207764E-01  1.35858536E+00  3.94589305E-02
2.13595767E-01  1.32092285E+00  3.94685008E-02
2.13983770E-01  1.34327698E+00  3.94812077E-02
2.14371774E-01  1.30302429E+00  3.94891351E-02
2.14759777E-01  1.28889465E+00  3.94944921E-02
2.15147780E-01  1.32943726E+00  3.95042934E-02
2.15535783E-01  1.30371094E+00  3.94874476E-02
2.15923786E-01  1.36189651E+00  3.93653102E-02
2.16311790E-01  1.38024139E+00  3.91036160E-02
2.16699793E-01  1.32036591E+00  3.89206484E-02
2.17087796E-01  1.33457565E+00  3.87701392E-02
2.17475799E-01  1.31704330E+00  3.86467427E-02
2.17863802E-01  1.34886932E+00  3.85335535E-02
2.18251806E-01  1.32618332E+00  3.84145007E-02
2.18639809E-01  1.37399292E+00  3.82977873E-02
2.19027812E-01  1.34383011E+00  3.81944664E-02
2.19415815E-01  1.35564804E+00  3.80853303E-02
2.19803818E-01  1.28788757E+00  3.79981957E-02
2.20191822E-01  1.33575058E+00  3.79239209E-02
2.20579825E-01  1.27420044E+00  3.78664695E-02
2.20967828E-01  1.32488251E+00  3.77952904E-02
2.21355831E-01  1.33755875E+00  3.77248004E-02
2.21743835E-01  1.27225113E+00  3.76636311E-02
2.22131838E-01  1.34403229E+00  3.75998765E-02
2.22519841E-01  1.32351303E+00  3.75476591E-02
2.22907844E-01  1.30728531E+00  3.74729596E-02
2.23295847E-01  1.29028320E+00  3.74226235E-02
2.23683851E-01  1.26597977E+00  3.73574384E-02
2.24071854E-01  1.31192017E+00  3.72910872E-02
2.24459857E-01  1.31707382E+00  3.72679159E-02
2.24847860E-01  1.34355164E+00  3.72533537E-02
2.25235863E-01  1.32811737E+00  3.72188576E-02
2.25623867E-01  1.27794266E+00  3.71899344E-02
2.26011870E-01  1.31456375E+00  3.71345244E-02
2.26399873E-01  1.27548981E+00  3.70629877E-02
2.26787876E-01  1.25563431E+00  3.70127708E-02
2.27175879E-01  1.28630447E+00  3.69582474E-02
2.27563883E-01  1.30554581E+00  3.69076952E-02
2.27951886E-01  1.35504532E+00  3.68750840E-02
2.28339889E-01  1.35017776E+00  3.68012041E-02
2.28727892E-01  1.29238129E+00  3.67525220E-02
2.29115896E-01  1.32337570E+00  3.67192440E-02
2.29503899E-01  1.31670761E+00  3.66358459E-02
2.29891902E-01  1.34705353E+00  3.65577899E-02
2.30279905E-01  1.33453369E+00  3.64758931E-02
2.30667908E-01  1.24844742E+00  3.64204943E-02
2.31055912E-01  1.23206329E+00  3.63815464E-02
2.31443915E-01  1.29968262E+00  3.63471545E-02
2.31831918E-01  1.28103638E+00  3.62785682E-02
2.32219921E-01  1.31879807E+00  3.62207629E-02
2.32607924E-01  1.27848816E+00  3.61697301E-02
2.32995928E-01  1.27317047E+00  3.61388288E-02
2.33383931E-01  1.26024628E+00  3.60891409E-02
2.33771934E-01  1.23294830E+00  3.60619761E-02
2.34159937E-01  1.34877014E+00  3.59887183E-02
2.34547940E-01  1.33432770E+00  3.59676182E-02
2.34935944E-01  1.29008865E+00  3.59449759E-02
2.35323947E-01  1.28900528E+00  3.58893387E-02
2.35711950E-01  1.27253342E+00  3.58430780E-02
2.36099953E-01  1.28365707E+00  3.58192846E-02
2.36487957E-01  1.19675064E+00  3.58057395E-02
2.36875960E-01  1.25545502E+00  3.57782058E-02
2.37263963E-01  1.24580383E+00  3.57558578E-02
2.37651966E-01  1.22174072E+00  3.57171893E-02
2.38039969E-01  1.24119186E+00  3.56629044E-02
2.38427973E-01  1.22256088E+00  3.56210731E-02
2.38815976E-01  1.24258423E+00  3.55875641E-02
2.39203979E-01  1.30263901E+00  3.55428495E-02
2.39591982E-01  1.26931000E+00  3.54995877E-02
2.39979985E-01  1.23730850E+00  3.54603268E-02
2.40367989E-01  1.27251053E+00  3.54164727E-02
2.40755992E-01  1.26506424E+00  3.53794172E-02
2.41143995E-01  1.26417542E+00  3.53323929E-02
2.41531998E-01  1.27292252E+00  3.52891646E-02
2.41920001E-01  1.30841064E+00  3.52538638E-02
2.42308005E-01  1.29542923E+00  3.52087766E-02
2.42696008E-01  1.24974823E+00  3.51746716E-02
2.43084011E-01  1.30827713E+00  3.51332799E-02
2.43472014E-01  1.27964783E+00  3.50946821E-02
2.43860018E-01  1.26956177E+00  3.50708105E-02
2.44248021E-01  1.21540833E+00  3.50244790E-02
2.44636024E-01  1.22620773E+00  3.49773467E-02
2.45024027E-01  1.27377319E+00  3.49521935E-02
2.45412030E-01  1.23279572E+00  3.49119417E-02
2.45800034E-01  1.27057266E+00  3.48937176E-02
2.46188037E-01  1.24964905E+00  3.48343924E-02
2.46576040E-01  1.19268417E+00  3.47831510E-02
2.46964043E-01  1.24155045E+00  3.47385854E-02
2.47352046E-01  1.23583984E+00  3.47032845E-02
2.47740050E-01  1.25696182E+00  3.46600674E-02
2.48128053E-01  1.31163406E+00  3.46242487E-02
2.48516056E-01  1.25848770E+00  3.45892683E-02
2.48904059E-01  1.24358749E+00  3.45582031E-02
2.49292062E-01  1.23983765E+00  3.45210619E-02
2.49680066E-01  1.21595764E+00  3.44728604E-02
2.50068069E-01  1.23570633E+00  3.44253033E-02
2.50456072E-01  1.30286026E+00  3.43890190E-02
2.50844075E-01  1.27624893E+00  3.43561433E-02
2.51232079E-01  1.24255753E+00  3.43241766E-02
2.51620082E-01  1.18058395E+00  3.42904590E-02
2.52008085E-01  1.26387405E+00  3.42489667E-02
2.52396088E-01  1.22409058E+00  3.42045501E-02
2.52784091E-01  1.25526047E+00  3.41731235E-02
2.53172095E-01  1.20388412E+00  3.41370441E-02
2.53560098E-01  1.17580032E+00  3.40926573E-02
2.53948101E-01  1.21069717E+00  3.40580642E-02
2.54336104E-01  1.26557159E+00  3.40172797E-02
2.54724107E-01  1.26233673E+00  3.39997783E-02
2.55112111E-01  1.19840622E+00  3.39671373E-02
2.55500114E-01  1.19406128E+00  3.39121036E-02
2.55888117E-01  1.22400665E+00  3.38690244E-02
2.56276120E-01  1.27062988E+00  3.38528417E-02
2.56664123E-01  1.23231125E+00  3.38084958E-02
2.57052127E-01  1.27027130E+00  3.37686464E-02
2.57440130E-01  1.23287964E+00  3.37348953E-02
2.57828133E-01  1.26899338E+00  3.36962342E-02
2.58216136E-01  1.24633026E+00  3.36686112E-02
2.58604139E-01  1.13628006E+00  3.36324424E-02
2.58992143E-01  1.23494720E+00  3.35876271E-02
2.59380146E-01  1.21318817E+00  3.35578844E-02
2.59768149E-01  1.24997330E+00  3.35228555E-02
2.60156152E-01  1.23857880E+00  3.35064121E-02
2.60544156E-01  1.20904922E+00  3.34595740E-02
2.60932159E-01  1.20699310E+00  3.34278978E-02
2.61320162E-01  1.22450638E+00  3.33954729E-02
2.61708165E-01  1.18969727E+00  3.33660245E-02
2.62096168E-01  1.27728271E+00  3.33466716E-02
2.62484172E-01  1.22279739E+00  3.33011150E-02
2.62872175E-01  1.23446655E+00  3.32570784E-02
2.63260178E-01  1.21355057E+00  3.32210399E-02
2.63648181E-01  1.21463013E+00  3.32040861E-02
2.64036184E-01  1.19679260E+00  3.31673324E-02
2.64424188E-01  1.15406036E+00  3.31288688E-02
2.64812191E-01  1.19509888E+00  3.31022553E-02
2.65200194E-01  1.15842056E+00  3.30619738E-02
2.65588197E-01  1.17716217E+00  3.30294110E-02
2.65976200E-01  1.23011780E+00  3.29993553E-02
2.66364204E-01  1.24245071E+00  3.29641402E-02
2.66752207E-01  1.22975159E+00  3.29323411E-02
2.67140210E-01  1.22518539E+00  3.29014845E-02
2.67528213E-01  1.17828369E+00  3.28733996E-02
2.67916217E-01  1.24705505E+00  3.28332558E-02
2.68304220E-01  1.22207642E+00  3.28008942E-02
2.68692223E-01  1.19906998E+00  3.27819623E-02
2.69080226E-01  1.18595886E+00  3.27375866E-02
2.69468229E-01  1.18468094E+00  3.26942205E-02
2.69856233E-01  1.17296219E+00  3.26726399E-02
2.70244236E-01  1.18754959E+00  3.26474532E-02
2.70632239E-01  1.23594284E+00  3.25998180E-02
2.71020242E-01  1.20139694E+00  3.25715728E-02
2.71408245E-01  1.18206024E+00  3.25471908E-02
2.71796249E-01  1.19843292E+00  3.25158127E-02
2.72184252E-01  1.22448730E+00  3.24976034E-02
2.72572255E-01  1.18481827E+00  3.24521065E-02
2.72960258E-01  1.14672852E+00  3.24159749E-02
2.73348261E-01  1.16496277E+00  3.23866829E-02
2.73736265E-01  1.24142838E+00  3.23561504E-02
2.74124268E-01  1.16167831E+00  3.23330350E-02
2.74512271E-01  1.15731812E+00  3.23000439E-02
2.74900274E-01  1.15900421E+00  3.22673805E-02
2.75288278E-01  1.14243317E+00  3.22382189E-02
2.75676281E-01  1.17750549E+00  3.21988128E-02
2.76064284E-01  1.13519287E+00  3.21756639E-02
2.76452287E-01  1.16601562E+00  3.21411304E-02
2.76840290E-01  1.19273376E+00  3.21212187E-02
2.77228294E-01  1.20602798E+00  3.20807397E-02
2.77616297E-01  1.18723679E+00  3.20580751E-02
2.78004300E-01  1.22468567E+00  3.20322998E-02
2.78392303E-01  1.20308685E+00  3.20592783E-02
2.78780306E-01  1.21353912E+00  3.22272293E-02
2.79168310E-01  1.19042206E+00  3.23380753E-02
2.79556313E-01  1.18877029E+00  3.24203558E-02
2.79944316E-01  1.15415573E+00  3.24636139E-02
2.80332319E-01  1.23858643E+00  3.25011760E-02
2.80720322E-01  1.20072174E+00  3.25364508E-02
2.81108326E-01  1.21506500E+00  3.25672030E-02
2.81496329E-01  1.17007828E+00  3.25973779E-02
2.81884332E-01  1.14642334E+00  3.26118730E-02
2.82272335E-01  1.11520004E+00  3.26391384E-02
2.82660339E-01  1.11787415E+00  3.26500945E-02
2.83048342E-01  1.12308502E+00  3.26758884E-02
2.83436345E-01  1.12384796E+00  3.26950252E-02
2.83824348E-01  1.14718628E+00  3.27076837E-02
2.84212351E-01  1.13855362E+00  3.27140763E-02
2.84600355E-01  1.18111420E+00  3.27213705E-02
2.84988358E-01  1.19285965E+00  3.27299610E-02
2.85376361E-01  1.13427734E+00  3.26679721E-02
2.85764364E-01  1.12242508E+00  3.24519575E-02
2.86152367E-01  1.18906403E+00  3.24737914E-02
2.86540371E-01  1.15352631E+00  3.25683691E-02
2.86928374E-01  1.12912369E+00  3.26008238E-02
2.87316377E-01  1.13501740E+00  3.27991918E-02
2.87704380E-01  1.15272903E+00  3.29767279E-02
2.88092383E-01  1.16259003E+00  3.30813564E-02
2.88480387E-01  1.20798111E+00  3.31631862E-02
2.88868390E-01  1.14320374E+00  3.32324728E-02
2.89256393E-01  1.13843155E+00  3.32711600E-02
2.89644396E-01  1.19659042E+00  3.33003290E-02
2.90032400E-01  1.20006561E+00  3.33308131E-02
2.90420403E-01  1.17114639E+00  3.33691649E-02
2.90808406E-01  1.17858505E+00  3.34042907E-02
2.91196409E-01  1.20318222E+00  3.35481092E-02
2.91584412E-01  1.13049316E+00  3.37815098E-02
2.91972416E-01  1.16469955E+00  3.39607596E-02
2.92360419E-01  1.13852692E+00  3.41282412E-02
2.92748422E-01  1.18443680E+00  3.42851654E-02
2.93136425E-01  1.17566299E+00  3.44114862E-02
2.93524428E-01  1.16908264E+00  3.45503278E-02
2.93912432E-01  1.23629761E+00  3.46626863E-02
2.94300435E-01  1.21366501E+00  3.47514413E-02
2.94688438E-01  1.10960007E+00  3.48347984E-02
2.95076441E-01  1.14711761E+00  3.49137634E-02
2.95464444E-01  1.12569427E+00  3.50102298E-02
2.95852448E-01  1.12372208E+00  3.51163857E-02
2.96240451E-01  1.15334702E+00  3.51985544E-02
2.96628454E-01  1.12264633E+00  3.52993198E-02
2.97016457E-01  1.13805771E+00  3.54033262E-02
2.97404460E-01  1.08604050E+00  3.54901031E-02
2.97792464E-01  1.08366394E+00  3.55786271E-02
2.98180467E-01  1.13834000E+00  3.56645770E-02
2.98568470E-01  1.16161728E+00  3.57397273E-02
2.98956473E-01  1.11865616E+00  3.58341560E-02
2.99344477E-01  1.08856964E+00  3.59295197E-02
2.99732480E-01  1.10796356E+00  3.59910876E-02
3.00120483E-01  1.09656906E+00  3.60554159E-02
3.00508486E-01  1.10069656E+00  3.61705013E-02
3.00896489E-01  1.13562393E+00  3.62483300E-02
3.01284493E-01  1.19091034E+00  3.63850519E-02
3.01672496E-01  1.13227081E+00  3.64792272E-02
3.02060499E-01  1.06788635E+00  3.65728922E-02
3.02448502E-01  1.15215683E+00  3.66393030E-02
3.02836505E-01  1.15864182E+00  3.67129557E-02
3.03224509E-01  1.16774368E+00  3.67984474E-02
3.03612512E-01  1.10940552E+00  3.68511975E-02
3.04000515E-01  1.04477310E+00  3.69218476E-02
3.04388518E-01  1.07179260E+00  3.69875282E-02
3.04776521E-01  1.05969620E+00  3.70379873E-02
3.05164525E-01  1.15369034E+00  3.71271521E-02
3.05552528E-01  1.11307144E+00  3.72023247E-02
3.05940531E-01  1.10466003E+00  3.72614302E-02
3.06328534E-01  1.10654831E+00  3.72916237E-02
3.06716538E-01  1.07762527E+00  3.73198949E-02
3.07104541E-01  1.04866028E+00  3.73583138E-02
3.07492544E-01  1.09726334E+00  3.74202915E-02
3.07880547E-01  1.08127213E+00  3.74909677E-02
3.08268550E-01  1.15193558E+00  3.75416838E-02
3.08656554E-01  1.09483719E+00  3.75694521E-02
3.09044557E-01  1.10797501E+00  3.75888571E-02
3.09432560E-01  1.08288574E+00  3.76354121E-02
3.09820563E-01  1.10323334E+00  3.76549922E-02
3.10208566E-01  1.15531540E+00  3.76925766E-02
3.10596570E-01  1.12379074E+00  3.77266966E-02
3.10984573E-01  1.05032349E+00  3.77484523E-02
3.11372576E-01  1.00154495E+00  3.77935730E-02
3.11760579E-01  1.05086899E+00  3.78466919E-02
3.12148582E-01  1.04096222E+00  3.79075631E-02
3.12536586E-01  1.09231186E+00  3.79634686E-02
3.12924589E-01  1.06269455E+00  3.80403772E-02
3.13312592E-01  1.06166840E+00  3.80678400E-02
3.13700595E-01  1.10836792E+00  3.80931683E-02
3.14088599E-01  1.05186844E+00  3.81252915E-02
3.14476602E-01  1.04885101E+00  3.81367058E-02
3.14864605E-01  9.94762421E-01  3.81496400E-02
3.15252608E-01  1.02902222E+00  3.81764323E-02
3.15640611E-01  1.09405136E+00  3.82024758E-02
3.16028615E-01  1.07696533E+00  3.82515788E-02
3.16416618E-01  1.03808975E+00  3.82820517E-02
3.16804621E-01  1.03187561E+00  3.83145139E-02
3.17192624E-01  1.03401947E+00  3.83845009E-02
3.17580627E-01  1.06511307E+00  3.84568982E-02
3.17968631E-01  1.05810547E+00  3.84978428E-02
3.18356634E-01  1.08775330E+00  3.85406427E-02
3.18744637E-01  1.08109283E+00  3.85860726E-02
3.19132640E-01  9.76737976E-01  3.86413187E-02
3.19520643E-01  1.01229477E+00  3.86988483E-02
3.19908647E-01  1.04434967E+00  3.87526676E-02
3.20296650E-01  1.10090637E+00  3.88105363E-02
3.20684653E-01  1.03964996E+00  3.88502814E-02
3.21072656E-01  1.05894089E+00  3.89089920E-02
3.21460660E-01  1.02416611E+00  3.89682278E-02
3.21848663E-01  1.02481842E+00  3.90180275E-02
3.22236666E-01  1.00781250E+00  3.90683860E-02
3.22624669E-01  1.00096893E+00  3.91250104E-02
3.23012672E-01  9.99996185E-01  3.91649827E-02
3.23400676E-01  1.00024414E+00  3.92304286E-02
3.23788679E-01  9.71385956E-01  3.92891057E-02
3.24176682E-01  1.01905441E+00  3.93484868E-02
3.24564685E-01  9.56649780E-01  3.93823348E-02
3.24952688E-01  9.81727600E-01  3.94319594E-02
3.25340692E-01  9.92053986E-01  3.94930989E-02
3.25728695E-01  1.04618073E+00  3.95518839E-02
3.26116698E-01  9.87525940E-01  3.95965092E-02
3.26504701E-01  1.00640869E+00  3.96351814E-02
3.26892704E-01  1.06124496E+00  3.96861956E-02
3.27280708E-01  9.85813141E-01  3.97584662E-02
3.27668711E-01  9.68780518E-01  3.97861078E-02
3.28056714E-01  9.72301483E-01  3.98527607E-02
3.28444717E-01  9.90821838E-01  3.98832336E-02
3.28832721E-01  9.91130829E-01  3.99562679E-02
3.29220724E-01  1.01430511E+00  3.99910286E-02
3.29608727E-01  1.00320053E+00  4.00374196E-02
3.29996730E-01  1.11264801E+00  4.00927141E-02
3.30384733E-01  1.07520294E+00  4.01539989E-02
3.30772737E-01  1.00055313E+00  4.02106531E-02
3.31160740E-01  9.54868317E-01  4.02761064E-02
3.31548743E-01  1.02264786E+00  4.02968675E-02
3.31936746E-01  9.91256714E-01  4.03588079E-02
3.32324749E-01  9.61711884E-01  4.03899141E-02
3.32712753E-01  9.01599884E-01  4.04372811E-02
3.33100756E-01  9.16313171E-01  4.04986665E-02
3.33488759E-01  1.00732040E+00  4.05428596E-02
3.33876762E-01  1.03751755E+00  4.05952036E-02
3.34264765E-01  9.39216614E-01  4.06261981E-02
3.34652769E-01  1.09075928E+00  4.06919681E-02
3.35040772E-01  1.01285934E+00  4.07396406E-02
3.35428775E-01  9.61338043E-01  4.07817923E-02
3.35816778E-01  1.07284164E+00  4.08646613E-02
3.36204781E-01  1.03572845E+00  4.08821031E-02
3.36592785E-01  1.01547241E+00  4.09405231E-02
3.36980788E-01  1.01002502E+00  4.09622043E-02
3.37368791E-01  1.01034164E+00  4.10235971E-02
3.37756794E-01  1.01031113E+00  4.10792455E-02
3.38144798E-01  9.48825836E-01  4.11196537E-02
3.38532801E-01  9.36782837E-01  4.11877818E-02
3.38920804E-01  9.68246460E-01  4.12388109E-02
3.39308807E-01  8.98372650E-01  4.12679724E-02
3.39696810E-01  9.58675385E-01  4.13398296E-02
3.40084814E-01  1.00095367E+00  4.13659252E-02
3.40472817E-01  9.21745300E-01  4.14260961E-02
3.40860820E-01  9.15435791E-01  4.14982513E-02
3.41248823E-01  1.01202393E+00  4.15746458E-02
3.41636826E-01  9.90673065E-01  4.15625051E-02
3.42024830E-01  9.56771851E-01  4.16428074E-02
3.42412833E-01  9.90051270E-01  4.16806974E-02
3.42800836E-01  9.53964233E-01  4.17203903E-02
3.43188839E-01  9.74632263E-01  4.17842194E-02
3.43576842E-01  9.44179535E-01  4.18084823E-02
3.43964846E-01  9.34814453E-01  4.18539457E-02
3.44352849E-01  9.23656464E-01  4.19187173E-02
3.44740852E-01  9.52903748E-01  4.19811346E-02
3.45128855E-01  9.87770081E-01  4.20246385E-02
3.45516859E-01  9.23431396E-01  4.20555323E-02
3.45904862E-01  9.15557861E-01  4.21125814E-02
3.46292865E-01  9.78450775E-01  4.21631150E-02
3.46680868E-01  9.40155029E-01  4.22135815E-02
3.47068871E-01  9.79473114E-01  4.22491170E-02
3.47456875E-01  9.56466675E-01  4.22422029E-02
3.47844878E-01  9.60906982E-01  4.22636382E-02
3.48232881E-01  9.92401123E-01  4.22890000E-02
3.48620884E-01  9.77737427E-01  4.23118435E-02
3.49008887E-01  1.01408386E+00  4.22959961E-02
3.49396891E-01  9.29153442E-01  4.23072167E-02
3.49784894E-01  9.16351318E-01  4.23210301E-02
3.50172897E-01  9.18064117E-01  4.23040874E-02
3.50560900E-01  9.37088013E-01  4.23287041E-02
3.50948903E-01  8.60141754E-01  4.23447527E-02
3.51336907E-01  9.13806915E-01  4.23753709E-02
3.51724910E-01  8.86375427E-01  4.24105115E-02
3.52112913E-01  8.99349213E-01  4.24493626E-02
3.52500916E-01  9.02294159E-01  4.25004736E-02
3.52888920E-01  9.34349060E-01  4.25571091E-02
3.53276923E-01  9.78202820E-01  4.26183529E-02
3.53664926E-01  9.94487762E-01  4.26744781E-02
3.54052929E-01  9.79297638E-01  4.26837243E-02
3.54440932E-01  9.03934479E-01  4.27496247E-02
3.54828936E-01  9.82978821E-01  4.27497178E-02
3.55216939E-01  9.62501526E-01  4.27412689E-02
3.55604942E-01  9.74853516E-01  4.27504405E-02
3.55992945E-01  9.47952271E-01  4.27959338E-02
3.56380948E-01  9.60559845E-01  4.27910686E-02
3.56768952E-01  9.34120178E-01  4.27979715E-02
3.57156955E-01  9.98908997E-01  4.28216979E-02
3.57544958E-01  9.54883575E-01  4.27891873E-02
3.57932961E-01  9.37660217E-01  4.27963063E-02
3.58320964E-01  8.92520905E-01  4.28267233E-02
3.58708968E-01  8.79638672E-01  4.28374745E-02
3.59096971E-01  8.92688751E-01  4.28792462E-02
3.59484974E-01  8.56540680E-01  4.29026857E-02
3.59872977E-01  9.17156219E-01  4.29815613E-02
3.60260981E-01  1.00781631E+00  4.30079624E-02
3.60648984E-01  9.72625732E-01  4.30869311E-02
3.61036987E-01  1.04812241E+00  4.34753671E-02
3.61424990E-01  8.96144867E-01  4.41829823E-02
3.61812993E-01  8.79711151E-01  4.46340740E-02
3.62200997E-01  8.95004272E-01  4.50516343E-02
3.62589000E-01  9.21577454E-01  4.53650765E-02
3.62977003E-01  8.80893707E-01  4.56303358E-02
3.63365006E-01  9.06112671E-01  4.59061228E-02
3.63753009E-01  9.54586029E-01  4.61787879E-02
3.64141013E-01  9.22458649E-01  4.64318320E-02
3.64529016E-01  9.03430939E-01  4.67030518E-02
3.64917019E-01  8.43681335E-01  4.69395109E-02
3.65305022E-01  8.85375977E-01  4.71653156E-02
3.65693025E-01  9.05567169E-01  4.74070758E-02
3.66081029E-01  9.11045074E-01  4.76621352E-02
3.66469032E-01  9.03820038E-01  4.78994101E-02
3.66857035E-01  9.36275482E-01  4.80830967E-02
3.67245038E-01  9.14546967E-01  4.83673662E-02
3.67633042E-01  8.76323700E-01  4.85734157E-02
3.68021045E-01  9.15279388E-01  4.88100536E-02
3.68409048E-01  8.82450104E-01  4.90092151E-02
3.68797051E-01  9.16774750E-01  4.92133163E-02
3.69185054E-01  9.19338226E-01  4.94541973E-02
3.69573058E-01  8.88519287E-01  4.96425591E-02
3.69961061E-01  8.83228302E-01  4.99331057E-02
3.70349064E-01  9.26353455E-01  5.01482449E-02
3.70737067E-01  9.47792053E-01  5.03138006E-02
3.71125070E-01  9.47944641E-01  5.05262502E-02
3.71513074E-01  8.56861115E-01  5.07323183E-02
3.71901077E-01  8.57841492E-01  5.09879738E-02
3.72289080E-01  8.65592957E-01  5.11798672E-02
3.72677083E-01  9.43801880E-01  5.14461249E-02
3.73065086E-01  7.87471771E-01  5.16429655E-02
3.73453090E-01  9.06936646E-01  5.17334715E-02
3.73841093E-01  8.28300476E-01  5.18776439E-02
3.74229096E-01  1.01913452E+00  5.20362146E-02
3.74617099E-01  9.41734314E-01  5.22479154E-02
3.75005103E-01  9.79610443E-01  5.24385497E-02
3.75393106E-01  9.07428741E-01  5.26791140E-02
3.75781109E-01  8.48052979E-01  5.29203080E-02
3.76169112E-01  8.79920959E-01  5.31339832E-02
3.76557115E-01  9.21947479E-01  5.33581376E-02
3.76945119E-01  8.57627869E-01  5.35798930E-02
3.77333122E-01  9.72248077E-01  5.37994839E-02
3.77721125E-01  9.61593628E-01  5.40532619E-02
3.78109128E-01  8.84815216E-01  5.42655326E-02
3.78497131E-01  8.11527252E-01  5.45365773E-02
3.78885135E-01  9.30419922E-01  5.47728948E-02
3.79273138E-01  9.75006104E-01  5.50322346E-02
3.79661141E-01  8.88996124E-01  5.52200451E-02
3.80049144E-01  8.91510010E-01  5.54412343E-02
3.80437147E-01  8.71944427E-01  5.57229035E-02
3.80825151E-01  8.56037140E-01  5.59369102E-02
3.81213154E-01  7.77057648E-01  5.62207773E-02
3.81601157E-01  7.92728424E-01  5.64145856E-02
3.81989160E-01  8.22902679E-01  5.67079410E-02
3.82377163E-01  9.11647797E-01  5.69851287E-02
3.82765167E-01  8.68045807E-01  5.71912527E-02
3.83153170E-01  7.91458130E-01  5.74915968E-02
3.83541173E-01  8.17657471E-01  5.77072315E-02
3.83929176E-01  8.41712952E-01  5.80101945E-02
3.84317180E-01  9.18087006E-01  5.82471602E-02
3.84705183E-01  8.82423401E-01  5.85150048E-02
3.85093186E-01  8.99555206E-01  5.88184148E-02
3.85481189E-01  8.81725311E-01  5.90572618E-02
3.85869192E-01  8.30482483E-01  5.93201816E-02
3.86257196E-01  8.70883942E-01  5.96025735E-02
3.86645199E-01  9.12895203E-01  5.99268712E-02
3.87033202E-01  9.01943207E-01  6.01832084E-02
3.87421205E-01  8.73283386E-01  6.04280420E-02
3.87809208E-01  9.13513184E-01  6.08041435E-02
3.88197212E-01  8.85475159E-01  6.10691048E-02
3.88585215E-01  8.34686279E-01  6.13625012E-02
3.88973218E-01  8.24207306E-01  6.16169535E-02
3.89361221E-01  8.58921051E-01  6.19415492E-02
3.89749224E-01  8.11851501E-01  6.22440241E-02
3.90137228E-01  8.12721252E-01  6.25420213E-02
3.90525231E-01  8.97056580E-01  6.28558919E-02
3.90913234E-01  7.97782898E-01  6.31758869E-02
3.91301237E-01  8.81423950E-01  6.35181144E-02
3.91689241E-01  9.32762146E-01  6.38410226E-02
3.92077244E-01  9.60353851E-01  6.41596019E-02
3.92465247E-01  8.61000061E-01  6.45293370E-02
3.92853250E-01  9.06131744E-01  6.48767799E-02
3.93241253E-01  7.61470795E-01  6.52249977E-02
3.93629257E-01  7.84225464E-01  6.55183941E-02
3.94017260E-01  9.12662506E-01  6.58908859E-02
3.94405263E-01  7.62153625E-01  6.62677363E-02
3.94793266E-01  8.47866058E-01  6.65726215E-02
3.95181269E-01  7.76901245E-01  6.69725910E-02
3.95569273E-01  7.61585236E-01  6.73250929E-02
3.95957276E-01  7.12368011E-01  6.77831993E-02
3.96345279E-01  8.66977692E-01  6.81242943E-02
3.96733282E-01  7.89463043E-01  6.85286671E-02
3.97121285E-01  9.43672180E-01  6.89683333E-02
3.97509289E-01  8.28281403E-01  6.93002045E-02
3.97897292E-01  7.55817413E-01  6.97568655E-02
3.98285295E-01  7.19913483E-01  7.00997040E-02
3.98673298E-01  7.84122467E-01  7.05623925E-02
3.99061302E-01  8.33023071E-01  7.09721670E-02
3.99449305E-01  7.75333405E-01  7.12509379E-02
3.99837308E-01  7.34111786E-01  7.16157258E-02
4.00225311E-01  8.00212860E-01  7.18297586E-02
4.00613314E-01  7.96230316E-01  7.21525848E-02
4.01001318E-01  7.13676453E-01  7.23322555E-02
4.01389321E-01  8.01139832E-01  7.26019368E-02
4.01777324E-01  7.16651917E-01  7.28789121E-02
4.02165327E-01  7.69672394E-01  7.30853826E-02
4.02553330E-01  8.26267242E-01  7.33898804E-02
4.02941334E-01  7.74227142E-01  7.36218691E-02
4.03329337E-01  7.40585327E-01  7.39286467E-02
4.03717340E-01  8.22216034E-01  7.42025748E-02
4.04105343E-01  7.52918243E-01  7.45351687E-02
4.04493346E-01  7.13325500E-01  7.50112608E-02
4.04881350E-01  8.02326202E-01  7.54768103E-02
4.05269353E-01  8.24028015E-01  7.59332925E-02
4.05657356E-01  8.70735168E-01  7.65199661E-02
4.06045359E-01  8.76441956E-01  7.69742876E-02
4.06433363E-01  7.49153137E-01  7.76037946E-02
4.06821366E-01  7.20169067E-01  7.80849084E-02
4.07209369E-01  6.32259369E-01  7.86509961E-02
4.07597372E-01  6.91341400E-01  7.92258307E-02
4.07985375E-01  8.25115204E-01  7.96944723E-02
4.08373379E-01  7.46498108E-01  8.02439153E-02
4.08761382E-01  9.15584564E-01  8.05940628E-02
4.09149385E-01  8.82194519E-01  8.09086412E-02
4.09537388E-01  7.52006531E-01  8.13079625E-02
4.09925391E-01  7.91206360E-01  8.15691650E-02
4.10313395E-01  7.88631439E-01  8.19238275E-02
4.10701398E-01  6.97315216E-01  8.22849572E-02
4.11089401E-01  8.42987061E-01  8.26802552E-02
4.11477404E-01  7.81318665E-01  8.30797032E-02
4.11865407E-01  8.91685486E-01  8.34391043E-02
4.12253411E-01  7.84168243E-01  8.36642757E-02
4.12641414E-01  1.00365448E+00  8.40502158E-02
4.13029417E-01  8.26541901E-01  8.43884498E-02
4.13417420E-01  6.66408539E-01  8.47815126E-02
4.13805424E-01  6.95098877E-01  8.52087885E-02
4.14193427E-01  8.22792053E-01  8.55907872E-02
4.14581430E-01  8.57986450E-01  8.60532522E-02
4.14969433E-01  9.39182281E-01  8.64439681E-02
4.15357436E-01  8.59588623E-01  8.67049322E-02
4.15745440E-01  7.69042969E-01  8.71343017E-02
4.16133443E-01  5.41625977E-01  8.75580534E-02
4.16521446E-01  8.36963654E-01  8.81325603E-02
4.16909449E-01  8.21319580E-01  8.84376243E-02
4.17297452E-01  9.50912476E-01  8.88453126E-02
4.17685456E-01  6.72721863E-01  8.92797783E-02
4.18073459E-01  8.31287384E-01  8.96861404E-02
4.18461462E-01  8.68858337E-01  9.01536196E-02
4.18849465E-01  7.91141510E-01  9.06881914E-02
4.19237468E-01  8.84235382E-01  9.10062641E-02
4.19625472E-01  8.04004669E-01  9.13854390E-02
4.20013475E-01  9.13932800E-01  9.19468477E-02
4.20401478E-01  8.72585297E-01  9.23804045E-02
4.20789481E-01  9.09465790E-01  9.28732753E-02
4.21177484E-01  8.28006744E-01  9.32151303E-02
4.21565488E-01  7.96768188E-01  9.38009545E-02
4.21953491E-01  5.91346741E-01  9.42649692E-02
4.22341494E-01  7.47177124E-01  9.48178619E-02
4.22729497E-01  6.49082184E-01  9.53022391E-02
4.23117501E-01  6.31416321E-01  9.59575400E-02
4.23505504E-01  8.62148285E-01  9.63669345E-02
4.23893507E-01  7.76119232E-01  9.69509855E-02
4.24281510E-01  5.88645935E-01  9.73948613E-02
4.24669513E-01  6.08402252E-01  9.80741605E-02
4.25057517E-01  6.33850098E-01  9.86043960E-02
4.25445520E-01  6.69223785E-01  9.90732610E-02
4.25833523E-01  6.34773254E-01  9.98402312E-02
4.26221526E-01  5.30921936E-01  1.00305080E-01
4.26609529E-01  6.94873810E-01  1.00931168E-01
4.26997533E-01  7.40154266E-01  1.01606160E-01
4.27385536E-01  8.13713074E-01  1.02093667E-01
4.27773539E-01  8.97483826E-01  1.02732651E-01
4.28161542E-01  8.73645782E-01  1.03294156E-01
4.28549545E-01  6.52957916E-01  1.03967123E-01
4.28937549E-01  6.79527283E-01  1.04668394E-01
4.29325552E-01  6.60835266E-01  1.05317831E-01
4.29713555E-01  8.07781219E-01  1.06047273E-01
4.30101558E-01  6.89769745E-01  1.06639810E-01


### HEADER:
#
#{
#    "analysis": {},
#    "calibration_params": {
#        "Beam_Center_X": 739.0457667593599,
#        "Beam_Center_Y": 749.1905114608388,
#        "Detector Tilt": 0.2562910903638858,
#        "Detector Tilt Plane Rotation": 132.57722223850126,
#        "Detector_X_Pixel_Size": 172.0,
#        "Detector_Y_Pixel_Size": 172.0,
#        "Integration Method": "full_csr",
#        "Radial_Average_Method": "pyFAI",
#        "Sample-to-detector distance (mm)": 2690.0,
#        "Wavelength (A)": 1.0332016536100022
#    },
#    "config_file": "C:\\Users\\biosaxs\\Desktop\\userdata\\cfg\\20231104.cfg",
#    "counters": {
#        "Code": "",
#        "Exposure_time_s": "1.0",
#        "SAXS_Position": "saxs",
#        "Wavelength_nm": "0.1033nm"
#    },
#    "filename": "S_A_Ecoli_70_0011_00020",
#    "history": {
#        "subtraction": {
#            "initial_file": [
#                "A_Ecoli_70_0011_00020",
#                {
#                    "averaged_files": [
#                        [
#                            "Ecoli_70_0011_00020.tif"
#                        ],
#                        [
#                            "Ecoli_70_0011_00019.tif"
#                        ],
#                        [
#                            "Ecoli_70_0011_00018.tif"
#                        ],
#                        [
#                            "Ecoli_70_0011_00017.tif"
#                        ],
#                        [
#                            "Ecoli_70_0011_00016.tif"
#                        ],
#                        [
#                            "Ecoli_70_0011_00015.tif"
#                        ],
#                        [
#                            "Ecoli_70_0011_00014.tif"
#                        ],
#                        [
#                            "Ecoli_70_0011_00013.tif"
#                        ],
#                        [
#                            "Ecoli_70_0011_00012.tif"
#                        ],
#                        [
#                            "Ecoli_70_0011_00011.tif"
#                        ],
#                        [
#                            "Ecoli_70_0011_00010.tif"
#                        ],
#                        [
#                            "Ecoli_70_0011_00009.tif"
#                        ],
#                        [
#                            "Ecoli_70_0011_00008.tif"
#                        ],
#                        [
#                            "Ecoli_70_0011_00007.tif"
#                        ],
#                        [
#                            "Ecoli_70_0011_00006.tif"
#                        ],
#                        [
#                            "Ecoli_70_0011_00005.tif"
#                        ],
#                        [
#                            "Ecoli_70_0011_00004.tif"
#                        ],
#                        [
#                            "Ecoli_70_0011_00003.tif"
#                        ],
#                        [
#                            "Ecoli_70_0011_00002.tif"
#                        ]
#                    ]
#                }
#            ],
#            "subtracted_file": [
#                "A_buffer_60_0008_00020",
#                {
#                    "averaged_files": [
#                        [
#                            "buffer_60_0008_00020.tif"
#                        ],
#                        [
#                            "buffer_60_0008_00019.tif"
#                        ],
#                        [
#                            "buffer_60_0008_00018.tif"
#                        ],
#                        [
#                            "buffer_60_0008_00017.tif"
#                        ],
#                        [
#                            "buffer_60_0008_00016.tif"
#                        ],
#                        [
#                            "buffer_60_0008_00015.tif"
#                        ],
#                        [
#                            "buffer_60_0008_00014.tif"
#                        ],
#                        [
#                            "buffer_60_0008_00013.tif"
#                        ],
#                        [
#                            "buffer_60_0008_00012.tif"
#                        ],
#                        [
#                            "buffer_60_0008_00011.tif"
#                        ],
#                        [
#                            "buffer_60_0008_00010.tif"
#                        ],
#                        [
#                            "buffer_60_0008_00009.tif"
#                        ],
#                        [
#                            "buffer_60_0008_00008.tif"
#                        ],
#                        [
#                            "buffer_60_0008_00007.tif"
#                        ],
#                        [
#                            "buffer_60_0008_00006.tif"
#                        ],
#                        [
#                            "buffer_60_0008_00005.tif"
#                        ],
#                        [
#                            "buffer_60_0008_00004.tif"
#                        ],
#                        [
#                            "buffer_60_0008_00003.tif"
#                        ],
#                        [
#                            "buffer_60_0008_00002.tif"
#                        ],
#                        [
#                            "buffer_60_0008_00001.tif"
#                        ]
#                    ]
#                }
#            ]
#        }
#    },
#    "imageHeader": {
#        "Alpha": "0.0000 deg.",
#        "Angle_increment": "0.1000 deg.",
#        "Beam_xy": "(0.00, 0.00) pixels",
#        "Chi": "0.0000 deg.",
#        "Count_cutoff": "1157021 counts",
#        "Detector_2theta": "0.0000 deg.",
#        "Detector_Voffset": "0.00000 m",
#        "Detector_distance": "1.00000 m",
#        "Energy_range": "(0, 0) eV",
#        "Excluded_pixels": "badpix_mask.tif",
#        "Exposure_period": "1.1000000 s",
#        "Exposure_time": "1.0000000 s",
#        "Filter_transmission": "1.0000",
#        "Flat_field": "FF_p24-0163_E12000_T6000_vrf_m0p100.tif",
#        "Flux": "0.000000",
#        "Gain_setting": "autog (vrf = 1.000)",
#        "Image_path": "/public/Data/2023/202311/20231105/yongfeng/",
#        "Kappa": "0.0000 deg.",
#        "N_excluded_pixels": "61",
#        "N_oscillations": "1",
#        "Oscillation_axis": "X, CW",
#        "Phi": "0.0000 deg.",
#        "Pixel_size": "172e-6 m x 172e-6 m",
#        "Polarization": "0.990",
#        "Ratecorr_lut_directory": "ContinuousStandard_v1.1",
#        "Retrigger_mode": "1",
#        "Silicon": "sensor, thickness 0.000450",
#        "Tau": "0 s",
#        "Threshold_setting": "6000 eV",
#        "Trim_file": "p24-0163_E12000_T6000.bin",
#        "Wavelength (A)": "1.54000 A"
#    },
#    "normalizations": {
#        "Counter_norms": [
#            [
#                "/",
#                "Transmitted_Beam"
#            ]
#        ],
#        "Polarization": {
#            "Used": false
#        },
#        "Solid_Angle_Correction": "On"
#    },
#    "raw_version": "2.1.1"
#}

