### DATA:
#
# 1081
#      Q             I(Q)           Error     
7.24889685E-03  9.31034473E+03  1.15327950E+01
7.64072911E-03  7.96943701E+03  1.05946207E+01
8.03256137E-03  6.99041504E+03  9.85339832E+00
8.42439364E-03  6.05226123E+03  8.06711483E+00
8.81622590E-03  5.31516553E+03  7.64255571E+00
9.20805816E-03  4.65235449E+03  6.75363064E+00
9.59989042E-03  4.11133105E+03  6.22786713E+00
9.99172268E-03  3.64899243E+03  5.63298559E+00
1.03835549E-02  3.23902588E+03  5.09041739E+00
1.07753872E-02  2.89558789E+03  4.79384899E+00
1.11672195E-02  2.59197217E+03  4.34966898E+00
1.15590517E-02  2.31863208E+03  4.05515766E+00
1.19508840E-02  2.09021143E+03  3.70829916E+00
1.23427163E-02  1.88228333E+03  3.51902437E+00
1.27345485E-02  1.70616907E+03  3.26552224E+00
1.31263808E-02  1.54120886E+03  3.02885056E+00
1.35182130E-02  1.40092029E+03  2.82936835E+00
1.39100453E-02  1.27397888E+03  2.61713767E+00
1.43018776E-02  1.15307666E+03  2.51707077E+00
1.46937098E-02  1.06388318E+03  2.37256527E+00
1.50855421E-02  9.73033813E+02  2.15256643E+00
1.54773744E-02  8.85295166E+02  2.08832622E+00
1.58692066E-02  8.13425781E+02  1.94059324E+00
1.62610389E-02  7.53923523E+02  1.89027488E+00
1.66528711E-02  6.96999634E+02  1.74844301E+00
1.70447034E-02  6.41553284E+02  1.65936220E+00
1.74365357E-02  5.97206238E+02  1.58741641E+00
1.78283679E-02  5.57184998E+02  1.53330517E+00
1.82202002E-02  5.19011902E+02  1.49249840E+00
1.86120325E-02  4.85084900E+02  1.40711343E+00
1.90038647E-02  4.56287781E+02  1.36193168E+00
1.93956970E-02  4.27388794E+02  1.33170068E+00
1.97875292E-02  4.02026947E+02  1.26812291E+00
2.01793615E-02  3.80589203E+02  1.23632455E+00
2.05711938E-02  3.58971527E+02  1.18417001E+00
2.09630260E-02  3.39042053E+02  1.15535152E+00
2.13548583E-02  3.23959442E+02  1.12714446E+00
2.17466905E-02  3.07131439E+02  1.07861066E+00
2.21385228E-02  2.93548035E+02  1.05448973E+00
2.25303551E-02  2.81965576E+02  1.02192974E+00
2.29221873E-02  2.66134979E+02  1.00404704E+00
2.33140196E-02  2.56620392E+02  9.80381608E-01
2.37058519E-02  2.45006073E+02  9.30466175E-01
2.40976841E-02  2.38102173E+02  9.20521796E-01
2.44895164E-02  2.26328964E+02  8.81920159E-01
2.48813486E-02  2.17405869E+02  8.58480573E-01
2.52731809E-02  2.09090485E+02  8.25285017E-01
2.56650132E-02  2.00879166E+02  7.87410319E-01
2.60568454E-02  1.94062637E+02  7.83671021E-01
2.64486777E-02  1.88608078E+02  7.53733158E-01
2.68405100E-02  1.81220520E+02  7.35508978E-01
2.72323422E-02  1.74046341E+02  7.12348104E-01
2.76241745E-02  1.68036270E+02  6.86079562E-01
2.80160067E-02  1.62880066E+02  6.81220412E-01
2.84078390E-02  1.56057129E+02  6.52103066E-01
2.87996713E-02  1.52513428E+02  6.40309870E-01
2.91915035E-02  1.46665955E+02  6.14041448E-01
2.95833358E-02  1.41189926E+02  6.10365927E-01
2.99751681E-02  1.36287888E+02  5.97317398E-01
3.03670003E-02  1.33054688E+02  5.73895574E-01
3.07588326E-02  1.28548325E+02  5.63396752E-01
3.11506648E-02  1.26059631E+02  5.46563506E-01
3.15424971E-02  1.21157028E+02  5.44945776E-01
3.19343294E-02  1.18204575E+02  5.26770711E-01
3.23261616E-02  1.14928658E+02  5.15800595E-01
3.27179939E-02  1.12252182E+02  5.04530907E-01
3.31098262E-02  1.08774048E+02  4.93861496E-01
3.35016584E-02  1.06043358E+02  4.89271671E-01
3.38934907E-02  1.03657318E+02  4.71647352E-01
3.42853229E-02  1.01188950E+02  4.68011141E-01
3.46771552E-02  9.85548248E+01  4.57445472E-01
3.50689875E-02  9.69505768E+01  4.50373024E-01
3.54608197E-02  9.43640289E+01  4.43860859E-01
3.58526520E-02  9.22275925E+01  4.28211212E-01
3.62444842E-02  8.92894287E+01  4.26019341E-01
3.66363165E-02  8.78703461E+01  4.20067012E-01
3.70281488E-02  8.49970169E+01  4.07853097E-01
3.74199810E-02  8.28755112E+01  3.96947265E-01
3.78118133E-02  8.05383301E+01  3.82329941E-01
3.82036456E-02  7.82495346E+01  3.83889943E-01
3.85954778E-02  7.68242035E+01  3.72398108E-01
3.89873101E-02  7.41871262E+01  3.64310771E-01
3.93791423E-02  7.23950729E+01  3.57651591E-01
3.97709746E-02  7.07406311E+01  3.51682395E-01
4.01628069E-02  6.86568146E+01  3.51730287E-01
4.05546391E-02  6.68423615E+01  3.36031288E-01
4.09464714E-02  6.57664490E+01  3.34447950E-01
4.13383037E-02  6.48269882E+01  3.29538375E-01
4.17301359E-02  6.27104759E+01  3.22765678E-01
4.21219682E-02  6.21510048E+01  3.23479474E-01
4.25138004E-02  6.07521019E+01  3.12537104E-01
4.29056327E-02  5.88445168E+01  3.08335900E-01
4.32974650E-02  5.76891479E+01  3.03098589E-01
4.36892972E-02  5.64674225E+01  2.98214793E-01
4.40811295E-02  5.52544060E+01  2.96634018E-01
4.44729618E-02  5.40422668E+01  2.86162317E-01
4.48647940E-02  5.31423187E+01  2.88620949E-01
4.52566263E-02  5.21408768E+01  2.82802731E-01
4.56484585E-02  5.11051178E+01  2.75168628E-01
4.60402908E-02  5.03102112E+01  2.74652779E-01
4.64321231E-02  4.91469994E+01  2.67478794E-01
4.68239553E-02  4.82509727E+01  2.68571228E-01
4.72157876E-02  4.74121666E+01  2.62334347E-01
4.76076199E-02  4.63108940E+01  2.57593006E-01
4.79994521E-02  4.60555420E+01  2.55966842E-01
4.83912844E-02  4.48634453E+01  2.50154078E-01
4.87831166E-02  4.41745148E+01  2.50329763E-01
4.91749489E-02  4.40715790E+01  2.45887831E-01
4.95667812E-02  4.27549858E+01  2.41361067E-01
4.99586134E-02  4.27398148E+01  2.43315548E-01
5.03504457E-02  4.19123383E+01  2.38161355E-01
5.07422779E-02  4.10714417E+01  2.34808981E-01
5.11341102E-02  4.05910454E+01  2.30059758E-01
5.15259425E-02  3.97659721E+01  2.30122685E-01
5.19177747E-02  3.92294807E+01  2.27958962E-01
5.23096070E-02  3.84131050E+01  2.22932965E-01
5.27014393E-02  3.78007278E+01  2.19312534E-01
5.30932715E-02  3.75860825E+01  2.18273014E-01
5.34851038E-02  3.66803818E+01  2.17146337E-01
5.38769360E-02  3.59954376E+01  2.13065371E-01
5.42687683E-02  3.58550644E+01  2.11190015E-01
5.46606006E-02  3.49980850E+01  2.08005279E-01
5.50524328E-02  3.43392105E+01  2.04526916E-01
5.54442651E-02  3.38447952E+01  2.04549745E-01
5.58360974E-02  3.34061432E+01  1.98726445E-01
5.62279296E-02  3.33464775E+01  2.00453669E-01
5.66197619E-02  3.24447174E+01  1.96544439E-01
5.70115941E-02  3.20278130E+01  1.94239989E-01
5.74034264E-02  3.15512142E+01  1.93704292E-01
5.77952587E-02  3.13998985E+01  1.90319896E-01
5.81870909E-02  3.09847202E+01  1.88839957E-01
5.85789232E-02  3.05215473E+01  1.87531292E-01
5.89707555E-02  2.98508339E+01  1.84190720E-01
5.93625877E-02  2.97494392E+01  1.83982342E-01
5.97544200E-02  2.92332439E+01  1.79839864E-01
6.01462522E-02  2.93599415E+01  1.82359874E-01
6.05380845E-02  2.87265110E+01  1.78670406E-01
6.09299168E-02  2.82278519E+01  1.77211508E-01
6.13217490E-02  2.77339001E+01  1.78250805E-01
6.17135813E-02  2.77077293E+01  1.78473771E-01
6.21054136E-02  2.72894745E+01  1.79722801E-01
6.24972458E-02  2.67140846E+01  1.75043598E-01
6.28890781E-02  2.65486469E+01  1.76124230E-01
6.32809103E-02  2.63534470E+01  1.74863905E-01
6.36727426E-02  2.57794018E+01  1.73757315E-01
6.40645749E-02  2.53537846E+01  1.73643842E-01
6.44564071E-02  2.53278770E+01  1.71727255E-01
6.48482394E-02  2.48749619E+01  1.70983151E-01
6.52400716E-02  2.47135353E+01  1.69533446E-01
6.56319039E-02  2.42304688E+01  1.68555960E-01
6.60237362E-02  2.39643917E+01  1.67529911E-01
6.64155684E-02  2.38000755E+01  1.65698349E-01
6.68074007E-02  2.36025982E+01  1.66260839E-01
6.71992330E-02  2.34722443E+01  1.65317997E-01
6.75910652E-02  2.32154064E+01  1.64124891E-01
6.79828975E-02  2.28793983E+01  1.61166489E-01
6.83747297E-02  2.25905075E+01  1.57056615E-01
6.87665620E-02  2.24193954E+01  1.56717703E-01
6.91583943E-02  2.23486328E+01  1.54124841E-01
6.95502265E-02  2.21567879E+01  1.53707296E-01
6.99420588E-02  2.14907913E+01  1.49169683E-01
7.03338911E-02  2.13616447E+01  1.48337603E-01
7.07257233E-02  2.12685547E+01  1.48473620E-01
7.11175556E-02  2.10133553E+01  1.45411566E-01
7.15093878E-02  2.11946735E+01  1.46480531E-01
7.19012201E-02  2.08250446E+01  1.43253535E-01
7.22930524E-02  2.06451721E+01  1.43341601E-01
7.26848846E-02  2.03532162E+01  1.42042205E-01
7.30767169E-02  2.02713757E+01  1.40303969E-01
7.34685492E-02  2.01073856E+01  1.39128968E-01
7.38603814E-02  1.98432789E+01  1.37552008E-01
7.42522137E-02  2.01658936E+01  1.39197662E-01
7.46440459E-02  1.95998669E+01  1.36446193E-01
7.50358782E-02  1.95747089E+01  1.34518981E-01
7.54277105E-02  1.91108742E+01  1.34797707E-01
7.58195427E-02  1.90350170E+01  1.32836223E-01
7.62113750E-02  1.89247150E+01  1.31720528E-01
7.66032072E-02  1.86261272E+01  1.30319566E-01
7.69950395E-02  1.87172470E+01  1.29637495E-01
7.73868718E-02  1.85516415E+01  1.30957484E-01
7.77787040E-02  1.85684986E+01  1.28431782E-01
7.81705363E-02  1.83178291E+01  1.28247306E-01
7.85623686E-02  1.81281109E+01  1.26063034E-01
7.89542008E-02  1.80142059E+01  1.25721648E-01
7.93460331E-02  1.78523464E+01  1.25708282E-01
7.97378653E-02  1.76199970E+01  1.23689465E-01
8.01296976E-02  1.74141769E+01  1.22434840E-01
8.05215299E-02  1.74640713E+01  1.22715898E-01
8.09133621E-02  1.76260529E+01  1.22755885E-01
8.13051944E-02  1.74539566E+01  1.21998981E-01
8.16970267E-02  1.70764713E+01  1.19456783E-01
8.20888589E-02  1.72050457E+01  1.21126264E-01
8.24806912E-02  1.70297165E+01  1.19193897E-01
8.28725234E-02  1.68846073E+01  1.18685171E-01
8.32643557E-02  1.68237324E+01  1.17399000E-01
8.36561880E-02  1.67806568E+01  1.16535150E-01
8.40480202E-02  1.66240520E+01  1.17570378E-01
8.44398525E-02  1.64047451E+01  1.15036786E-01
8.48316848E-02  1.62757740E+01  1.15283251E-01
8.52235170E-02  1.59855862E+01  1.12877250E-01
8.56153493E-02  1.60689354E+01  1.13533735E-01
8.60071815E-02  1.61602459E+01  1.14084959E-01
8.63990138E-02  1.58057280E+01  1.11313462E-01
8.67908461E-02  1.56696091E+01  1.11446343E-01
8.71826783E-02  1.55767860E+01  1.09818280E-01
8.75745106E-02  1.56909580E+01  1.11126989E-01
8.79663429E-02  1.54718370E+01  1.09660409E-01
8.83581751E-02  1.55145540E+01  1.09387696E-01
8.87500074E-02  1.53364458E+01  1.08507462E-01
8.91418396E-02  1.51747313E+01  1.07522197E-01
8.95336719E-02  1.51815453E+01  1.07751861E-01
8.99255042E-02  1.50433397E+01  1.06449679E-01
9.03173364E-02  1.48420019E+01  1.05576202E-01
9.07091687E-02  1.49664783E+01  1.06337965E-01
9.11010009E-02  1.49894581E+01  1.05507247E-01
9.14928332E-02  1.47654352E+01  1.04832828E-01
9.18846655E-02  1.46838894E+01  1.03659883E-01
9.22764977E-02  1.46601877E+01  1.03957273E-01
9.26683300E-02  1.44591055E+01  1.04798138E-01
9.30601623E-02  1.46266212E+01  1.05564043E-01
9.34519945E-02  1.43192148E+01  1.04889303E-01
9.38438268E-02  1.44108839E+01  1.04268037E-01
9.42356590E-02  1.43390226E+01  1.05042852E-01
9.46274913E-02  1.41251383E+01  1.04256630E-01
9.50193236E-02  1.40545111E+01  1.03322446E-01
9.54111558E-02  1.39936295E+01  1.03810422E-01
9.58029881E-02  1.38925848E+01  1.01462506E-01
9.61948204E-02  1.37388391E+01  1.00417338E-01
9.65866526E-02  1.38930244E+01  1.00319147E-01
9.69784849E-02  1.39652777E+01  9.99664292E-02
9.73703171E-02  1.38772669E+01  1.00226268E-01
9.77621494E-02  1.36552639E+01  9.88863036E-02
9.81539817E-02  1.36903582E+01  9.89073142E-02
9.85458139E-02  1.34145412E+01  9.77316797E-02
9.89376462E-02  1.36660833E+01  9.93535742E-02
9.93294785E-02  1.34119101E+01  1.00972801E-01
9.97213107E-02  1.35260153E+01  1.01478741E-01
1.00113143E-01  1.33475065E+01  1.01426460E-01
1.00504975E-01  1.34626703E+01  1.01981148E-01
1.00896808E-01  1.31850338E+01  1.01041421E-01
1.01288640E-01  1.32771854E+01  1.02714270E-01
1.01680472E-01  1.31596308E+01  1.01734862E-01
1.02072304E-01  1.30116777E+01  1.00066148E-01
1.02464137E-01  1.31624298E+01  1.00605614E-01
1.02855969E-01  1.29994898E+01  9.97514278E-02
1.03247801E-01  1.29799213E+01  9.91093591E-02
1.03639633E-01  1.28004627E+01  9.84592736E-02
1.04031466E-01  1.29408789E+01  9.93748382E-02
1.04423298E-01  1.29059677E+01  9.91652533E-02
1.04815130E-01  1.28675814E+01  9.88673866E-02
1.05206962E-01  1.27705202E+01  9.83075052E-02
1.05598795E-01  1.27347784E+01  9.78008211E-02
1.05990627E-01  1.25860310E+01  9.74111333E-02
1.06382459E-01  1.25493183E+01  9.58354175E-02
1.06774291E-01  1.26531162E+01  9.60556120E-02
1.07166124E-01  1.25922441E+01  9.46250483E-02
1.07557956E-01  1.24974079E+01  9.40346047E-02
1.07949788E-01  1.25612822E+01  9.44083780E-02
1.08341620E-01  1.23417740E+01  9.24717411E-02
1.08733453E-01  1.23560572E+01  9.29447263E-02
1.09125285E-01  1.23646355E+01  9.15798470E-02
1.09517117E-01  1.23793364E+01  9.21039730E-02
1.09908950E-01  1.21748066E+01  9.10598487E-02
1.10300782E-01  1.20839329E+01  8.97472948E-02
1.10692614E-01  1.21539116E+01  9.03992653E-02
1.11084446E-01  1.22533503E+01  8.98966864E-02
1.11476279E-01  1.20554733E+01  8.91093165E-02
1.11868111E-01  1.21583347E+01  8.89343321E-02
1.12259943E-01  1.21488113E+01  8.87555107E-02
1.12651775E-01  1.20924397E+01  8.85495096E-02
1.13043608E-01  1.19934864E+01  8.74528810E-02
1.13435440E-01  1.20842333E+01  8.78673270E-02
1.13827272E-01  1.19641638E+01  8.67674872E-02
1.14219104E-01  1.18550444E+01  8.61007422E-02
1.14610937E-01  1.18165264E+01  8.63394663E-02
1.15002769E-01  1.17848053E+01  8.54195654E-02
1.15394601E-01  1.20278177E+01  8.68349671E-02
1.15786433E-01  1.16442757E+01  8.46996456E-02
1.16178266E-01  1.16355810E+01  8.50355178E-02
1.16570098E-01  1.17770576E+01  8.50245953E-02
1.16961930E-01  1.16140556E+01  8.36930871E-02
1.17353763E-01  1.16398106E+01  8.45799446E-02
1.17745595E-01  1.16714487E+01  8.35981295E-02
1.18137427E-01  1.16234255E+01  8.39045122E-02
1.18529259E-01  1.17028799E+01  8.34367648E-02
1.18921092E-01  1.13881750E+01  8.19187239E-02
1.19312924E-01  1.15111399E+01  8.29234719E-02
1.19704756E-01  1.13870554E+01  8.17227066E-02
1.20096588E-01  1.15174046E+01  8.25774223E-02
1.20488421E-01  1.14150524E+01  8.17994401E-02
1.20880253E-01  1.14294891E+01  8.13759863E-02
1.21272085E-01  1.12938900E+01  8.14599693E-02
1.21663917E-01  1.12822924E+01  8.06639791E-02
1.22055750E-01  1.13476076E+01  8.14626738E-02
1.22447582E-01  1.12160940E+01  8.01047385E-02
1.22839414E-01  1.11760244E+01  8.03531632E-02
1.23231246E-01  1.11920252E+01  8.03644136E-02
1.23623079E-01  1.12560062E+01  7.96577260E-02
1.24014911E-01  1.11263132E+01  7.97385424E-02
1.24406743E-01  1.11875257E+01  7.92147666E-02
1.24798575E-01  1.11045895E+01  7.93894157E-02
1.25190408E-01  1.11368446E+01  7.89470002E-02
1.25582240E-01  1.11844254E+01  7.89832249E-02
1.25974072E-01  1.10872602E+01  7.88375363E-02
1.26365905E-01  1.09702616E+01  7.77056217E-02
1.26757737E-01  1.10222883E+01  7.85185918E-02
1.27149569E-01  1.09068861E+01  7.75451586E-02
1.27541401E-01  1.09561815E+01  7.71696046E-02
1.27933234E-01  1.08138704E+01  7.69811869E-02
1.28325066E-01  1.08891582E+01  7.70172328E-02
1.28716898E-01  1.09261560E+01  7.71901459E-02
1.29108730E-01  1.07035971E+01  7.58034438E-02
1.29500563E-01  1.07310801E+01  7.58195594E-02
1.29892395E-01  1.10091734E+01  7.73779601E-02
1.30284227E-01  1.08700428E+01  7.61260465E-02
1.30676059E-01  1.07626743E+01  7.58706555E-02
1.31067892E-01  1.06811361E+01  7.50038326E-02
1.31459724E-01  1.06715212E+01  7.50492737E-02
1.31851556E-01  1.07394981E+01  7.56077692E-02
1.32243388E-01  1.08074684E+01  7.50917122E-02
1.32635221E-01  1.05604925E+01  7.42482468E-02
1.33027053E-01  1.06870327E+01  7.46724457E-02
1.33418885E-01  1.05528946E+01  7.43382797E-02
1.33810718E-01  1.04761076E+01  7.35877007E-02
1.34202550E-01  1.06394157E+01  7.37037808E-02
1.34594382E-01  1.05664291E+01  7.39236549E-02
1.34986214E-01  1.04617262E+01  7.33673126E-02
1.35378047E-01  1.05329428E+01  7.34846592E-02
1.35769879E-01  1.04979830E+01  7.29343221E-02
1.36161711E-01  1.05349941E+01  7.30259791E-02
1.36553543E-01  1.04427519E+01  7.26506189E-02
1.36945376E-01  1.04108324E+01  7.22121745E-02
1.37337208E-01  1.03689823E+01  7.20850751E-02
1.37729040E-01  1.04180098E+01  7.18073770E-02
1.38120872E-01  1.03352232E+01  7.16102570E-02
1.38512705E-01  1.03182259E+01  7.18190521E-02
1.38904537E-01  1.04434299E+01  7.13331774E-02
1.39296369E-01  1.02971411E+01  7.13549554E-02
1.39688201E-01  1.02532291E+01  7.08536059E-02
1.40080034E-01  1.03222446E+01  7.09185600E-02
1.40471866E-01  1.01197586E+01  7.02710226E-02
1.40863698E-01  1.01920414E+01  7.00620487E-02
1.41255531E-01  1.02230101E+01  7.01854452E-02
1.41647363E-01  1.02114038E+01  7.02133998E-02
1.42039195E-01  1.01953440E+01  6.98557049E-02
1.42431027E-01  1.02195740E+01  7.01403618E-02
1.42822860E-01  1.02235298E+01  6.96203485E-02
1.43214692E-01  1.02025375E+01  7.00316876E-02
1.43606524E-01  1.02881174E+01  7.01399148E-02
1.43998356E-01  1.00698624E+01  6.87222555E-02
1.44390189E-01  1.00774841E+01  6.99892789E-02
1.44782021E-01  1.00571375E+01  6.99357316E-02
1.45173853E-01  1.01324816E+01  7.07321018E-02
1.45565685E-01  1.00721874E+01  7.01932982E-02
1.45957518E-01  1.01180210E+01  7.09272921E-02
1.46349350E-01  1.00967283E+01  7.08703771E-02
1.46741182E-01  9.91373825E+00  7.04005584E-02
1.47133014E-01  9.93089199E+00  7.06382394E-02
1.47524847E-01  1.00725870E+01  7.08389208E-02
1.47916679E-01  1.00835018E+01  7.10722879E-02
1.48308511E-01  9.97232056E+00  7.06972405E-02
1.48700343E-01  1.00856333E+01  7.15653226E-02
1.49092176E-01  9.84134579E+00  7.02845752E-02
1.49484008E-01  9.87204075E+00  7.01309741E-02
1.49875840E-01  9.86030006E+00  7.07618296E-02
1.50267673E-01  9.95115185E+00  7.08361268E-02
1.50659505E-01  9.96181202E+00  7.08563775E-02
1.51051337E-01  9.96695995E+00  7.08213672E-02
1.51443169E-01  9.81629753E+00  6.90791979E-02
1.51835002E-01  9.84300613E+00  6.94946647E-02
1.52226834E-01  9.86059284E+00  6.86869994E-02
1.52618666E-01  9.78088570E+00  6.84580877E-02
1.53010498E-01  9.66705990E+00  6.74322024E-02
1.53402331E-01  9.71829319E+00  6.81737959E-02
1.53794163E-01  9.72447109E+00  6.75848499E-02
1.54185995E-01  9.73875999E+00  6.72102273E-02
1.54577827E-01  9.79126072E+00  6.73133656E-02
1.54969660E-01  9.76744080E+00  6.70767277E-02
1.55361492E-01  9.74637604E+00  6.74090311E-02
1.55753324E-01  9.68682098E+00  6.64792061E-02
1.56145156E-01  9.70077610E+00  6.64063022E-02
1.56536989E-01  9.75116158E+00  6.65938109E-02
1.56928821E-01  9.71576405E+00  6.63675442E-02
1.57320653E-01  9.65814018E+00  6.63511604E-02
1.57712486E-01  9.62258720E+00  6.54295012E-02
1.58104318E-01  9.60759449E+00  6.54806271E-02
1.58496150E-01  9.57221508E+00  6.55062944E-02
1.58887982E-01  9.61850071E+00  6.52135462E-02
1.59279815E-01  9.65462971E+00  6.55973554E-02
1.59671647E-01  9.55540562E+00  6.45591319E-02
1.60063479E-01  9.63589382E+00  6.53886050E-02
1.60455311E-01  9.62434673E+00  6.50189817E-02
1.60847144E-01  9.52503586E+00  6.44850656E-02
1.61238976E-01  9.64482880E+00  6.47624880E-02
1.61630808E-01  9.62452030E+00  6.42907470E-02
1.62022640E-01  9.59759903E+00  6.48723394E-02
1.62414473E-01  9.52479935E+00  6.40258491E-02
1.62806305E-01  9.59706593E+00  6.40759170E-02
1.63198137E-01  9.45221424E+00  6.37543499E-02
1.63589969E-01  9.45730495E+00  6.34589866E-02
1.63981802E-01  9.59372044E+00  6.42025694E-02
1.64373634E-01  9.55672550E+00  6.35760203E-02
1.64765466E-01  9.47791004E+00  6.31005913E-02
1.65157298E-01  9.40786552E+00  6.31059334E-02
1.65549131E-01  9.43346310E+00  6.30454570E-02
1.65940963E-01  9.45509338E+00  6.31843731E-02
1.66332795E-01  9.41419029E+00  6.23675212E-02
1.66724628E-01  9.35639381E+00  6.25122488E-02
1.67116460E-01  9.48882103E+00  6.29795194E-02
1.67508292E-01  9.36644077E+00  6.22482002E-02
1.67900124E-01  9.28931236E+00  6.19659387E-02
1.68291957E-01  9.38858509E+00  6.19266927E-02
1.68683789E-01  9.29048538E+00  6.22276478E-02
1.69075621E-01  9.30838299E+00  6.16368093E-02
1.69467453E-01  9.34027481E+00  6.17047586E-02
1.69859286E-01  9.28662586E+00  6.15399815E-02
1.70251118E-01  9.22901249E+00  6.12119772E-02
1.70642950E-01  9.40224552E+00  6.21250048E-02
1.71034782E-01  9.28099442E+00  6.11001775E-02
1.71426615E-01  9.28462505E+00  6.09289818E-02
1.71818447E-01  9.27370834E+00  6.09663986E-02
1.72210279E-01  9.29112530E+00  6.09506406E-02
1.72602111E-01  9.36008930E+00  6.11888170E-02
1.72993944E-01  9.42002106E+00  6.09598383E-02
1.73385776E-01  9.17249775E+00  6.03323244E-02
1.73777608E-01  9.22401619E+00  6.05978221E-02
1.74169441E-01  9.26972294E+00  6.02705665E-02
1.74561273E-01  9.26734447E+00  6.03931248E-02
1.74953105E-01  9.31722832E+00  6.01549856E-02
1.75344937E-01  9.36216450E+00  6.06897213E-02
1.75736770E-01  9.19404030E+00  5.99192381E-02
1.76128602E-01  9.20205498E+00  5.94833344E-02
1.76520434E-01  9.11375141E+00  5.93342669E-02
1.76912266E-01  9.13266563E+00  5.91908209E-02
1.77304099E-01  9.20941544E+00  5.97837567E-02
1.77695931E-01  9.07586384E+00  5.89503422E-02
1.78087763E-01  9.16983032E+00  5.91306686E-02
1.78479595E-01  9.28877163E+00  5.97524755E-02
1.78871428E-01  9.22025013E+00  5.92369772E-02
1.79263260E-01  9.24775028E+00  5.94271459E-02
1.79655092E-01  9.15191746E+00  5.88721260E-02
1.80046924E-01  9.13862038E+00  5.88072762E-02
1.80438757E-01  9.06606102E+00  5.88073283E-02
1.80830589E-01  9.16999722E+00  5.87422214E-02
1.81222421E-01  9.10522652E+00  5.86227365E-02
1.81614254E-01  9.08022404E+00  5.81599809E-02
1.82006086E-01  9.23781490E+00  5.90483658E-02
1.82397918E-01  9.12567234E+00  5.90574890E-02
1.82789750E-01  9.04991436E+00  5.87001257E-02
1.83181583E-01  9.03036594E+00  5.89628369E-02
1.83573415E-01  9.21591949E+00  5.96115813E-02
1.83965247E-01  8.99474049E+00  5.93857765E-02
1.84357079E-01  9.16143036E+00  5.93897216E-02
1.84748912E-01  8.99654293E+00  5.91609031E-02
1.85140744E-01  9.13689137E+00  5.95860295E-02
1.85532576E-01  8.99537277E+00  5.93537427E-02
1.85924408E-01  9.02843571E+00  5.96733056E-02
1.86316241E-01  8.90717506E+00  5.87871522E-02
1.86708073E-01  8.96008205E+00  5.93539104E-02
1.87099905E-01  9.00141048E+00  5.95024824E-02
1.87491737E-01  9.02464294E+00  5.94860464E-02
1.87883570E-01  9.00663185E+00  5.95435053E-02
1.88275402E-01  9.05667877E+00  5.94407991E-02
1.88667234E-01  8.96132088E+00  5.97116277E-02
1.89059066E-01  8.98102665E+00  5.92616685E-02
1.89450899E-01  9.02515030E+00  5.91079667E-02
1.89842731E-01  8.99137402E+00  5.86694889E-02
1.90234563E-01  9.03150749E+00  5.86103275E-02
1.90626396E-01  8.99555874E+00  5.89091182E-02
1.91018228E-01  9.01484776E+00  5.80192059E-02
1.91410060E-01  9.07227993E+00  5.83236404E-02
1.91801892E-01  9.01272011E+00  5.78297153E-02
1.92193725E-01  8.89534664E+00  5.74947260E-02
1.92585557E-01  8.86863518E+00  5.75582087E-02
1.92977389E-01  8.98918247E+00  5.72687164E-02
1.93369221E-01  8.90515137E+00  5.73357716E-02
1.93761054E-01  8.99470711E+00  5.73703200E-02
1.94152886E-01  8.90393257E+00  5.70074320E-02
1.94544718E-01  8.96601677E+00  5.72164282E-02
1.94936550E-01  8.91983032E+00  5.64851761E-02
1.95328383E-01  8.95888519E+00  5.71627729E-02
1.95720215E-01  8.86733055E+00  5.65314367E-02
1.96112047E-01  8.96607399E+00  5.66724390E-02
1.96503879E-01  8.76103687E+00  5.61213046E-02
1.96895712E-01  8.72928047E+00  5.55138737E-02
1.97287544E-01  8.90110397E+00  5.67214005E-02
1.97679376E-01  8.78654861E+00  5.56567907E-02
1.98071209E-01  8.88897800E+00  5.60297705E-02
1.98463041E-01  8.83290482E+00  5.57939410E-02
1.98854873E-01  8.79868889E+00  5.54716736E-02
1.99246705E-01  8.85570049E+00  5.60936928E-02
1.99638538E-01  8.91015053E+00  5.55994660E-02
2.00030370E-01  8.88581276E+00  5.56975603E-02
2.00422202E-01  8.78043747E+00  5.55312522E-02
2.00814034E-01  8.78229904E+00  5.51996604E-02
2.01205867E-01  8.83739758E+00  5.52294217E-02
2.01597699E-01  8.86956978E+00  5.51309213E-02
2.01989531E-01  8.89620781E+00  5.54897822E-02
2.02381363E-01  8.70183086E+00  5.46917319E-02
2.02773196E-01  8.75272369E+00  5.47483824E-02
2.03165028E-01  8.78792572E+00  5.49148843E-02
2.03556860E-01  8.69871140E+00  5.43754436E-02
2.03948692E-01  8.68917084E+00  5.44660576E-02
2.04340525E-01  8.68959236E+00  5.41820563E-02
2.04732357E-01  8.81370544E+00  5.46046570E-02
2.05124189E-01  8.75319576E+00  5.42433076E-02
2.05516021E-01  8.67805958E+00  5.40828183E-02
2.05907854E-01  8.80865955E+00  5.43423556E-02
2.06299686E-01  8.73517323E+00  5.39980382E-02
2.06691518E-01  8.72726822E+00  5.40007800E-02
2.07083351E-01  8.74208736E+00  5.38763255E-02
2.07475183E-01  8.81325817E+00  5.42213172E-02
2.07867015E-01  8.80106735E+00  5.38798235E-02
2.08258847E-01  8.71612453E+00  5.36105409E-02
2.08650680E-01  8.68211079E+00  5.33831604E-02
2.09042512E-01  8.74464321E+00  5.35313897E-02
2.09434344E-01  8.89061451E+00  5.39588705E-02
2.09826176E-01  8.65594959E+00  5.30431308E-02
2.10218009E-01  8.70626163E+00  5.32924309E-02
2.10609841E-01  8.67385483E+00  5.33848964E-02
2.11001673E-01  8.70934868E+00  5.30181378E-02
2.11393505E-01  8.70876598E+00  5.31279184E-02
2.11785338E-01  8.74118996E+00  5.30129410E-02
2.12177170E-01  8.61872959E+00  5.29644229E-02
2.12569002E-01  8.72089672E+00  5.31396642E-02
2.12960834E-01  8.66386032E+00  5.26603051E-02
2.13352667E-01  8.62820435E+00  5.26953153E-02
2.13744499E-01  8.76100063E+00  5.27531877E-02
2.14136331E-01  8.65686417E+00  5.28851487E-02
2.14528164E-01  8.66648102E+00  5.26101887E-02
2.14919996E-01  8.63590813E+00  5.23840711E-02
2.15311828E-01  8.74485207E+00  5.29408008E-02
2.15703660E-01  8.66307163E+00  5.22764213E-02
2.16095493E-01  8.58550930E+00  5.23312129E-02
2.16487325E-01  8.67643547E+00  5.23418188E-02
2.16879157E-01  8.67632103E+00  5.22101857E-02
2.17270989E-01  8.61726475E+00  5.24284430E-02
2.17662822E-01  8.69643784E+00  5.20511530E-02
2.18054654E-01  8.64154720E+00  5.22866622E-02
2.18446486E-01  8.63939667E+00  5.17840013E-02
2.18838318E-01  8.61903667E+00  5.17391637E-02
2.19230151E-01  8.71315479E+00  5.23466058E-02
2.19621983E-01  8.62594795E+00  5.16403466E-02
2.20013815E-01  8.58385372E+00  5.18920049E-02
2.20405647E-01  8.59565449E+00  5.14626838E-02
2.20797480E-01  8.72540665E+00  5.19618057E-02
2.21189312E-01  8.60225201E+00  5.15780412E-02
2.21581144E-01  8.56998158E+00  5.11743277E-02
2.21972977E-01  8.74275494E+00  5.19418418E-02
2.22364809E-01  8.57683182E+00  5.12655303E-02
2.22756641E-01  8.54080963E+00  5.12363538E-02
2.23148473E-01  8.64363766E+00  5.14101647E-02
2.23540306E-01  8.63437366E+00  5.11492044E-02
2.23932138E-01  8.50693417E+00  5.09790406E-02
2.24323970E-01  8.56348038E+00  5.09622656E-02
2.24715802E-01  8.51881409E+00  5.08987457E-02
2.25107635E-01  8.60762310E+00  5.09782173E-02
2.25499467E-01  8.50254917E+00  5.05370535E-02
2.25891299E-01  8.55308723E+00  5.09166494E-02
2.26283131E-01  8.62501431E+00  5.07784411E-02
2.26674964E-01  8.60012436E+00  5.09874858E-02
2.27066796E-01  8.50260448E+00  5.03421240E-02
2.27458628E-01  8.62166691E+00  5.12296781E-02
2.27850460E-01  8.62325191E+00  5.15724793E-02
2.28242293E-01  8.63847542E+00  5.13658375E-02
2.28634125E-01  8.58692265E+00  5.15593924E-02
2.29025957E-01  8.61540699E+00  5.15892655E-02
2.29417789E-01  8.51660252E+00  5.15316129E-02
2.29809622E-01  8.53733540E+00  5.17233796E-02
2.30201454E-01  8.52914810E+00  5.14579676E-02
2.30593286E-01  8.48187637E+00  5.16362712E-02
2.30985119E-01  8.57182217E+00  5.17474562E-02
2.31376951E-01  8.51988316E+00  5.18091172E-02
2.31768783E-01  8.62825871E+00  5.19746318E-02
2.32160615E-01  8.60591316E+00  5.18993810E-02
2.32552448E-01  8.57513428E+00  5.21663204E-02
2.32944280E-01  8.54039192E+00  5.17989732E-02
2.33336112E-01  8.42875576E+00  5.16868196E-02
2.33727944E-01  8.49667549E+00  5.16746789E-02
2.34119777E-01  8.52396870E+00  5.19783199E-02
2.34511609E-01  8.51214600E+00  5.13609983E-02
2.34903441E-01  8.44696712E+00  5.08973487E-02
2.35295273E-01  8.54898834E+00  5.10635413E-02
2.35687106E-01  8.56048298E+00  5.09047806E-02
2.36078938E-01  8.56866169E+00  5.10527976E-02
2.36470770E-01  8.51823616E+00  5.07028885E-02
2.36862602E-01  8.45445061E+00  5.01741171E-02
2.37254435E-01  8.44945812E+00  5.03166802E-02
2.37646267E-01  8.61507416E+00  5.06488718E-02
2.38038099E-01  8.46615028E+00  5.01201376E-02
2.38429932E-01  8.49600506E+00  4.99212518E-02
2.38821764E-01  8.47748184E+00  5.00209555E-02
2.39213596E-01  8.48228645E+00  5.00205755E-02
2.39605428E-01  8.50436687E+00  4.97936271E-02
2.39997261E-01  8.54553223E+00  5.01923449E-02
2.40389093E-01  8.54633713E+00  4.96502630E-02
2.40780925E-01  8.48996258E+00  4.98900600E-02
2.41172757E-01  8.42746735E+00  4.93467599E-02
2.41564590E-01  8.52187824E+00  4.95868847E-02
2.41956422E-01  8.47643471E+00  4.94903065E-02
2.42348254E-01  8.44781685E+00  4.91875932E-02
2.42740086E-01  8.52121258E+00  4.97288704E-02
2.43131919E-01  8.50397968E+00  4.92878743E-02
2.43523751E-01  8.40191078E+00  4.88177985E-02
2.43915583E-01  8.42286968E+00  4.90806215E-02
2.44307415E-01  8.44066429E+00  4.89168018E-02
2.44699248E-01  8.43077850E+00  4.90900539E-02
2.45091080E-01  8.41118813E+00  4.87010144E-02
2.45482912E-01  8.43935680E+00  4.87278961E-02
2.45874744E-01  8.47692966E+00  4.90225293E-02
2.46266577E-01  8.46090794E+00  4.86066453E-02
2.46658409E-01  8.46965981E+00  4.88158762E-02
2.47050241E-01  8.43327332E+00  4.84063700E-02
2.47442074E-01  8.44037914E+00  4.86091785E-02
2.47833906E-01  8.43211174E+00  4.84908521E-02
2.48225738E-01  8.40085888E+00  4.81142215E-02
2.48617570E-01  8.40863037E+00  4.82561775E-02
2.49009403E-01  8.44599724E+00  4.81709130E-02
2.49401235E-01  8.42874718E+00  4.84482795E-02
2.49793067E-01  8.39835548E+00  4.80023623E-02
2.50184899E-01  8.36413860E+00  4.76962812E-02
2.50576732E-01  8.38522053E+00  4.80309576E-02
2.50968564E-01  8.43535423E+00  4.78733182E-02
2.51360396E-01  8.36021042E+00  4.78743501E-02
2.51752228E-01  8.39375782E+00  4.76587377E-02
2.52144061E-01  8.41409111E+00  4.78135124E-02
2.52535893E-01  8.34772396E+00  4.77738753E-02
2.52927725E-01  8.42021561E+00  4.77022007E-02
2.53319557E-01  8.43099117E+00  4.79010381E-02
2.53711390E-01  8.34055710E+00  4.72919196E-02
2.54103222E-01  8.39187050E+00  4.76288348E-02
2.54495054E-01  8.37512779E+00  4.76328768E-02
2.54886887E-01  8.44096088E+00  4.75254916E-02
2.55278719E-01  8.33947182E+00  4.73085865E-02
2.55670551E-01  8.41910267E+00  4.74453084E-02
2.56062383E-01  8.39373970E+00  4.75774109E-02
2.56454216E-01  8.30505943E+00  4.71672863E-02
2.56846048E-01  8.42506599E+00  4.72990014E-02
2.57237880E-01  8.30859661E+00  4.69960086E-02
2.57629712E-01  8.34446239E+00  4.71100323E-02
2.58021545E-01  8.30493927E+00  4.69798297E-02
2.58413377E-01  8.37778187E+00  4.70424406E-02
2.58805209E-01  8.35100555E+00  4.69179824E-02
2.59197041E-01  8.32064056E+00  4.69688103E-02
2.59588874E-01  8.35184956E+00  4.69145775E-02
2.59980706E-01  8.27108192E+00  4.65956107E-02
2.60372538E-01  8.31949806E+00  4.65919338E-02
2.60764370E-01  8.32227993E+00  4.67094369E-02
2.61156203E-01  8.39340019E+00  4.70257252E-02
2.61548035E-01  8.38721657E+00  4.66604978E-02
2.61939867E-01  8.24182796E+00  4.64654751E-02
2.62331700E-01  8.29931831E+00  4.63258848E-02
2.62723532E-01  8.35088730E+00  4.66566421E-02
2.63115364E-01  8.36730194E+00  4.65396270E-02
2.63507196E-01  8.34833527E+00  4.64032777E-02
2.63899029E-01  8.28785133E+00  4.63304967E-02
2.64290861E-01  8.31129169E+00  4.62352447E-02
2.64682693E-01  8.30189133E+00  4.62984331E-02
2.65074525E-01  8.32694817E+00  4.61491421E-02
2.65466358E-01  8.39645672E+00  4.67184111E-02
2.65858190E-01  8.33154297E+00  4.67746928E-02
2.66250022E-01  8.31012344E+00  4.66111191E-02
2.66641854E-01  8.30702496E+00  4.68598604E-02
2.67033687E-01  8.27359772E+00  4.65757959E-02
2.67425519E-01  8.37462139E+00  4.72314022E-02
2.67817351E-01  8.31121635E+00  4.70025577E-02
2.68209183E-01  8.29195023E+00  4.67688702E-02
2.68601016E-01  8.28645515E+00  4.69640233E-02
2.68992848E-01  8.26722431E+00  4.69471030E-02
2.69384680E-01  8.28791142E+00  4.72769774E-02
2.69776512E-01  8.28339481E+00  4.68999967E-02
2.70168345E-01  8.29116821E+00  4.70156558E-02
2.70560177E-01  8.28854942E+00  4.71969917E-02
2.70952009E-01  8.37266541E+00  4.73031960E-02
2.71343842E-01  8.24300003E+00  4.71244082E-02
2.71735674E-01  8.37161160E+00  4.73827682E-02
2.72127506E-01  8.33821106E+00  4.73326705E-02
2.72519338E-01  8.27642059E+00  4.72267978E-02
2.72911171E-01  8.32686329E+00  4.73262407E-02
2.73303003E-01  8.29189301E+00  4.72206213E-02
2.73694835E-01  8.30604649E+00  4.71789762E-02
2.74086667E-01  8.31955147E+00  4.76329289E-02
2.74478500E-01  8.23850632E+00  4.69997413E-02
2.74870332E-01  8.28953171E+00  4.72654589E-02
2.75262164E-01  8.24863052E+00  4.70353067E-02
2.75653996E-01  8.32717037E+00  4.74176742E-02
2.76045829E-01  8.26436043E+00  4.74563688E-02
2.76437661E-01  8.33367157E+00  4.73030917E-02
2.76829493E-01  8.32283020E+00  4.73868139E-02
2.77221325E-01  8.19209099E+00  4.70196754E-02
2.77613158E-01  8.24584293E+00  4.71993163E-02
2.78004990E-01  8.17424965E+00  4.70258445E-02
2.78396822E-01  8.23051071E+00  4.70230430E-02
2.78788655E-01  8.26730347E+00  4.73570786E-02
2.79180487E-01  8.23680592E+00  4.72188070E-02
2.79572319E-01  8.23704243E+00  4.70864959E-02
2.79964151E-01  8.23131275E+00  4.71462719E-02
2.80355984E-01  8.22271919E+00  4.69578393E-02
2.80747816E-01  8.17852402E+00  4.71606031E-02
2.81139648E-01  8.31878376E+00  4.73331027E-02
2.81531480E-01  8.19516087E+00  4.70815226E-02
2.81923313E-01  8.26380825E+00  4.71325852E-02
2.82315145E-01  8.16468716E+00  4.68932986E-02
2.82706977E-01  8.26322937E+00  4.73539457E-02
2.83098809E-01  8.22117710E+00  4.68361415E-02
2.83490642E-01  8.22701740E+00  4.71549407E-02
2.83882474E-01  8.23480511E+00  4.69816849E-02
2.84274306E-01  8.17946053E+00  4.68738936E-02
2.84666138E-01  8.24264050E+00  4.71115746E-02
2.85057971E-01  8.22415733E+00  4.69331555E-02
2.85449803E-01  8.24287128E+00  4.71506454E-02
2.85841635E-01  8.19644737E+00  4.68544401E-02
2.86233467E-01  8.18361568E+00  4.68492657E-02
2.86625300E-01  8.23390102E+00  4.72145677E-02
2.87017132E-01  8.23222351E+00  4.73507456E-02
2.87408964E-01  8.28328705E+00  4.80418652E-02
2.87800797E-01  8.20912361E+00  4.74849120E-02
2.88192629E-01  8.26328564E+00  4.81449962E-02
2.88584461E-01  8.20344543E+00  4.77971546E-02
2.88976293E-01  8.20219135E+00  4.79537323E-02
2.89368126E-01  8.14787769E+00  4.81323078E-02
2.89759958E-01  8.22100830E+00  4.80292849E-02
2.90151790E-01  8.20827961E+00  4.84207422E-02
2.90543622E-01  8.17020226E+00  4.81852219E-02
2.90935455E-01  8.18317413E+00  4.85061407E-02
2.91327287E-01  8.22959423E+00  4.85811457E-02
2.91719119E-01  8.17694473E+00  4.82468084E-02
2.92110951E-01  8.24443626E+00  4.89019267E-02
2.92502784E-01  8.03927040E+00  4.83933166E-02
2.92894616E-01  8.10417175E+00  4.90280129E-02
2.93286448E-01  8.19622421E+00  4.95206229E-02
2.93678280E-01  8.21296501E+00  4.94389236E-02
2.94070113E-01  8.13269997E+00  4.99889702E-02
2.94461945E-01  8.14169788E+00  4.96833064E-02
2.94853777E-01  8.09102917E+00  4.99684289E-02
2.95245610E-01  8.17133427E+00  5.02160080E-02
2.95637442E-01  8.13225842E+00  5.03287390E-02
2.96029274E-01  8.13714123E+00  5.06674834E-02
2.96421106E-01  8.16296196E+00  5.04868589E-02
2.96812939E-01  8.13734245E+00  5.09011596E-02
2.97204771E-01  8.13985825E+00  5.08850478E-02
2.97596603E-01  8.15159893E+00  5.12314513E-02
2.97988435E-01  8.12945461E+00  5.12443110E-02
2.98380268E-01  8.19260502E+00  5.13030738E-02
2.98772100E-01  8.11637115E+00  5.15868701E-02
2.99163932E-01  8.10078049E+00  5.14451936E-02
2.99555764E-01  8.09917545E+00  5.15411198E-02
2.99947597E-01  8.15746403E+00  5.16927131E-02
3.00339429E-01  8.11987305E+00  5.17599024E-02
3.00731261E-01  8.11240292E+00  5.20625152E-02
3.01123093E-01  8.08257389E+00  5.17179519E-02
3.01514926E-01  8.07948494E+00  5.21311350E-02
3.01906758E-01  8.17611790E+00  5.22065386E-02
3.02298590E-01  8.06687355E+00  5.23370728E-02
3.02690423E-01  8.07802200E+00  5.23027368E-02
3.03082255E-01  8.14597893E+00  5.24783097E-02
3.03474087E-01  8.04522038E+00  5.25887571E-02
3.03865919E-01  7.99640369E+00  5.22239357E-02
3.04257752E-01  8.11850643E+00  5.31109385E-02
3.04649584E-01  8.09772396E+00  5.26348017E-02
3.05041416E-01  8.11587048E+00  5.28836250E-02
3.05433248E-01  8.17671776E+00  5.32925539E-02
3.05825081E-01  8.08084583E+00  5.29337004E-02
3.06216913E-01  8.11315823E+00  5.34849539E-02
3.06608745E-01  8.14090729E+00  5.31949103E-02
3.07000577E-01  8.09286785E+00  5.34185618E-02
3.07392410E-01  8.05156040E+00  5.35747781E-02
3.07784242E-01  8.08757782E+00  5.33267520E-02
3.08176074E-01  8.06008053E+00  5.37470095E-02
3.08567906E-01  8.05769157E+00  5.34254946E-02
3.08959739E-01  8.16085148E+00  5.42863756E-02
3.09351571E-01  8.03957176E+00  5.38236797E-02
3.09743403E-01  8.16171265E+00  5.39129302E-02
3.10135235E-01  7.99262571E+00  5.38507923E-02
3.10527068E-01  8.01195717E+00  5.43799363E-02
3.10918900E-01  8.10407162E+00  5.55987060E-02
3.11310732E-01  8.06764603E+00  5.52747063E-02
3.11702565E-01  8.13926506E+00  5.61048500E-02
3.12094397E-01  8.09896469E+00  5.65573499E-02
3.12486229E-01  8.02209187E+00  5.61232492E-02
3.12878061E-01  8.07785988E+00  5.70137165E-02
3.13269894E-01  8.05758190E+00  5.66817261E-02
3.13661726E-01  8.04858303E+00  5.75133599E-02
3.14053558E-01  8.06656742E+00  5.77792265E-02
3.14445390E-01  8.08375454E+00  5.74516430E-02
3.14837223E-01  8.10274315E+00  5.84293641E-02
3.15229055E-01  8.12693405E+00  5.82849272E-02
3.15620887E-01  8.00874996E+00  5.88608272E-02
3.16012719E-01  8.00243664E+00  5.83249964E-02
3.16404552E-01  8.06718254E+00  5.89615628E-02
3.16796384E-01  8.02447891E+00  5.92006929E-02
3.17188216E-01  8.07382488E+00  5.96296862E-02
3.17580048E-01  8.10285473E+00  5.93094714E-02
3.17971881E-01  8.13106632E+00  5.83626181E-02
3.18363713E-01  8.07314682E+00  5.86212389E-02
3.18755545E-01  7.99824810E+00  5.83984852E-02
3.19147378E-01  8.08291912E+00  5.85457496E-02
3.19539210E-01  8.13075733E+00  5.86695224E-02
3.19931042E-01  8.08687210E+00  5.83149157E-02
3.20322874E-01  7.98688316E+00  5.84825426E-02
3.20714707E-01  8.02773952E+00  5.81506528E-02
3.21106539E-01  8.01306915E+00  5.81222065E-02
3.21498371E-01  8.10825920E+00  5.85651472E-02
3.21890203E-01  8.00921154E+00  5.83790317E-02
3.22282036E-01  8.04909515E+00  5.89507222E-02
3.22673868E-01  7.99536848E+00  5.76730743E-02
3.23065700E-01  7.96580458E+00  5.83328940E-02
3.23457532E-01  8.11102772E+00  5.85027896E-02
3.23849365E-01  8.02917194E+00  5.86774759E-02
3.24241197E-01  8.14443874E+00  5.88218607E-02
3.24633029E-01  8.07433510E+00  5.85066043E-02
3.25024861E-01  7.99083805E+00  5.85381910E-02
3.25416694E-01  8.10818291E+00  5.87041043E-02
3.25808526E-01  7.97232437E+00  5.83837666E-02
3.26200358E-01  7.95480728E+00  5.83447330E-02
3.26592190E-01  7.96855831E+00  5.84078990E-02
3.26984023E-01  8.05270290E+00  5.89550212E-02
3.27375855E-01  7.93711472E+00  5.81446327E-02
3.27767687E-01  8.00644588E+00  5.85975200E-02
3.28159520E-01  7.99289131E+00  5.84857874E-02
3.28551352E-01  7.95685768E+00  5.85791953E-02
3.28943184E-01  7.98206854E+00  5.88493869E-02
3.29335016E-01  7.97112799E+00  5.84943406E-02
3.29726849E-01  7.94727802E+00  5.89512698E-02
3.30118681E-01  8.03047943E+00  5.90284988E-02
3.30510513E-01  8.02837849E+00  5.91233708E-02
3.30902345E-01  7.96595716E+00  5.89957610E-02
3.31294178E-01  7.90967798E+00  5.87873012E-02
3.31686010E-01  7.98791170E+00  5.96644692E-02
3.32077842E-01  8.04533577E+00  5.94322532E-02
3.32469674E-01  7.95921612E+00  5.91783710E-02
3.32861507E-01  7.88161278E+00  5.91883510E-02
3.33253339E-01  8.00795364E+00  5.96480072E-02
3.33645171E-01  7.94564342E+00  5.99214844E-02
3.34037003E-01  7.86071014E+00  5.90064265E-02
3.34428836E-01  7.99432707E+00  5.99975921E-02
3.34820668E-01  7.86922026E+00  5.96067533E-02
3.35212500E-01  8.02005100E+00  6.02977276E-02
3.35604333E-01  7.88025236E+00  5.99055253E-02
3.35996165E-01  7.97861481E+00  5.98594397E-02
3.36387997E-01  7.97579861E+00  6.06266111E-02
3.36779829E-01  7.95461941E+00  6.00660928E-02
3.37171662E-01  7.93744183E+00  6.02880381E-02
3.37563494E-01  7.96414709E+00  6.03621677E-02
3.37955326E-01  7.89221191E+00  6.01303764E-02
3.38347158E-01  7.92928505E+00  6.09566383E-02
3.38738991E-01  7.89964581E+00  6.01730421E-02
3.39130823E-01  7.82000065E+00  6.01859130E-02
3.39522655E-01  7.96522331E+00  6.08688854E-02
3.39914487E-01  7.87480640E+00  6.02307171E-02
3.40306320E-01  7.84374762E+00  6.09564520E-02
3.40698152E-01  7.85290956E+00  6.00649975E-02
3.41089984E-01  7.82456064E+00  6.07395172E-02
3.41481816E-01  7.87977505E+00  6.05993122E-02
3.41873649E-01  7.86390972E+00  6.07220046E-02
3.42265481E-01  7.82178020E+00  6.07582219E-02
3.42657313E-01  7.88706303E+00  6.05301894E-02
3.43049146E-01  8.00717831E+00  6.17363155E-02
3.43440978E-01  7.89539480E+00  6.09016083E-02
3.43832810E-01  7.76154661E+00  6.05964102E-02
3.44224642E-01  7.87621403E+00  6.12013675E-02
3.44616475E-01  7.85878706E+00  6.09611385E-02
3.45008307E-01  7.84752178E+00  6.15288503E-02
3.45400139E-01  7.86647177E+00  6.08343482E-02
3.45791971E-01  7.91337442E+00  6.16541319E-02
3.46183804E-01  7.86145830E+00  6.13054894E-02
3.46575636E-01  8.00940323E+00  6.17626421E-02
3.46967468E-01  7.79285622E+00  6.14487603E-02
3.47359300E-01  7.83031940E+00  6.10255636E-02
3.47751133E-01  7.82231283E+00  6.17444105E-02
3.48142965E-01  7.82754850E+00  6.12331294E-02
3.48534797E-01  7.83328104E+00  6.14171959E-02
3.48926629E-01  7.91906929E+00  6.21261150E-02
3.49318462E-01  7.75792599E+00  6.11657202E-02
3.49710294E-01  7.82793331E+00  6.20093867E-02
3.50102126E-01  7.81779051E+00  6.15497753E-02
3.50493958E-01  7.77362680E+00  6.19614162E-02
3.50885791E-01  7.87964916E+00  6.20483272E-02
3.51277623E-01  7.91664982E+00  6.23764470E-02
3.51669455E-01  7.77056170E+00  6.19350150E-02
3.52061288E-01  7.66801023E+00  6.13597929E-02
3.52453120E-01  7.89856720E+00  6.31138533E-02
3.52844952E-01  7.72519016E+00  6.16792738E-02
3.53236784E-01  7.77619743E+00  6.23273626E-02
3.53628617E-01  7.88096809E+00  6.28869608E-02
3.54020449E-01  7.67080593E+00  6.17509969E-02
3.54412281E-01  7.75835180E+00  6.28851205E-02
3.54804113E-01  7.81012678E+00  6.22483902E-02
3.55195946E-01  7.66500044E+00  6.25698715E-02
3.55587778E-01  7.80014515E+00  6.26280308E-02
3.55979610E-01  7.73317862E+00  6.25313073E-02
3.56371442E-01  7.77790403E+00  6.33040741E-02
3.56763275E-01  7.81122398E+00  6.28467724E-02
3.57155107E-01  7.82612324E+00  6.37134090E-02
3.57546939E-01  7.71315145E+00  6.25619218E-02
3.57938771E-01  7.78304768E+00  6.33102953E-02
3.58330604E-01  7.86993980E+00  6.39917105E-02
3.58722436E-01  7.82590771E+00  6.31944090E-02
3.59114268E-01  7.91238451E+00  6.43986017E-02
3.59506101E-01  7.88536882E+00  6.37265220E-02
3.59897933E-01  7.77744341E+00  6.42172024E-02
3.60289765E-01  7.68778610E+00  6.31996170E-02
3.60681597E-01  7.70226860E+00  6.32268712E-02
3.61073430E-01  7.72965574E+00  6.40544966E-02
3.61465262E-01  7.82678366E+00  6.40014932E-02
3.61857094E-01  7.78406572E+00  6.45364150E-02
3.62248926E-01  7.74669933E+00  6.38069436E-02
3.62640759E-01  7.85454369E+00  6.45203739E-02
3.63032591E-01  7.75221062E+00  6.45256266E-02
3.63424423E-01  7.78532267E+00  6.41011596E-02
3.63816255E-01  7.63420963E+00  6.42051846E-02
3.64208088E-01  7.72080898E+00  6.39702007E-02
3.64599920E-01  7.77073050E+00  6.51990473E-02
3.64991752E-01  7.60710907E+00  6.39207736E-02
3.65383584E-01  7.79493666E+00  6.46710172E-02
3.65775417E-01  7.74882507E+00  6.50198311E-02
3.66167249E-01  7.80872250E+00  6.48501441E-02
3.66559081E-01  7.76468945E+00  6.57505319E-02
3.66950914E-01  7.78584576E+00  6.42756298E-02
3.67342746E-01  7.71466541E+00  6.49484769E-02
3.67734578E-01  7.82714176E+00  6.54561371E-02
3.68126410E-01  7.84738588E+00  6.54699430E-02
3.68518243E-01  7.76161766E+00  6.55041337E-02
3.68910075E-01  7.75194883E+00  6.47729859E-02
3.69301907E-01  7.71706629E+00  6.54788613E-02
3.69693739E-01  7.74978495E+00  6.52048737E-02
3.70085572E-01  7.63537312E+00  6.45814389E-02
3.70477404E-01  7.64643812E+00  6.51616678E-02
3.70869236E-01  7.65180016E+00  6.49344325E-02
3.71261068E-01  7.72048283E+00  6.60449564E-02
3.71652901E-01  7.69404936E+00  6.50963709E-02
3.72044733E-01  7.81431103E+00  6.57477826E-02
3.72436565E-01  7.72956800E+00  6.56985566E-02
3.72828397E-01  7.69260120E+00  6.52524829E-02
3.73220230E-01  7.74886894E+00  6.62054718E-02
3.73612062E-01  7.71287918E+00  6.51601329E-02
3.74003894E-01  7.71947765E+00  6.61550686E-02
3.74395726E-01  7.62279177E+00  6.54636547E-02
3.74787559E-01  7.77653551E+00  6.58272505E-02
3.75179391E-01  7.70313406E+00  6.60489723E-02
3.75571223E-01  7.57600355E+00  6.51363432E-02
3.75963056E-01  7.52695417E+00  6.57733455E-02
3.76354888E-01  7.69435167E+00  6.60125092E-02
3.76746720E-01  7.64529037E+00  6.55626431E-02
3.77138552E-01  7.60939550E+00  6.62664399E-02
3.77530385E-01  7.66187668E+00  6.58187270E-02
3.77922217E-01  7.62281799E+00  6.69234917E-02
3.78314049E-01  7.66435623E+00  6.60720393E-02
3.78705881E-01  7.60746622E+00  6.62596896E-02
3.79097714E-01  7.59294415E+00  6.64642826E-02
3.79489546E-01  7.61144161E+00  6.62968233E-02
3.79881378E-01  7.52725220E+00  6.64465427E-02
3.80273210E-01  7.66393566E+00  6.62979111E-02
3.80665043E-01  7.61811924E+00  6.71414956E-02
3.81056875E-01  7.60734081E+00  6.69763014E-02
3.81448707E-01  7.66194582E+00  6.67874143E-02
3.81840539E-01  7.52737331E+00  6.71177953E-02
3.82232372E-01  7.58158398E+00  6.62456602E-02
3.82624204E-01  7.66069031E+00  6.80553839E-02
3.83016036E-01  7.60640860E+00  6.71714693E-02
3.83407869E-01  7.57523584E+00  6.68961853E-02
3.83799701E-01  7.59822845E+00  6.78602606E-02
3.84191533E-01  7.57570505E+00  6.68794662E-02
3.84583365E-01  7.64837885E+00  6.83736354E-02
3.84975198E-01  7.61527681E+00  6.72524050E-02
3.85367030E-01  7.56968832E+00  6.79805502E-02
3.85758862E-01  7.61680317E+00  6.80478737E-02
3.86150694E-01  7.55851889E+00  6.77465051E-02
3.86542527E-01  7.62146187E+00  6.84427470E-02
3.86934359E-01  7.59419155E+00  6.76624924E-02
3.87326191E-01  7.58663273E+00  6.85598180E-02
3.87718023E-01  7.58204031E+00  6.82043359E-02
3.88109856E-01  7.66683769E+00  6.84184656E-02
3.88501688E-01  7.58792877E+00  6.86304048E-02
3.88893520E-01  7.47143316E+00  6.79136962E-02
3.89285352E-01  7.34193897E+00  6.80363476E-02
3.89677185E-01  7.57924938E+00  6.82981610E-02
3.90069017E-01  7.65168810E+00  6.93490654E-02
3.90460849E-01  7.56996012E+00  6.88064471E-02
3.90852681E-01  7.62312222E+00  6.90051913E-02
3.91244514E-01  7.55523205E+00  6.91281185E-02
3.91636346E-01  7.57913828E+00  6.86576962E-02
3.92028178E-01  7.57256413E+00  6.92953989E-02
3.92420011E-01  7.47537041E+00  6.86768219E-02
3.92811843E-01  7.62809038E+00  6.94842339E-02
3.93203675E-01  7.39634418E+00  6.84641302E-02
3.93595507E-01  7.52905321E+00  6.87735379E-02
3.93987340E-01  7.47005415E+00  7.14649633E-02
3.94379172E-01  7.69171524E+00  7.24441707E-02
3.94771004E-01  7.50707674E+00  7.29427040E-02
3.95162836E-01  7.62687397E+00  7.36526549E-02
3.95554669E-01  7.60913801E+00  7.44136646E-02
3.95946501E-01  7.60581970E+00  7.60088116E-02
3.96338333E-01  7.50453138E+00  7.39013106E-02
3.96730165E-01  7.78520823E+00  7.75771737E-02
3.97121998E-01  7.55712700E+00  7.58524463E-02
3.97513830E-01  7.55353212E+00  7.67697170E-02
3.97905662E-01  7.73166561E+00  7.80339614E-02
3.98297494E-01  7.66644192E+00  7.74625242E-02
3.98689327E-01  7.54046822E+00  7.89069682E-02
3.99081159E-01  7.63666916E+00  7.84497261E-02
3.99472991E-01  7.72279310E+00  7.93051720E-02
3.99864824E-01  7.69057846E+00  7.95596018E-02
4.00256656E-01  7.67764997E+00  8.01846087E-02
4.00648488E-01  7.67816877E+00  8.18030909E-02
4.01040320E-01  7.53395653E+00  7.90381432E-02
4.01432153E-01  7.57105398E+00  8.10213462E-02
4.01823985E-01  7.53350401E+00  8.06472227E-02
4.02215817E-01  7.59271908E+00  8.17746148E-02
4.02607649E-01  7.53463650E+00  8.16046894E-02
4.02999482E-01  7.60250998E+00  8.17568749E-02
4.03391314E-01  7.67141390E+00  8.40579867E-02
4.03783146E-01  7.43742943E+00  8.19828361E-02
4.04174978E-01  7.64803505E+00  8.38925168E-02
4.04566811E-01  7.72348118E+00  8.33960325E-02
4.04958643E-01  7.61646509E+00  8.43001902E-02
4.05350475E-01  7.54462814E+00  8.45313221E-02
4.05742307E-01  7.63323689E+00  8.40442702E-02
4.06134140E-01  7.56758404E+00  8.47406760E-02
4.06525972E-01  7.63130426E+00  8.46200734E-02
4.06917804E-01  7.70493031E+00  8.59131590E-02
4.07309637E-01  7.79570961E+00  8.69578272E-02
4.07701469E-01  7.70450497E+00  8.58710557E-02
4.08093301E-01  7.57539606E+00  8.69014636E-02
4.08485133E-01  7.58938789E+00  8.63434523E-02
4.08876966E-01  7.50791264E+00  8.69027302E-02
4.09268798E-01  7.64932013E+00  8.66003931E-02
4.09660630E-01  7.64506149E+00  8.80022570E-02
4.10052462E-01  7.62609482E+00  8.86096507E-02
4.10444295E-01  7.62177420E+00  8.87212977E-02
4.10836127E-01  7.52735043E+00  8.82158503E-02
4.11227959E-01  7.61095095E+00  8.85233730E-02
4.11619791E-01  7.64567804E+00  8.97877440E-02
4.12011624E-01  7.62058687E+00  9.00662839E-02
4.12403456E-01  7.49002075E+00  8.91037956E-02
4.12795288E-01  7.64969540E+00  9.08171684E-02
4.13187120E-01  7.67795563E+00  9.16252509E-02
4.13578953E-01  7.58933067E+00  9.08983424E-02
4.13970785E-01  7.67733622E+00  9.17224213E-02
4.14362617E-01  7.56080580E+00  9.14732590E-02
4.14754449E-01  7.61722708E+00  9.25290585E-02
4.15146282E-01  7.71353149E+00  9.36367512E-02
4.15538114E-01  7.68997526E+00  9.31793079E-02
4.15929946E-01  7.53982115E+00  9.25776288E-02
4.16321779E-01  7.63768339E+00  9.44653228E-02
4.16713611E-01  7.52587748E+00  9.33398381E-02
4.17105443E-01  7.55139399E+00  9.45921689E-02
4.17497275E-01  7.63692236E+00  9.41897184E-02
4.17889108E-01  7.56351233E+00  9.50052068E-02
4.18280940E-01  7.72925758E+00  9.71407890E-02
4.18672772E-01  7.64671612E+00  9.58689824E-02
4.19064604E-01  7.71972513E+00  9.65569317E-02
4.19456437E-01  7.50643253E+00  9.66742784E-02
4.19848269E-01  7.63237715E+00  9.67675447E-02
4.20240101E-01  7.53865242E+00  9.79789719E-02
4.20631933E-01  7.50664854E+00  9.61443111E-02
4.21023766E-01  7.59929085E+00  9.83114541E-02
4.21415598E-01  7.56589556E+00  9.90381911E-02
4.21807430E-01  7.58915710E+00  9.89366546E-02
4.22199262E-01  7.64811516E+00  9.90675241E-02
4.22591095E-01  7.48676491E+00  9.87754911E-02
4.22982927E-01  7.80350447E+00  1.01369858E-01
4.23374759E-01  7.56344366E+00  1.00792177E-01
4.23766592E-01  7.46307659E+00  9.85573605E-02
4.24158424E-01  7.53421211E+00  1.00331381E-01
4.24550256E-01  7.62339258E+00  1.01600088E-01
4.24942088E-01  7.51538610E+00  1.00608386E-01
4.25333921E-01  7.69462109E+00  1.01801723E-01
4.25725753E-01  7.28123331E+00  9.90300328E-02
4.26117585E-01  7.75441790E+00  1.03521146E-01
4.26509417E-01  7.64305353E+00  1.03058912E-01
4.26901250E-01  7.67005444E+00  1.01914696E-01
4.27293082E-01  7.52062273E+00  1.01741575E-01
4.27684914E-01  7.72859621E+00  1.03564762E-01
4.28076746E-01  7.62011528E+00  1.03696637E-01
4.28468579E-01  7.73436069E+00  1.03604801E-01
4.28860411E-01  7.55472660E+00  1.02749743E-01
4.29252243E-01  7.57419968E+00  1.04414627E-01
4.29644075E-01  7.72735691E+00  1.05390467E-01
4.30035908E-01  7.57402134E+00  1.03241585E-01
4.30427740E-01  7.59235620E+00  1.04318559E-01


### HEADER:
#
#{
#    "analysis": {},
#    "calibration_params": {
#        "Beam_Center_X": 730.0374262707371,
#        "Beam_Center_Y": 675.3320572331704,
#        "Detector Tilt": 0.026259007459965275,
#        "Detector Tilt Plane Rotation": 73.53223173202183,
#        "Detector_X_Pixel_Size": 172.0,
#        "Detector_Y_Pixel_Size": 172.0,
#        "Integration Method": "nosplit_csr",
#        "Radial_Average_Method": "pyFAI",
#        "Sample-to-detector distance (mm)": 2662.970378639845,
#        "Wavelength (A)": 1.03320164497
#    },
#    "config_file": "C:\\Users\\Administrator\\AppData\\Local\\RAW\\backup.cfg",
#    "counters": {},
#    "filename": "3dac-25_0019_00003.tif",
#    "history": {},
#    "imageHeader": {
#        "Alpha": "0.0000 deg.",
#        "Angle_increment": "0.1000 deg.",
#        "Beam_xy": "(0.00, 0.00) pixels",
#        "Chi": "0.0000 deg.",
#        "Count_cutoff": "1157021 counts",
#        "Detector_2theta": "0.0000 deg.",
#        "Detector_Voffset": "0.00000 m",
#        "Detector_distance": "1.00000 m",
#        "Energy_range": "(0, 0) eV",
#        "Excluded_pixels": "badpix_mask.tif",
#        "Exposure_period": "1.1000000 s",
#        "Exposure_time": "1.0000000 s",
#        "Filter_transmission": "1.0000",
#        "Flat_field": "FF_p24-0163_E12000_T6000_vrf_m0p100.tif",
#        "Flux": "0.000000",
#        "Gain_setting": "autog (vrf = 1.000)",
#        "Image_path": "/user-data/2022/202209/20220910/hongliang/",
#        "Kappa": "0.0000 deg.",
#        "N_excluded_pixels": "61",
#        "N_oscillations": "1",
#        "Oscillation_axis": "X, CW",
#        "Phi": "0.0000 deg.",
#        "Pixel_size": "172e-6 m x 172e-6 m",
#        "Polarization": "0.990",
#        "Ratecorr_lut_directory": "ContinuousStandard_v1.1",
#        "Retrigger_mode": "1",
#        "Silicon": "sensor, thickness 0.000450",
#        "Start_angle": "0.2000 deg.",
#        "Tau": "0 s",
#        "Threshold_setting": "6000 eV",
#        "Trim_file": "p24-0163_E12000_T6000.bin",
#        "Wavelength (A)": "1.54000 A"
#    },
#    "load_path": "C:\\Users\\Administrator\\Desktop\\UserData\\2022\\202209\\20220910\\hongliang\\3dac-25_0019_00003.tif",
#    "normalizations": {
#        "Polarization": {
#            "Used": false
#        },
#        "Solid_Angle_Correction": "On"
#    },
#    "raw_version": "2.1.1"
#}

