### DATA:
#
# 1081
#      Q             I(Q)           Error     
7.24889685E-03  3.21673901E+03  6.77890587E+00
7.64072911E-03  2.78479858E+03  6.26279926E+00
8.03256137E-03  2.42650903E+03  5.80531168E+00
8.42439364E-03  2.12689038E+03  4.78224659E+00
8.81622590E-03  1.88766736E+03  4.55452347E+00
9.20805816E-03  1.67211548E+03  4.04887199E+00
9.59989042E-03  1.49445996E+03  3.75482988E+00
9.99172268E-03  1.34411108E+03  3.41876912E+00
1.03835549E-02  1.21473462E+03  3.11735964E+00
1.07753872E-02  1.09481580E+03  2.94772172E+00
1.11672195E-02  9.91079041E+02  2.68964648E+00
1.15590517E-02  9.07502319E+02  2.53697228E+00
1.19508840E-02  8.29545044E+02  2.33614421E+00
1.23427163E-02  7.64255554E+02  2.24232769E+00
1.27345485E-02  7.04642761E+02  2.09858298E+00
1.31263808E-02  6.46183777E+02  1.96121466E+00
1.35182130E-02  5.98696411E+02  1.84963536E+00
1.39100453E-02  5.49483337E+02  1.71878946E+00
1.43018776E-02  5.14422363E+02  1.68122661E+00
1.46937098E-02  4.82163330E+02  1.59723294E+00
1.50855421E-02  4.48418915E+02  1.46128368E+00
1.54773744E-02  4.18945374E+02  1.43659055E+00
1.58692066E-02  3.96041473E+02  1.35408485E+00
1.62610389E-02  3.71871643E+02  1.32757127E+00
1.66528711E-02  3.50692841E+02  1.24021971E+00
1.70447034E-02  3.31248871E+02  1.19234526E+00
1.74365357E-02  3.10708740E+02  1.14499986E+00
1.78283679E-02  2.94615936E+02  1.11495411E+00
1.82202002E-02  2.76802338E+02  1.08995891E+00
1.86120325E-02  2.66101990E+02  1.04218376E+00
1.90038647E-02  2.52369888E+02  1.01287234E+00
1.93956970E-02  2.39057892E+02  9.95970786E-01
1.97875292E-02  2.28851959E+02  9.56777751E-01
2.01793615E-02  2.17562164E+02  9.34750974E-01
2.05711938E-02  2.07636688E+02  9.00608659E-01
2.09630260E-02  1.99523575E+02  8.86307657E-01
2.13548583E-02  1.88172409E+02  8.59037697E-01
2.17466905E-02  1.82401550E+02  8.31221640E-01
2.21385228E-02  1.71715851E+02  8.06506634E-01
2.25303551E-02  1.64374054E+02  7.80260444E-01
2.29221873E-02  1.59018860E+02  7.76117384E-01
2.33140196E-02  1.51913757E+02  7.54306972E-01
2.37058519E-02  1.45434692E+02  7.16879547E-01
2.40976841E-02  1.39316727E+02  7.04131901E-01
2.44895164E-02  1.34721741E+02  6.80421531E-01
2.48813486E-02  1.30471313E+02  6.65047050E-01
2.52731809E-02  1.25192398E+02  6.38595462E-01
2.56650132E-02  1.20207115E+02  6.09114230E-01
2.60568454E-02  1.15680603E+02  6.05052531E-01
2.64486777E-02  1.11036469E+02  5.78322768E-01
2.68405100E-02  1.08131699E+02  5.68147123E-01
2.72323422E-02  1.05163689E+02  5.53723216E-01
2.76241745E-02  1.01409454E+02  5.32981575E-01
2.80160067E-02  9.74021072E+01  5.26790380E-01
2.84078390E-02  9.41776199E+01  5.06580293E-01
2.87996713E-02  9.05408173E+01  4.93353665E-01
2.91915035E-02  8.76047058E+01  4.74566132E-01
2.95833358E-02  8.46944275E+01  4.72732931E-01
2.99751681E-02  8.29272232E+01  4.65934753E-01
3.03670003E-02  7.98001328E+01  4.44446594E-01
3.07588326E-02  7.71092453E+01  4.36349362E-01
3.11506648E-02  7.50291214E+01  4.21664983E-01
3.15424971E-02  7.28805008E+01  4.22653705E-01
3.19343294E-02  7.08927002E+01  4.07948405E-01
3.23261616E-02  6.83641129E+01  3.97815555E-01
3.27179939E-02  6.58872986E+01  3.86537164E-01
3.31098262E-02  6.50993958E+01  3.82059515E-01
3.35016584E-02  6.30052185E+01  3.77134800E-01
3.38934907E-02  6.13183823E+01  3.62754464E-01
3.42853229E-02  5.87388115E+01  3.56576115E-01
3.46771552E-02  5.73977737E+01  3.49098444E-01
3.50689875E-02  5.53856850E+01  3.40405017E-01
3.54608197E-02  5.41406250E+01  3.36205840E-01
3.58526520E-02  5.29630661E+01  3.24499607E-01
3.62444842E-02  5.16857491E+01  3.24126631E-01
3.66363165E-02  5.01875305E+01  3.17464620E-01
3.70281488E-02  4.90243225E+01  3.09747428E-01
3.74199810E-02  4.76206245E+01  3.00896555E-01
3.78118133E-02  4.65653610E+01  2.90715694E-01
3.82036456E-02  4.53021660E+01  2.92095810E-01
3.85954778E-02  4.43113785E+01  2.82823861E-01
3.89873101E-02  4.35626640E+01  2.79167563E-01
3.93791423E-02  4.29002609E+01  2.75318623E-01
3.97709746E-02  4.16058617E+01  2.69707739E-01
4.01628069E-02  4.04080925E+01  2.69837379E-01
4.05546391E-02  3.98760071E+01  2.59543210E-01
4.09464714E-02  3.91455612E+01  2.58028448E-01
4.13383037E-02  3.83309975E+01  2.53397971E-01
4.17301359E-02  3.75608330E+01  2.49795675E-01
4.21219682E-02  3.74219246E+01  2.51006931E-01
4.25138004E-02  3.62502823E+01  2.41421878E-01
4.29056327E-02  3.54517937E+01  2.39326194E-01
4.32974650E-02  3.48991814E+01  2.35746086E-01
4.36892972E-02  3.43554535E+01  2.32609808E-01
4.40811295E-02  3.38705368E+01  2.32246146E-01
4.44729618E-02  3.33451309E+01  2.24782184E-01
4.48647940E-02  3.26265182E+01  2.26148114E-01
4.52566263E-02  3.23600769E+01  2.22791791E-01
4.56484585E-02  3.15478878E+01  2.16198087E-01
4.60402908E-02  3.13325539E+01  2.16747358E-01
4.64321231E-02  3.06752033E+01  2.11317062E-01
4.68239553E-02  3.03061619E+01  2.12849155E-01
4.72157876E-02  2.96935692E+01  2.07606733E-01
4.76076199E-02  2.96288280E+01  2.06039131E-01
4.79994521E-02  2.87879162E+01  2.02370822E-01
4.83912844E-02  2.87475319E+01  2.00244948E-01
4.87831166E-02  2.83857441E+01  2.00667351E-01
4.91749489E-02  2.85419197E+01  1.97878823E-01
4.95667812E-02  2.79728432E+01  1.95228025E-01
4.99586134E-02  2.73933754E+01  1.94794327E-01
5.03504457E-02  2.73167763E+01  1.92271560E-01
5.07422779E-02  2.69276695E+01  1.90127134E-01
5.11341102E-02  2.68033905E+01  1.86947823E-01
5.15259425E-02  2.63237667E+01  1.87230945E-01
5.19177747E-02  2.60306778E+01  1.85691983E-01
5.23096070E-02  2.59395180E+01  1.83195814E-01
5.27014393E-02  2.57713718E+01  1.81084856E-01
5.30932715E-02  2.55454025E+01  1.79946303E-01
5.34851038E-02  2.53178711E+01  1.80405259E-01
5.38769360E-02  2.50433216E+01  1.77719504E-01
5.42687683E-02  2.49047413E+01  1.76010728E-01
5.46606006E-02  2.46754436E+01  1.74656481E-01
5.50524328E-02  2.43830452E+01  1.72345236E-01
5.54442651E-02  2.42168865E+01  1.73026323E-01
5.58360974E-02  2.41354618E+01  1.68915793E-01
5.62279296E-02  2.34909878E+01  1.68244019E-01
5.66197619E-02  2.34709263E+01  1.67168275E-01
5.70115941E-02  2.33140507E+01  1.65723413E-01
5.74034264E-02  2.34086189E+01  1.66847274E-01
5.77952587E-02  2.32753773E+01  1.63858294E-01
5.81870909E-02  2.31401367E+01  1.63193583E-01
5.85789232E-02  2.28983612E+01  1.62432417E-01
5.89707555E-02  2.24725113E+01  1.59814194E-01
5.93625877E-02  2.25379372E+01  1.60137787E-01
5.97544200E-02  2.24214115E+01  1.57499403E-01
6.01462522E-02  2.22309151E+01  1.58682987E-01
6.05380845E-02  2.17365799E+01  1.55419946E-01
6.09299168E-02  2.21524067E+01  1.56986922E-01
6.13217490E-02  2.18211994E+01  1.58112183E-01
6.17135813E-02  2.14044571E+01  1.56865001E-01
6.21054136E-02  2.13062897E+01  1.58803299E-01
6.24972458E-02  2.12659760E+01  1.56177595E-01
6.28890781E-02  2.11727848E+01  1.57284856E-01
6.32809103E-02  2.08305130E+01  1.55464575E-01
6.36727426E-02  2.06766930E+01  1.55613482E-01
6.40645749E-02  2.06692982E+01  1.56783670E-01
6.44564071E-02  2.04236794E+01  1.54207975E-01
6.48482394E-02  2.02596073E+01  1.54307693E-01
6.52400716E-02  2.03720932E+01  1.53923810E-01
6.56319039E-02  1.98768406E+01  1.52664080E-01
6.60237362E-02  1.97458534E+01  1.52071252E-01
6.64155684E-02  1.96713142E+01  1.50641873E-01
6.68074007E-02  1.95878258E+01  1.51461825E-01
6.71992330E-02  1.94563808E+01  1.50512949E-01
6.75910652E-02  1.93237400E+01  1.49737954E-01
6.79828975E-02  1.91443119E+01  1.47425398E-01
6.83747297E-02  1.86159592E+01  1.42572567E-01
6.87665620E-02  1.87067490E+01  1.43154576E-01
6.91583943E-02  1.84498978E+01  1.40037432E-01
6.95502265E-02  1.84481735E+01  1.40254810E-01
6.99420588E-02  1.85109062E+01  1.38442114E-01
7.03338911E-02  1.81519375E+01  1.36739939E-01
7.07257233E-02  1.78533554E+01  1.36031732E-01
7.11175556E-02  1.79614239E+01  1.34437874E-01
7.15093878E-02  1.78660488E+01  1.34487152E-01
7.19012201E-02  1.79544945E+01  1.33014500E-01
7.22930524E-02  1.77201729E+01  1.32799670E-01
7.26848846E-02  1.76479797E+01  1.32266045E-01
7.30767169E-02  1.72289696E+01  1.29347503E-01
7.34685492E-02  1.72828979E+01  1.28987625E-01
7.38603814E-02  1.70523853E+01  1.27512515E-01
7.42522137E-02  1.70364704E+01  1.27941966E-01
7.46440459E-02  1.72422600E+01  1.27976999E-01
7.50358782E-02  1.68837051E+01  1.24930888E-01
7.54277105E-02  1.68917313E+01  1.26729965E-01
7.58195427E-02  1.68658371E+01  1.25038520E-01
7.62113750E-02  1.67867241E+01  1.24057136E-01
7.66032072E-02  1.66548271E+01  1.23230562E-01
7.69950395E-02  1.69178925E+01  1.23248816E-01
7.73868718E-02  1.62839928E+01  1.22692943E-01
7.77787040E-02  1.66070938E+01  1.21459335E-01
7.81705363E-02  1.64493217E+01  1.21530496E-01
7.85623686E-02  1.62319317E+01  1.19287953E-01
7.89542008E-02  1.61303959E+01  1.18966594E-01
7.93460331E-02  1.59846125E+01  1.18950777E-01
7.97378653E-02  1.59494276E+01  1.17679916E-01
8.01296976E-02  1.59456358E+01  1.17158674E-01
8.05215299E-02  1.58602018E+01  1.16945207E-01
8.09133621E-02  1.57511950E+01  1.16043694E-01
8.13051944E-02  1.57467642E+01  1.15879044E-01
8.16970267E-02  1.58138065E+01  1.14955552E-01
8.20888589E-02  1.55353661E+01  1.15098886E-01
8.24806912E-02  1.54546375E+01  1.13548055E-01
8.28725234E-02  1.55164194E+01  1.13774970E-01
8.32643557E-02  1.52139425E+01  1.11641102E-01
8.36561880E-02  1.50860014E+01  1.10494211E-01
8.40480202E-02  1.50134487E+01  1.11729972E-01
8.44398525E-02  1.51398640E+01  1.10512897E-01
8.48316848E-02  1.50484772E+01  1.10851526E-01
8.52235170E-02  1.48529816E+01  1.08805023E-01
8.56153493E-02  1.48608770E+01  1.09182641E-01
8.60071815E-02  1.47677183E+01  1.09058894E-01
8.63990138E-02  1.47732830E+01  1.07616521E-01
8.67908461E-02  1.46027222E+01  1.07585475E-01
8.71826783E-02  1.46949348E+01  1.06664412E-01
8.75745106E-02  1.45710182E+01  1.07087746E-01
8.79663429E-02  1.43308411E+01  1.05539441E-01
8.83581751E-02  1.42759199E+01  1.04930289E-01
8.87500074E-02  1.42708712E+01  1.04670063E-01
8.91418396E-02  1.40875568E+01  1.03598982E-01
8.95336719E-02  1.39907904E+01  1.03439860E-01
8.99255042E-02  1.41055317E+01  1.03078231E-01
9.03173364E-02  1.39272842E+01  1.02271125E-01
9.07091687E-02  1.39986324E+01  1.02842197E-01
9.11010009E-02  1.38792105E+01  1.01524703E-01
9.14928332E-02  1.37070398E+01  1.01005733E-01
9.18846655E-02  1.36674480E+01  1.00007795E-01
9.22764977E-02  1.35964451E+01  1.00114688E-01
9.26683300E-02  1.35795269E+01  1.01560585E-01
9.30601623E-02  1.35866518E+01  1.01741992E-01
9.34519945E-02  1.33872404E+01  1.01418488E-01
9.38438268E-02  1.31894817E+01  9.97515768E-02
9.42356590E-02  1.33363523E+01  1.01303689E-01
9.46274913E-02  1.33425465E+01  1.01327352E-01
9.50193236E-02  1.32645483E+01  1.00376725E-01
9.54111558E-02  1.30333052E+01  1.00185081E-01
9.58029881E-02  1.32338209E+01  9.90276933E-02
9.61948204E-02  1.30819521E+01  9.79873389E-02
9.65866526E-02  1.30418701E+01  9.71975550E-02
9.69784849E-02  1.28840351E+01  9.60185975E-02
9.73703171E-02  1.30129690E+01  9.70549732E-02
9.77621494E-02  1.28095522E+01  9.57752019E-02
9.81539817E-02  1.29593582E+01  9.62304994E-02
9.85458139E-02  1.28192892E+01  9.55387205E-02
9.89376462E-02  1.27920895E+01  9.61240828E-02
9.93294785E-02  1.25893917E+01  9.78276208E-02
9.97213107E-02  1.27456388E+01  9.85078663E-02
1.00113143E-01  1.27432547E+01  9.91040468E-02
1.00504975E-01  1.24321318E+01  9.80002284E-02
1.00896808E-01  1.25338354E+01  9.85146463E-02
1.01288640E-01  1.25103846E+01  9.97041166E-02
1.01680472E-01  1.25406599E+01  9.93134603E-02
1.02072304E-01  1.25761080E+01  9.83770192E-02
1.02464137E-01  1.24503651E+01  9.78464857E-02
1.02855969E-01  1.25371637E+01  9.79615375E-02
1.03247801E-01  1.23397036E+01  9.66342315E-02
1.03639633E-01  1.22695713E+01  9.63958800E-02
1.04031466E-01  1.23876209E+01  9.72273648E-02
1.04423298E-01  1.23718386E+01  9.70915332E-02
1.04815130E-01  1.22780991E+01  9.65762064E-02
1.05206962E-01  1.22059679E+01  9.61099863E-02
1.05598795E-01  1.20948467E+01  9.53118727E-02
1.05990627E-01  1.23221569E+01  9.63845775E-02
1.06382459E-01  1.21936312E+01  9.44675207E-02
1.06774291E-01  1.20486078E+01  9.37329829E-02
1.07166124E-01  1.20233917E+01  9.24630165E-02
1.07557956E-01  1.19433985E+01  9.19267088E-02
1.07949788E-01  1.19673824E+01  9.21495333E-02
1.08341620E-01  1.19122057E+01  9.08482000E-02
1.08733453E-01  1.19547453E+01  9.14229006E-02
1.09125285E-01  1.18362436E+01  8.96016881E-02
1.09517117E-01  1.18544216E+01  9.01301056E-02
1.09908950E-01  1.18901196E+01  8.99889097E-02
1.10300782E-01  1.16393423E+01  8.80808383E-02
1.10692614E-01  1.18083096E+01  8.91047269E-02
1.11084446E-01  1.17250690E+01  8.79374668E-02
1.11476279E-01  1.18420668E+01  8.83170888E-02
1.11868111E-01  1.16060381E+01  8.68909210E-02
1.12259943E-01  1.17759695E+01  8.73829648E-02
1.12651775E-01  1.17747126E+01  8.73784497E-02
1.13043608E-01  1.16561537E+01  8.62142444E-02
1.13435440E-01  1.16318893E+01  8.62070918E-02
1.13827272E-01  1.15777969E+01  8.53549689E-02
1.14219104E-01  1.14904757E+01  8.47665146E-02
1.14610937E-01  1.15717554E+01  8.54405537E-02
1.15002769E-01  1.13984585E+01  8.40077251E-02
1.15394601E-01  1.15275469E+01  8.50099325E-02
1.15786433E-01  1.15512447E+01  8.43606144E-02
1.16178266E-01  1.15262041E+01  8.46348926E-02
1.16570098E-01  1.13056316E+01  8.33054855E-02
1.16961930E-01  1.12962179E+01  8.25399458E-02
1.17353763E-01  1.11561251E+01  8.28039646E-02
1.17745595E-01  1.13732557E+01  8.25233012E-02
1.18137427E-01  1.14865437E+01  8.34090039E-02
1.18529259E-01  1.10937338E+01  8.12362656E-02
1.18921092E-01  1.12131634E+01  8.12868252E-02
1.19312924E-01  1.12112646E+01  8.18362311E-02
1.19704756E-01  1.13113966E+01  8.14507604E-02
1.20096588E-01  1.12385426E+01  8.15716088E-02
1.20488421E-01  1.11899633E+01  8.09889361E-02
1.20880253E-01  1.12353954E+01  8.06820765E-02
1.21272085E-01  1.10148029E+01  8.04471821E-02
1.21663917E-01  1.09985485E+01  7.96431899E-02
1.22055750E-01  1.10405836E+01  8.03530812E-02
1.22447582E-01  1.10827932E+01  7.96273053E-02
1.22839414E-01  1.10096407E+01  7.97527879E-02
1.23231246E-01  1.11383591E+01  8.01715031E-02
1.23623079E-01  1.09031105E+01  7.83990771E-02
1.24014911E-01  1.09011583E+01  7.89276138E-02
1.24406743E-01  1.09098845E+01  7.82256499E-02
1.24798575E-01  1.08571272E+01  7.84998462E-02
1.25190408E-01  1.08301620E+01  7.78524056E-02
1.25582240E-01  1.09546242E+01  7.81675950E-02
1.25974072E-01  1.09482346E+01  7.83417001E-02
1.26365905E-01  1.08524733E+01  7.72873312E-02
1.26757737E-01  1.09339132E+01  7.82031864E-02
1.27149569E-01  1.08291483E+01  7.72683173E-02
1.27541401E-01  1.08567133E+01  7.68185034E-02
1.27933234E-01  1.07831812E+01  7.68718719E-02
1.28325066E-01  1.06511106E+01  7.61707425E-02
1.28716898E-01  1.05793285E+01  7.59551525E-02
1.29108730E-01  1.08463974E+01  7.63074309E-02
1.29500563E-01  1.06314402E+01  7.54667446E-02
1.29892395E-01  1.07073364E+01  7.63098598E-02
1.30284227E-01  1.07527533E+01  7.57142305E-02
1.30676059E-01  1.06904707E+01  7.56157339E-02
1.31067892E-01  1.05794859E+01  7.46460855E-02
1.31459724E-01  1.05063210E+01  7.44661093E-02
1.31851556E-01  1.04808044E+01  7.46916011E-02
1.32243388E-01  1.06608582E+01  7.45806396E-02
1.32635221E-01  1.05458755E+01  7.41968453E-02
1.33027053E-01  1.04731150E+01  7.39213228E-02
1.33418885E-01  1.05083828E+01  7.41813406E-02
1.33810718E-01  1.03753119E+01  7.32328296E-02
1.34202550E-01  1.04826679E+01  7.31588379E-02
1.34594382E-01  1.05100565E+01  7.37261996E-02
1.34986214E-01  1.04308548E+01  7.32589811E-02
1.35378047E-01  1.05103855E+01  7.34059289E-02
1.35769879E-01  1.04316044E+01  7.27033764E-02
1.36161711E-01  1.04251490E+01  7.26442710E-02
1.36553543E-01  1.03704758E+01  7.23987669E-02
1.36945376E-01  1.04584160E+01  7.23770112E-02
1.37337208E-01  1.02953148E+01  7.18285590E-02
1.37729040E-01  1.03274364E+01  7.14945495E-02
1.38120872E-01  1.03625126E+01  7.17047378E-02
1.38512705E-01  1.04072065E+01  7.21280575E-02
1.38904537E-01  1.02504845E+01  7.06711486E-02
1.39296369E-01  1.02882404E+01  7.13241100E-02
1.39688201E-01  1.03090467E+01  7.10462034E-02
1.40080034E-01  1.02847261E+01  7.07895607E-02
1.40471866E-01  1.02680979E+01  7.07841739E-02
1.40863698E-01  1.02262363E+01  7.01794848E-02
1.41255531E-01  1.02615585E+01  7.03176409E-02
1.41647363E-01  1.01216059E+01  6.99039921E-02
1.42039195E-01  1.01307287E+01  6.96339905E-02
1.42431027E-01  1.01324406E+01  6.98407143E-02
1.42822860E-01  1.01661634E+01  6.94247484E-02
1.43214692E-01  1.02284956E+01  7.01207221E-02
1.43606524E-01  1.00346794E+01  6.92706108E-02
1.43998356E-01  1.01158237E+01  6.88789114E-02
1.44390189E-01  1.02267122E+01  7.05055818E-02
1.44782021E-01  1.01067419E+01  7.01079890E-02
1.45173853E-01  1.00811300E+01  7.05526397E-02
1.45565685E-01  1.00995817E+01  7.02886879E-02
1.45957518E-01  1.00305138E+01  7.06199110E-02
1.46349350E-01  1.00584249E+01  7.07358196E-02
1.46741182E-01  9.85174656E+00  7.01801032E-02
1.47133014E-01  1.00449476E+01  7.10427165E-02
1.47524847E-01  1.01079597E+01  7.09631965E-02
1.47916679E-01  1.00243902E+01  7.08636642E-02
1.48308511E-01  1.00986223E+01  7.11435303E-02
1.48700343E-01  1.00505943E+01  7.14408979E-02
1.49092176E-01  9.95679569E+00  7.06956312E-02
1.49484008E-01  1.00344572E+01  7.07055256E-02
1.49875840E-01  9.92530060E+00  7.09946826E-02
1.50267673E-01  9.93098259E+00  7.07643032E-02
1.50659505E-01  9.83682346E+00  7.04104677E-02
1.51051337E-01  1.00107403E+01  7.09767416E-02
1.51443169E-01  9.99130249E+00  6.96922541E-02
1.51835002E-01  9.90580940E+00  6.97160214E-02
1.52226834E-01  9.79982758E+00  6.84750378E-02
1.52618666E-01  9.85275841E+00  6.87091574E-02
1.53010498E-01  9.81945992E+00  6.79616556E-02
1.53402331E-01  9.91293716E+00  6.88531250E-02
1.53794163E-01  9.90296173E+00  6.82022795E-02
1.54185995E-01  9.84497929E+00  6.75757602E-02
1.54577827E-01  9.96850109E+00  6.79198802E-02
1.54969660E-01  9.84068203E+00  6.73277527E-02
1.55361492E-01  9.83635712E+00  6.77194819E-02
1.55753324E-01  9.76392460E+00  6.67432547E-02
1.56145156E-01  9.80987644E+00  6.67786747E-02
1.56536989E-01  9.79936981E+00  6.67582154E-02
1.56928821E-01  9.72709751E+00  6.64062425E-02
1.57320653E-01  9.74930668E+00  6.66635856E-02
1.57712486E-01  9.74092865E+00  6.58306107E-02
1.58104318E-01  9.81110001E+00  6.61704838E-02
1.58496150E-01  9.82370281E+00  6.63612261E-02
1.58887982E-01  9.79314995E+00  6.58029467E-02
1.59279815E-01  9.72683239E+00  6.58421889E-02
1.59671647E-01  9.79356003E+00  6.53586984E-02
1.60063479E-01  9.67671585E+00  6.55269697E-02
1.60455311E-01  9.63796329E+00  6.50649592E-02
1.60847144E-01  9.61234951E+00  6.47799522E-02
1.61238976E-01  9.78746414E+00  6.52396157E-02
1.61630808E-01  9.52875233E+00  6.39700890E-02
1.62022640E-01  9.52174091E+00  6.46154657E-02
1.62414473E-01  9.71416855E+00  6.46591857E-02
1.62806305E-01  9.84177399E+00  6.48876801E-02
1.63198137E-01  9.58680916E+00  6.42066598E-02
1.63589969E-01  9.73663807E+00  6.43893331E-02
1.63981802E-01  9.65215302E+00  6.43977970E-02
1.64373634E-01  9.52627373E+00  6.34746477E-02
1.64765466E-01  9.63334751E+00  6.36159107E-02
1.65157298E-01  9.53485489E+00  6.35304153E-02
1.65549131E-01  9.61253452E+00  6.36410266E-02
1.65940963E-01  9.51209545E+00  6.33745492E-02
1.66332795E-01  9.55673599E+00  6.28379136E-02
1.66724628E-01  9.51009274E+00  6.30236045E-02
1.67116460E-01  9.62969112E+00  6.34452924E-02
1.67508292E-01  9.54060650E+00  6.28242716E-02
1.67900124E-01  9.50177574E+00  6.26705661E-02
1.68291957E-01  9.57402802E+00  6.25352859E-02
1.68683789E-01  9.53931618E+00  6.30554706E-02
1.69075621E-01  9.46796417E+00  6.21629097E-02
1.69467453E-01  9.48947144E+00  6.21956252E-02
1.69859286E-01  9.50235653E+00  6.22506738E-02
1.70251118E-01  9.60820961E+00  6.24568425E-02
1.70642950E-01  9.41168690E+00  6.21561892E-02
1.71034782E-01  9.48131275E+00  6.17560409E-02
1.71426615E-01  9.48534393E+00  6.15840517E-02
1.71818447E-01  9.47410870E+00  6.16216026E-02
1.72210279E-01  9.54382515E+00  6.17739484E-02
1.72602111E-01  9.53609085E+00  6.17614165E-02
1.72993944E-01  9.45276356E+00  6.10656887E-02
1.73385776E-01  9.50663471E+00  6.14213906E-02
1.73777608E-01  9.46128464E+00  6.13722503E-02
1.74169441E-01  9.46213150E+00  6.08928613E-02
1.74561273E-01  9.45389557E+00  6.09979518E-02
1.74953105E-01  9.55957699E+00  6.09323047E-02
1.75344937E-01  9.57224941E+00  6.13668784E-02
1.75736770E-01  9.43185806E+00  6.06892407E-02
1.76128602E-01  9.42045593E+00  6.01850823E-02
1.76520434E-01  9.28526402E+00  5.98899722E-02
1.76912266E-01  9.38240814E+00  5.99946789E-02
1.77304099E-01  9.32972336E+00  6.01729862E-02
1.77695931E-01  9.37490845E+00  5.99136576E-02
1.78087763E-01  9.33569527E+00  5.96630499E-02
1.78479595E-01  9.33950901E+00  5.99154457E-02
1.78871428E-01  9.33099842E+00  5.95916733E-02
1.79263260E-01  9.34780407E+00  5.97477630E-02
1.79655092E-01  9.42004490E+00  5.97283021E-02
1.80046924E-01  9.41146564E+00  5.96787035E-02
1.80438757E-01  9.30523396E+00  5.95779829E-02
1.80830589E-01  9.28928375E+00  5.91230541E-02
1.81222421E-01  9.35923958E+00  5.94348237E-02
1.81614254E-01  9.27058315E+00  5.87664545E-02
1.82006086E-01  9.32160568E+00  5.93155585E-02
1.82397918E-01  9.32976437E+00  5.97142391E-02
1.82789750E-01  9.27988434E+00  5.94412684E-02
1.83181583E-01  9.24750137E+00  5.96675090E-02
1.83573415E-01  9.30807495E+00  5.99088855E-02
1.83965247E-01  9.27899933E+00  6.03168570E-02
1.84357079E-01  9.30541992E+00  5.98546155E-02
1.84748912E-01  9.27431679E+00  6.00672737E-02
1.85140744E-01  9.40268612E+00  6.04465045E-02
1.85532576E-01  9.29222870E+00  6.03251606E-02
1.85924408E-01  9.33015919E+00  6.06622323E-02
1.86316241E-01  9.32970047E+00  6.01653270E-02
1.86708073E-01  9.17043018E+00  6.00465722E-02
1.87099905E-01  9.34636211E+00  6.06318936E-02
1.87491737E-01  9.18422890E+00  6.00096993E-02
1.87883570E-01  9.23101044E+00  6.02806360E-02
1.88275402E-01  9.24900913E+00  6.00686334E-02
1.88667234E-01  9.22192860E+00  6.05736524E-02
1.89059066E-01  9.13314152E+00  5.97614273E-02
1.89450899E-01  9.17767239E+00  5.96053302E-02
1.89842731E-01  9.22527885E+00  5.94277121E-02
1.90234563E-01  9.17490101E+00  5.90737723E-02
1.90626396E-01  9.24399948E+00  5.97170554E-02
1.91018228E-01  9.28631687E+00  5.88863082E-02
1.91410060E-01  9.26050377E+00  5.89255616E-02
1.91801892E-01  9.17376041E+00  5.83440848E-02
1.92193725E-01  9.13243675E+00  5.82558997E-02
1.92585557E-01  9.14768219E+00  5.84567189E-02
1.92977389E-01  9.01034355E+00  5.73360845E-02
1.93369221E-01  9.08234596E+00  5.79033941E-02
1.93761054E-01  9.23036098E+00  5.81169873E-02
1.94152886E-01  9.16234589E+00  5.78287579E-02
1.94544718E-01  9.10622501E+00  5.76620623E-02
1.94936550E-01  9.09903526E+00  5.70497662E-02
1.95328383E-01  9.15292263E+00  5.77784888E-02
1.95720215E-01  9.16141796E+00  5.74612319E-02
1.96112047E-01  9.01980591E+00  5.68419993E-02
1.96503879E-01  9.21616554E+00  5.75605743E-02
1.96895712E-01  9.05337238E+00  5.65350130E-02
1.97287544E-01  9.09303474E+00  5.73296696E-02
1.97679376E-01  9.06188869E+00  5.65221086E-02
1.98071209E-01  9.13019466E+00  5.67849092E-02
1.98463041E-01  9.04048538E+00  5.64457327E-02
1.98854873E-01  9.07182312E+00  5.63260876E-02
1.99246705E-01  9.02837944E+00  5.66379465E-02
1.99638538E-01  9.00347805E+00  5.58898896E-02
2.00030370E-01  9.02790451E+00  5.61411232E-02
2.00422202E-01  9.03505993E+00  5.63306697E-02
2.00814034E-01  9.06332684E+00  5.60758822E-02
2.01205867E-01  9.16357136E+00  5.62394001E-02
2.01597699E-01  8.98368263E+00  5.54844365E-02
2.01989531E-01  9.07307339E+00  5.60386628E-02
2.02381363E-01  9.03972912E+00  5.57434782E-02
2.02773196E-01  9.06572437E+00  5.57186976E-02
2.03165028E-01  9.05455971E+00  5.57417423E-02
2.03556860E-01  9.00020218E+00  5.53097241E-02
2.03948692E-01  9.02033710E+00  5.54942675E-02
2.04340525E-01  9.08385277E+00  5.53975850E-02
2.04732357E-01  8.92094612E+00  5.49358539E-02
2.05124189E-01  9.02984333E+00  5.50938286E-02
2.05516021E-01  8.95241928E+00  5.49310893E-02
2.05907854E-01  8.88710785E+00  5.45837991E-02
2.06299686E-01  8.94947243E+00  5.46563864E-02
2.06691518E-01  9.09815788E+00  5.51363006E-02
2.07083351E-01  8.95458794E+00  5.45272008E-02
2.07475183E-01  8.90899658E+00  5.45150265E-02
2.07867015E-01  8.85219479E+00  5.40360957E-02
2.08258847E-01  8.97200584E+00  5.43917790E-02
2.08650680E-01  8.86165428E+00  5.39323092E-02
2.09042512E-01  8.92389488E+00  5.40772602E-02
2.09434344E-01  8.94268513E+00  5.41166551E-02
2.09826176E-01  8.94589043E+00  5.39241806E-02
2.10218009E-01  8.89350700E+00  5.38624637E-02
2.10609841E-01  8.95872307E+00  5.42544536E-02
2.11001673E-01  8.95334625E+00  5.37556745E-02
2.11393505E-01  8.94892979E+00  5.38554974E-02
2.11785338E-01  8.98617935E+00  5.37507087E-02
2.12177170E-01  8.89734077E+00  5.38136847E-02
2.12569002E-01  8.91193867E+00  5.37185557E-02
2.12960834E-01  8.88695526E+00  5.33339977E-02
2.13352667E-01  8.89982700E+00  5.35183325E-02
2.13744499E-01  8.91823578E+00  5.32244667E-02
2.14136331E-01  8.91371059E+00  5.36639541E-02
2.14528164E-01  8.92868519E+00  5.34001179E-02
2.14919996E-01  8.93745613E+00  5.32907955E-02
2.15311828E-01  8.87080860E+00  5.33207022E-02
2.15703660E-01  8.90849686E+00  5.30117452E-02
2.16095493E-01  8.93733788E+00  5.33926971E-02
2.16487325E-01  8.93756866E+00  5.31236380E-02
2.16879157E-01  8.77874279E+00  5.25174476E-02
2.17270989E-01  8.87627792E+00  5.32105416E-02
2.17662822E-01  8.94286919E+00  5.27834892E-02
2.18054654E-01  8.83326530E+00  5.28634861E-02
2.18446486E-01  8.84984112E+00  5.24109043E-02
2.18838318E-01  8.82277966E+00  5.23471162E-02
2.19230151E-01  8.84115124E+00  5.27296886E-02
2.19621983E-01  8.86955929E+00  5.23644760E-02
2.20013815E-01  8.87465668E+00  5.27636781E-02
2.20405647E-01  8.77096939E+00  5.19848429E-02
2.20797480E-01  8.84051991E+00  5.23034446E-02
2.21189312E-01  8.79491806E+00  5.21524437E-02
2.21581144E-01  8.87464428E+00  5.20760082E-02
2.21972977E-01  8.77052879E+00  5.20242788E-02
2.22364809E-01  8.79071617E+00  5.19008115E-02
2.22756641E-01  8.81344414E+00  5.20476960E-02
2.23148473E-01  8.84881210E+00  5.20167500E-02
2.23540306E-01  8.76405907E+00  5.15318960E-02
2.23932138E-01  8.87689400E+00  5.20757623E-02
2.24323970E-01  8.80398369E+00  5.16729429E-02
2.24715802E-01  8.82049370E+00  5.17921522E-02
2.25107635E-01  8.78303623E+00  5.14950342E-02
2.25499467E-01  8.86450672E+00  5.16015328E-02
2.25891299E-01  8.80951691E+00  5.16742729E-02
2.26283131E-01  8.80408478E+00  5.13028614E-02
2.26674964E-01  8.83107281E+00  5.16675636E-02
2.27066796E-01  8.88323402E+00  5.14566004E-02
2.27458628E-01  8.75804043E+00  5.16332500E-02
2.27850460E-01  8.85673714E+00  5.22660129E-02
2.28242293E-01  8.86479950E+00  5.20343669E-02
2.28634125E-01  8.72902107E+00  5.19842543E-02
2.29025957E-01  8.77882481E+00  5.20762391E-02
2.29417789E-01  8.71179104E+00  5.21187820E-02
2.29809622E-01  8.80212879E+00  5.25193810E-02
2.30201454E-01  8.75733280E+00  5.21417633E-02
2.30593286E-01  8.81729126E+00  5.26473485E-02
2.30985119E-01  8.84079456E+00  5.25530688E-02
2.31376951E-01  8.85099983E+00  5.28062768E-02
2.31768783E-01  8.72844505E+00  5.22755124E-02
2.32160615E-01  8.85630322E+00  5.26489764E-02
2.32552448E-01  8.79474068E+00  5.28300777E-02
2.32944280E-01  8.67140102E+00  5.21947555E-02
2.33336112E-01  8.76979828E+00  5.27221225E-02
2.33727944E-01  8.83263206E+00  5.26863821E-02
2.34119777E-01  8.75186253E+00  5.26685715E-02
2.34511609E-01  8.78455257E+00  5.21763563E-02
2.34903441E-01  8.81406593E+00  5.19915670E-02
2.35295273E-01  8.76859188E+00  5.17152324E-02
2.35687106E-01  8.79810619E+00  5.16064540E-02
2.36078938E-01  8.85428333E+00  5.18967062E-02
2.36470770E-01  8.67275715E+00  5.11606969E-02
2.36862602E-01  8.77246380E+00  5.11090532E-02
2.37254435E-01  8.76527500E+00  5.12484014E-02
2.37646267E-01  8.76902103E+00  5.10994047E-02
2.38038099E-01  8.76672173E+00  5.10020778E-02
2.38429932E-01  8.86501312E+00  5.09938486E-02
2.38821764E-01  8.66519451E+00  5.05717173E-02
2.39213596E-01  8.67224979E+00  5.05775884E-02
2.39605428E-01  8.73264599E+00  5.04574962E-02
2.39997261E-01  8.72978592E+00  5.07305674E-02
2.40389093E-01  8.65623474E+00  4.99684699E-02
2.40780925E-01  8.67495441E+00  5.04306667E-02
2.41172757E-01  8.69618988E+00  5.01273349E-02
2.41564590E-01  8.67912960E+00  5.00422977E-02
2.41956422E-01  8.66945457E+00  5.00506200E-02
2.42348254E-01  8.72333050E+00  4.99832481E-02
2.42740086E-01  8.68286133E+00  5.01983352E-02
2.43131919E-01  8.74936676E+00  4.99939322E-02
2.43523751E-01  8.70598030E+00  4.96933162E-02
2.43915583E-01  8.68426991E+00  4.98364009E-02
2.44307415E-01  8.71536732E+00  4.97064330E-02
2.44699248E-01  8.68403053E+00  4.98219058E-02
2.45091080E-01  8.65735722E+00  4.94085364E-02
2.45482912E-01  8.74433899E+00  4.96005490E-02
2.45874744E-01  8.75390911E+00  4.98169847E-02
2.46266577E-01  8.76332283E+00  4.94676828E-02
2.46658409E-01  8.74792099E+00  4.96112891E-02
2.47050241E-01  8.58220005E+00  4.88319136E-02
2.47442074E-01  8.66629505E+00  4.92554232E-02
2.47833906E-01  8.63735104E+00  4.90774438E-02
2.48225738E-01  8.62516785E+00  4.87523340E-02
2.48617570E-01  8.62297916E+00  4.88673709E-02
2.49009403E-01  8.65891933E+00  4.87743244E-02
2.49401235E-01  8.70110130E+00  4.92247976E-02
2.49793067E-01  8.58465099E+00  4.85318415E-02
2.50184899E-01  8.63938904E+00  4.84747328E-02
2.50576732E-01  8.74040508E+00  4.90376651E-02
2.50968564E-01  8.65325546E+00  4.84877005E-02
2.51360396E-01  8.69851208E+00  4.88333777E-02
2.51752228E-01  8.59075546E+00  4.82147560E-02
2.52144061E-01  8.58037376E+00  4.82836552E-02
2.52535893E-01  8.62113285E+00  4.85499278E-02
2.52927725E-01  8.68181038E+00  4.84375283E-02
2.53319557E-01  8.69035149E+00  4.86322418E-02
2.53711390E-01  8.63337803E+00  4.81149219E-02
2.54103222E-01  8.69219875E+00  4.84736115E-02
2.54495054E-01  8.65849781E+00  4.84319963E-02
2.54886887E-01  8.70693970E+00  4.82684597E-02
2.55278719E-01  8.56195450E+00  4.79354896E-02
2.55670551E-01  8.61535549E+00  4.79951091E-02
2.56062383E-01  8.61595440E+00  4.82030772E-02
2.56454216E-01  8.59999466E+00  4.79975007E-02
2.56846048E-01  8.59262276E+00  4.77670245E-02
2.57237880E-01  8.67224407E+00  4.80134487E-02
2.57629712E-01  8.65803814E+00  4.79870401E-02
2.58021545E-01  8.57335472E+00  4.77329902E-02
2.58413377E-01  8.54023361E+00  4.74963449E-02
2.58805209E-01  8.61855602E+00  4.76636402E-02
2.59197041E-01  8.60830975E+00  4.77738343E-02
2.59588874E-01  8.57769585E+00  4.75446694E-02
2.59980706E-01  8.54486847E+00  4.73605283E-02
2.60372538E-01  8.57207870E+00  4.72939126E-02
2.60764370E-01  8.51627827E+00  4.72507179E-02
2.61156203E-01  8.56044102E+00  4.74913605E-02
2.61548035E-01  8.53595924E+00  4.70724292E-02
2.61939867E-01  8.55251408E+00  4.73331623E-02
2.62331700E-01  8.58971024E+00  4.71293852E-02
2.62723532E-01  8.59487629E+00  4.73333225E-02
2.63115364E-01  8.47188091E+00  4.68295626E-02
2.63507196E-01  8.59001350E+00  4.70701568E-02
2.63899029E-01  8.51369476E+00  4.69575040E-02
2.64290861E-01  8.56438065E+00  4.69339229E-02
2.64682693E-01  8.47256088E+00  4.67719138E-02
2.65074525E-01  8.54179096E+00  4.67406958E-02
2.65466358E-01  8.48327827E+00  4.69593294E-02
2.65858190E-01  8.55370426E+00  4.73942161E-02
2.66250022E-01  8.54332733E+00  4.72606085E-02
2.66641854E-01  8.62475777E+00  4.77476120E-02
2.67033687E-01  8.57958031E+00  4.74292338E-02
2.67425519E-01  8.54430389E+00  4.77074906E-02
2.67817351E-01  8.49888134E+00  4.75302488E-02
2.68209183E-01  8.55679512E+00  4.75098975E-02
2.68601016E-01  8.51403236E+00  4.76045571E-02
2.68992848E-01  8.52475834E+00  4.76727262E-02
2.69384680E-01  8.62879086E+00  4.82394248E-02
2.69776512E-01  8.57151031E+00  4.77086715E-02
2.70168345E-01  8.56283855E+00  4.77797128E-02
2.70560177E-01  8.50408840E+00  4.78067175E-02
2.70952009E-01  8.63163090E+00  4.80291657E-02
2.71343842E-01  8.52102661E+00  4.79125418E-02
2.71735674E-01  8.50355721E+00  4.77547124E-02
2.72127506E-01  8.50399208E+00  4.78008911E-02
2.72519338E-01  8.47961140E+00  4.78030071E-02
2.72911171E-01  8.53935909E+00  4.79263030E-02
2.73303003E-01  8.62641907E+00  4.81637307E-02
2.73694835E-01  8.60136032E+00  4.80103567E-02
2.74086667E-01  8.63126850E+00  4.85170782E-02
2.74478500E-01  8.46212482E+00  4.76333313E-02
2.74870332E-01  8.50917339E+00  4.78875451E-02
2.75262164E-01  8.54311848E+00  4.78675589E-02
2.75653996E-01  8.52697849E+00  4.79831919E-02
2.76045829E-01  8.56139469E+00  4.83016707E-02
2.76437661E-01  8.47275448E+00  4.76961844E-02
2.76829493E-01  8.54649544E+00  4.80193235E-02
2.77221325E-01  8.45549011E+00  4.77696061E-02
2.77613158E-01  8.55707836E+00  4.80818227E-02
2.78004990E-01  8.50863266E+00  4.79780436E-02
2.78396822E-01  8.54725456E+00  4.79193218E-02
2.78788655E-01  8.62809563E+00  4.83793952E-02
2.79180487E-01  8.56677628E+00  4.81553227E-02
2.79572319E-01  8.58507538E+00  4.80709597E-02
2.79964151E-01  8.47677708E+00  4.78440784E-02
2.80355984E-01  8.43590927E+00  4.75626849E-02
2.80747816E-01  8.48827171E+00  4.80453670E-02
2.81139648E-01  8.45129013E+00  4.77085859E-02
2.81531480E-01  8.49891567E+00  4.79461253E-02
2.81923313E-01  8.50655365E+00  4.78198193E-02
2.82315145E-01  8.46525764E+00  4.77486514E-02
2.82706977E-01  8.42360878E+00  4.78112772E-02
2.83098809E-01  8.43837357E+00  4.74507958E-02
2.83490642E-01  8.38648129E+00  4.76097502E-02
2.83882474E-01  8.46103287E+00  4.76226583E-02
2.84274306E-01  8.48192596E+00  4.77326922E-02
2.84666138E-01  8.40151024E+00  4.75634262E-02
2.85057971E-01  8.53511429E+00  4.78122011E-02
2.85449803E-01  8.38366032E+00  4.75516096E-02
2.85841635E-01  8.53955078E+00  4.78250496E-02
2.86233467E-01  8.48185539E+00  4.76953015E-02
2.86625300E-01  8.39580154E+00  4.76764888E-02
2.87017132E-01  8.47298622E+00  4.80381735E-02
2.87408964E-01  8.41619587E+00  4.84257601E-02
2.87800797E-01  8.40578842E+00  4.80503403E-02
2.88192629E-01  8.31910801E+00  4.83073406E-02
2.88584461E-01  8.46160412E+00  4.85434048E-02
2.88976293E-01  8.45451450E+00  4.86857444E-02
2.89368126E-01  8.37250137E+00  4.87912633E-02
2.89759958E-01  8.43678951E+00  4.86555248E-02
2.90151790E-01  8.34738350E+00  4.88293059E-02
2.90543622E-01  8.42909050E+00  4.89426889E-02
2.90935455E-01  8.33182335E+00  4.89447191E-02
2.91327287E-01  8.39277554E+00  4.90604304E-02
2.91719119E-01  8.32668209E+00  4.86865565E-02
2.92110951E-01  8.37084961E+00  4.92752530E-02
2.92502784E-01  8.44049263E+00  4.95847650E-02
2.92894616E-01  8.35045338E+00  4.97668162E-02
2.93286448E-01  8.35569668E+00  5.00000603E-02
2.93678280E-01  8.42723942E+00  5.00796996E-02
2.94070113E-01  8.30691910E+00  5.05215675E-02
2.94461945E-01  8.38879299E+00  5.04315980E-02
2.94853777E-01  8.42924786E+00  5.10021225E-02
2.95245610E-01  8.30310440E+00  5.06192781E-02
2.95637442E-01  8.47519016E+00  5.13789468E-02
2.96029274E-01  8.38606358E+00  5.14366291E-02
2.96421106E-01  8.38903427E+00  5.11811972E-02
2.96812939E-01  8.46051884E+00  5.19020893E-02
2.97204771E-01  8.32912731E+00  5.14732413E-02
2.97596603E-01  8.37988281E+00  5.19438647E-02
2.97988435E-01  8.41532707E+00  5.21375351E-02
2.98380268E-01  8.39146805E+00  5.19219972E-02
2.98772100E-01  8.43834972E+00  5.26001528E-02
2.99163932E-01  8.38207817E+00  5.23307808E-02
2.99555764E-01  8.34287548E+00  5.23107983E-02
2.99947597E-01  8.34810925E+00  5.22932708E-02
3.00339429E-01  8.39438534E+00  5.26275635E-02
3.00731261E-01  8.38070011E+00  5.29164337E-02
3.01123093E-01  8.35029411E+00  5.25675043E-02
3.01514926E-01  8.34084034E+00  5.29675931E-02
3.01906758E-01  8.35379410E+00  5.27707450E-02
3.02298590E-01  8.46585369E+00  5.36157265E-02
3.02690423E-01  8.39431572E+00  5.33168577E-02
3.03082255E-01  8.29540920E+00  5.29574528E-02
3.03474087E-01  8.38759995E+00  5.36961071E-02
3.03865919E-01  8.25118351E+00  5.30493855E-02
3.04257752E-01  8.31342602E+00  5.37447333E-02
3.04649584E-01  8.27904892E+00  5.32208420E-02
3.05041416E-01  8.42807198E+00  5.38911894E-02
3.05433248E-01  8.35177708E+00  5.38600162E-02
3.05825081E-01  8.28230381E+00  5.35894670E-02
3.06216913E-01  8.40298939E+00  5.44319078E-02
3.06608745E-01  8.39291000E+00  5.40119633E-02
3.07000577E-01  8.39927673E+00  5.44204228E-02
3.07392410E-01  8.28184891E+00  5.43355420E-02
3.07784242E-01  8.37836647E+00  5.42769656E-02
3.08176074E-01  8.28264809E+00  5.44840284E-02
3.08567906E-01  8.19513321E+00  5.38792126E-02
3.08959739E-01  8.37571526E+00  5.49963750E-02
3.09351571E-01  8.15776348E+00  5.42178750E-02
3.09743403E-01  8.31698418E+00  5.44233434E-02
3.10135235E-01  8.34347534E+00  5.50200343E-02
3.10527068E-01  8.36850357E+00  5.55767678E-02
3.10918900E-01  8.39968777E+00  5.66036738E-02
3.11310732E-01  8.24450302E+00  5.58772832E-02
3.11702565E-01  8.39799213E+00  5.69895878E-02
3.12094397E-01  8.31698036E+00  5.73135279E-02
3.12486229E-01  8.24668407E+00  5.69034591E-02
3.12878061E-01  8.32614326E+00  5.78832813E-02
3.13269894E-01  8.28804970E+00  5.74866310E-02
3.13661726E-01  8.30914307E+00  5.84368929E-02
3.14053558E-01  8.21224689E+00  5.82986251E-02
3.14445390E-01  8.25728703E+00  5.80650195E-02
3.14837223E-01  8.31383324E+00  5.91855608E-02
3.15229055E-01  8.28786755E+00  5.88591918E-02
3.15620887E-01  8.29080677E+00  5.98883517E-02
3.16012719E-01  8.30765533E+00  5.94268702E-02
3.16404552E-01  8.30678558E+00  5.98307587E-02
3.16796384E-01  8.28565788E+00  6.01564050E-02
3.17188216E-01  8.32925510E+00  6.05655946E-02
3.17580048E-01  8.25609970E+00  5.98676875E-02
3.17971881E-01  8.32376575E+00  5.90501390E-02
3.18363713E-01  8.28001976E+00  5.93675673E-02
3.18755545E-01  8.20931149E+00  5.91640025E-02
3.19147378E-01  8.25423717E+00  5.91629371E-02
3.19539210E-01  8.30051899E+00  5.92788346E-02
3.19931042E-01  8.31983566E+00  5.91489077E-02
3.20322874E-01  8.25752354E+00  5.94651476E-02
3.20714707E-01  8.25730801E+00  5.89762554E-02
3.21106539E-01  8.26349068E+00  5.90234287E-02
3.21498371E-01  8.21781921E+00  5.89594878E-02
3.21890203E-01  8.23729229E+00  5.92044331E-02
3.22282036E-01  8.16350842E+00  5.93682230E-02
3.22673868E-01  8.18132687E+00  5.83399050E-02
3.23065700E-01  8.31907177E+00  5.96123338E-02
3.23457532E-01  8.29711437E+00  5.91700859E-02
3.23849365E-01  8.21999550E+00  5.93706556E-02
3.24241197E-01  8.22430706E+00  5.91095760E-02
3.24633029E-01  8.20194054E+00  5.89671060E-02
3.25024861E-01  8.02986145E+00  5.86809516E-02
3.25416694E-01  8.30624390E+00  5.94167709E-02
3.25808526E-01  8.26563168E+00  5.94480559E-02
3.26200358E-01  8.20942593E+00  5.92711344E-02
3.26592190E-01  8.25882244E+00  5.94621710E-02
3.26984023E-01  8.20161152E+00  5.94976135E-02
3.27375855E-01  8.09343815E+00  5.87144233E-02
3.27767687E-01  8.21916199E+00  5.93708307E-02
3.28159520E-01  8.29203129E+00  5.95701709E-02
3.28551352E-01  8.17378426E+00  5.93723468E-02
3.28943184E-01  8.30530834E+00  6.00291342E-02
3.29335016E-01  8.16557693E+00  5.92035018E-02
3.29726849E-01  8.08371258E+00  5.94551340E-02
3.30118681E-01  8.14112186E+00  5.94337508E-02
3.30510513E-01  8.25740051E+00  5.99607304E-02
3.30902345E-01  8.20364285E+00  5.98694384E-02
3.31294178E-01  8.17707729E+00  5.97727410E-02
3.31686010E-01  8.12205410E+00  6.01633601E-02
3.32077842E-01  8.23719501E+00  6.01367243E-02
3.32469674E-01  8.19373798E+00  6.00439012E-02
3.32861507E-01  8.10874462E+00  6.00351356E-02
3.33253339E-01  8.22387981E+00  6.04468361E-02
3.33645171E-01  8.24841213E+00  6.10524677E-02
3.34037003E-01  8.12381172E+00  5.99857867E-02
3.34428836E-01  8.17354012E+00  6.06663600E-02
3.34820668E-01  8.09813118E+00  6.04675002E-02
3.35212500E-01  8.08986568E+00  6.05596043E-02
3.35604333E-01  8.15622520E+00  6.09454662E-02
3.35996165E-01  8.20855141E+00  6.07158616E-02
3.36387997E-01  8.06796741E+00  6.09759055E-02
3.36779829E-01  8.15872383E+00  6.08318150E-02
3.37171662E-01  8.21768379E+00  6.13430813E-02
3.37563494E-01  8.13021946E+00  6.09882697E-02
3.37955326E-01  8.06309509E+00  6.07778616E-02
3.38347158E-01  8.15515327E+00  6.18187301E-02
3.38738991E-01  8.22874069E+00  6.14136383E-02
3.39130823E-01  8.12989140E+00  6.13668486E-02
3.39522655E-01  8.12151337E+00  6.14631586E-02
3.39914487E-01  8.24841499E+00  6.16429411E-02
3.40306320E-01  8.16066170E+00  6.21756837E-02
3.40698152E-01  8.14785862E+00  6.11825958E-02
3.41089984E-01  8.07964230E+00  6.17216378E-02
3.41481816E-01  8.06059742E+00  6.12906776E-02
3.41873649E-01  8.18789959E+00  6.19602427E-02
3.42265481E-01  8.04832077E+00  6.16318062E-02
3.42657313E-01  8.11236763E+00  6.13886677E-02
3.43049146E-01  8.15378475E+00  6.22989275E-02
3.43440978E-01  7.99122763E+00  6.12700991E-02
3.43832810E-01  8.10501099E+00  6.19226582E-02
3.44224642E-01  8.11304283E+00  6.21146783E-02
3.44616475E-01  8.11130428E+00  6.19327947E-02
3.45008307E-01  8.16688347E+00  6.27683476E-02
3.45400139E-01  8.02877808E+00  6.14587329E-02
3.45791971E-01  8.12761307E+00  6.24831356E-02
3.46183804E-01  8.11961842E+00  6.23039566E-02
3.46575636E-01  8.00559235E+00  6.17479496E-02
3.46967468E-01  8.20568371E+00  6.30553886E-02
3.47359300E-01  8.00771904E+00  6.17129728E-02
3.47751133E-01  8.13910389E+00  6.29822761E-02
3.48142965E-01  8.11112404E+00  6.23324364E-02
3.48534797E-01  7.99845076E+00  6.20613284E-02
3.48926629E-01  7.98925304E+00  6.24008067E-02
3.49318462E-01  8.12154102E+00  6.25827312E-02
3.49710294E-01  8.08336258E+00  6.30129650E-02
3.50102126E-01  8.02422333E+00  6.23571090E-02
3.50493958E-01  8.13563919E+00  6.33877441E-02
3.50885791E-01  7.97541475E+00  6.24242425E-02
3.51277623E-01  8.08768272E+00  6.30466416E-02
3.51669455E-01  8.05095482E+00  6.30425438E-02
3.52061288E-01  8.07799911E+00  6.29788041E-02
3.52453120E-01  7.89755869E+00  6.31098226E-02
3.52844952E-01  7.91921902E+00  6.24490455E-02
3.53236784E-01  7.89609241E+00  6.28060177E-02
3.53628617E-01  7.94519997E+00  6.31427094E-02
3.54020449E-01  8.09483528E+00  6.34347871E-02
3.54412281E-01  8.01269913E+00  6.39076084E-02
3.54804113E-01  8.00560284E+00  6.30225688E-02
3.55195946E-01  8.10272312E+00  6.43316433E-02
3.55587778E-01  8.03246021E+00  6.35538325E-02
3.55979610E-01  7.99762583E+00  6.35914952E-02
3.56371442E-01  8.06488705E+00  6.44613653E-02
3.56763275E-01  8.09640884E+00  6.39837384E-02
3.57155107E-01  7.99781227E+00  6.44084886E-02
3.57546939E-01  7.99072361E+00  6.36776760E-02
3.57938771E-01  8.10491657E+00  6.46061376E-02
3.58330604E-01  8.10980988E+00  6.49596006E-02
3.58722436E-01  8.04584503E+00  6.40762597E-02
3.59114268E-01  7.98419142E+00  6.46901578E-02
3.59506101E-01  7.86837339E+00  6.36578128E-02
3.59897933E-01  8.03725719E+00  6.52810186E-02
3.60289765E-01  7.97977304E+00  6.43886179E-02
3.60681597E-01  7.94309425E+00  6.42077178E-02
3.61073430E-01  8.09697628E+00  6.55587986E-02
3.61465262E-01  7.99164104E+00  6.46720231E-02
3.61857094E-01  8.06390285E+00  6.56862184E-02
3.62248926E-01  8.05414963E+00  6.50608093E-02
3.62640759E-01  8.20487118E+00  6.59435391E-02
3.63032591E-01  7.97456169E+00  6.54444546E-02
3.63424423E-01  7.93521261E+00  6.47152811E-02
3.63816255E-01  7.90959835E+00  6.53529614E-02
3.64208088E-01  7.94977760E+00  6.49118274E-02
3.64599920E-01  7.99337673E+00  6.61264881E-02
3.64991752E-01  8.00027466E+00  6.55518025E-02
3.65383584E-01  7.91941500E+00  6.51853383E-02
3.65775417E-01  7.99597120E+00  6.60485849E-02
3.66167249E-01  8.01768780E+00  6.57121241E-02
3.66559081E-01  7.94396877E+00  6.65052533E-02
3.66950914E-01  7.96891069E+00  6.50268793E-02
3.67342746E-01  8.08702946E+00  6.64974451E-02
3.67734578E-01  7.97329521E+00  6.60644323E-02
3.68126410E-01  8.01124859E+00  6.61499575E-02
3.68518243E-01  7.99103880E+00  6.64651841E-02
3.68910075E-01  7.91810465E+00  6.54634759E-02
3.69301907E-01  7.97763538E+00  6.65751398E-02
3.69693739E-01  7.95167637E+00  6.60487413E-02
3.70085572E-01  7.88118172E+00  6.56127557E-02
3.70477404E-01  8.02848244E+00  6.67696893E-02
3.70869236E-01  7.89370823E+00  6.59528822E-02
3.71261068E-01  7.95099545E+00  6.70236647E-02
3.71652901E-01  7.96942663E+00  6.62510544E-02
3.72044733E-01  7.89839554E+00  6.61005676E-02
3.72436565E-01  7.84013414E+00  6.61667734E-02
3.72828397E-01  7.88909483E+00  6.60806075E-02
3.73220230E-01  7.81674719E+00  6.64948151E-02
3.73612062E-01  7.98481989E+00  6.62988871E-02
3.74003894E-01  8.02109051E+00  6.74350858E-02
3.74395726E-01  7.81056452E+00  6.62650317E-02
3.74787559E-01  7.97601986E+00  6.66662008E-02
3.75179391E-01  7.86453629E+00  6.67373464E-02
3.75571223E-01  7.88177681E+00  6.64378181E-02
3.75963056E-01  7.92123413E+00  6.74740449E-02
3.76354888E-01  7.96110010E+00  6.71470240E-02
3.76746720E-01  7.96239185E+00  6.69084936E-02
3.77138552E-01  7.87427616E+00  6.74099252E-02
3.77530385E-01  7.94853973E+00  6.70387000E-02
3.77922217E-01  7.92599201E+00  6.82413578E-02
3.78314049E-01  8.00895596E+00  6.75410479E-02
3.78705881E-01  7.84408140E+00  6.72822371E-02
3.79097714E-01  7.82275152E+00  6.74625859E-02
3.79489546E-01  7.74714327E+00  6.68852106E-02
3.79881378E-01  8.00353432E+00  6.85164779E-02
3.80273210E-01  7.87556410E+00  6.72070384E-02
3.80665043E-01  7.85185814E+00  6.81637302E-02
3.81056875E-01  7.92104578E+00  6.83433115E-02
3.81448707E-01  7.84474707E+00  6.75794333E-02
3.81840539E-01  7.86968994E+00  6.86269552E-02
3.82232372E-01  7.87042284E+00  6.74957633E-02
3.82624204E-01  7.88378191E+00  6.90392107E-02
3.83016036E-01  7.82232809E+00  6.81181774E-02
3.83407869E-01  7.81980801E+00  6.79674968E-02
3.83799701E-01  7.84429026E+00  6.89503029E-02
3.84191533E-01  7.93822432E+00  6.84609562E-02
3.84583365E-01  7.99433756E+00  6.99029043E-02
3.84975198E-01  7.94906139E+00  6.87104613E-02
3.85367030E-01  7.75650406E+00  6.88143000E-02
3.85758862E-01  7.89280510E+00  6.92697912E-02
3.86150694E-01  7.80322313E+00  6.88344091E-02
3.86542527E-01  7.72779369E+00  6.89185411E-02
3.86934359E-01  7.89079714E+00  6.89711794E-02
3.87326191E-01  7.70930767E+00  6.91118985E-02
3.87718023E-01  7.74524021E+00  6.89344630E-02
3.88109856E-01  7.97211933E+00  6.97673261E-02
3.88501688E-01  7.89147091E+00  6.99896663E-02
3.88893520E-01  7.85664129E+00  6.96424246E-02
3.89285352E-01  7.77886152E+00  7.00315386E-02
3.89677185E-01  7.78911734E+00  6.92372844E-02
3.90069017E-01  7.75728083E+00  6.98259324E-02
3.90460849E-01  7.86015034E+00  7.01128766E-02
3.90852681E-01  7.72681284E+00  6.94729164E-02
3.91244514E-01  7.77913761E+00  7.01449737E-02
3.91636346E-01  7.69357777E+00  6.91740960E-02
3.92028178E-01  7.81923342E+00  7.04149753E-02
3.92420011E-01  7.70566320E+00  6.97266534E-02
3.92811843E-01  7.81480503E+00  7.03294799E-02
3.93203675E-01  7.71384668E+00  6.99181631E-02
3.93595507E-01  7.76651525E+00  6.98496550E-02
3.93987340E-01  7.95821285E+00  7.37630799E-02
3.94379172E-01  7.77427483E+00  7.28319287E-02
3.94771004E-01  7.80333376E+00  7.43680745E-02
3.95162836E-01  7.80824614E+00  7.45232701E-02
3.95554669E-01  7.88785839E+00  7.57642835E-02
3.95946501E-01  7.74862385E+00  7.67190456E-02
3.96338333E-01  7.86767769E+00  7.56682381E-02
3.96730165E-01  7.70867825E+00  7.71949291E-02
3.97121998E-01  7.73299789E+00  7.67299980E-02
3.97513830E-01  7.77121973E+00  7.78680891E-02
3.97905662E-01  7.96242619E+00  7.91899115E-02
3.98297494E-01  7.89811802E+00  7.86242485E-02
3.98689327E-01  7.80717564E+00  8.02903175E-02
3.99081159E-01  7.78656578E+00  7.92159140E-02
3.99472991E-01  7.86693907E+00  8.00418705E-02
3.99864824E-01  7.93090916E+00  8.07931572E-02
4.00256656E-01  7.79321671E+00  8.07858333E-02
4.00648488E-01  7.82458591E+00  8.25793669E-02
4.01040320E-01  7.87143421E+00  8.07889774E-02
4.01432153E-01  8.02278519E+00  8.34034234E-02
4.01823985E-01  7.77696562E+00  8.19400027E-02
4.02215817E-01  7.83403730E+00  8.30639675E-02
4.02607649E-01  7.79271460E+00  8.29904899E-02
4.02999482E-01  7.89880323E+00  8.33348036E-02
4.03391314E-01  7.82154465E+00  8.48765150E-02
4.03783146E-01  7.76547146E+00  8.37713331E-02
4.04174978E-01  7.87073088E+00  8.51051509E-02
4.04566811E-01  7.91348410E+00  8.44155997E-02
4.04958643E-01  7.85345888E+00  8.56016874E-02
4.05350475E-01  7.78235102E+00  8.58527422E-02
4.05742307E-01  7.76093578E+00  8.47443491E-02
4.06134140E-01  7.97182131E+00  8.69745240E-02
4.06525972E-01  7.82835007E+00  8.57055858E-02
4.06917804E-01  7.91951466E+00  8.71012956E-02
4.07309637E-01  7.82092905E+00  8.70983675E-02
4.07701469E-01  7.93803263E+00  8.71627405E-02
4.08093301E-01  7.72891760E+00  8.77776146E-02
4.08485133E-01  7.88703012E+00  8.80202875E-02
4.08876966E-01  7.94647789E+00  8.94048586E-02
4.09268798E-01  7.88756466E+00  8.79386738E-02
4.09660630E-01  7.79498434E+00  8.88609514E-02
4.10052462E-01  7.93085003E+00  9.03628245E-02
4.10444295E-01  7.84588289E+00  9.00162160E-02
4.10836127E-01  7.93571520E+00  9.05771330E-02
4.11227959E-01  7.71082401E+00  8.91022980E-02
4.11619791E-01  7.74901247E+00  9.03924629E-02
4.12011624E-01  8.01976585E+00  9.23950821E-02
4.12403456E-01  7.85466385E+00  9.12469849E-02
4.12795288E-01  7.85886240E+00  9.20504108E-02
4.13187120E-01  7.92834759E+00  9.31072980E-02
4.13578953E-01  7.79944992E+00  9.21480581E-02
4.13970785E-01  7.96225023E+00  9.34088752E-02
4.14362617E-01  7.84190130E+00  9.31581408E-02
4.14754449E-01  7.80268383E+00  9.36486870E-02
4.15146282E-01  7.94655180E+00  9.50405747E-02
4.15538114E-01  7.79836416E+00  9.38336849E-02
4.15929946E-01  7.76830053E+00  9.39698517E-02
4.16321779E-01  7.86551714E+00  9.58639309E-02
4.16713611E-01  7.83149672E+00  9.52162072E-02
4.17105443E-01  7.90331078E+00  9.67712030E-02
4.17497275E-01  7.79258823E+00  9.51448306E-02
4.17889108E-01  7.93822718E+00  9.73301530E-02
4.18280940E-01  7.78785896E+00  9.75083411E-02
4.18672772E-01  7.93037271E+00  9.76309329E-02
4.19064604E-01  7.83083487E+00  9.72493216E-02
4.19456437E-01  8.01690483E+00  9.99073684E-02
4.19848269E-01  7.77469444E+00  9.76655632E-02
4.20240101E-01  7.90157747E+00  1.00309700E-01
4.20631933E-01  7.78371477E+00  9.79025513E-02
4.21023766E-01  7.61200905E+00  9.83936861E-02
4.21415598E-01  8.00667763E+00  1.01882294E-01
4.21807430E-01  8.11410427E+00  1.02301195E-01
4.22199262E-01  7.77258968E+00  9.98704359E-02
4.22591095E-01  7.90508556E+00  1.01497509E-01
4.22982927E-01  7.64943600E+00  1.00364171E-01
4.23374759E-01  7.78372526E+00  1.02249399E-01
4.23766592E-01  7.72468805E+00  1.00269899E-01
4.24158424E-01  7.78673315E+00  1.01998903E-01
4.24550256E-01  7.87660313E+00  1.03273623E-01
4.24942088E-01  7.82785368E+00  1.02678590E-01
4.25333921E-01  7.83738852E+00  1.02741808E-01
4.25725753E-01  7.84557629E+00  1.02796160E-01
4.26117585E-01  7.62727356E+00  1.02668956E-01
4.26509417E-01  7.79869366E+00  1.04102947E-01
4.26901250E-01  7.78515959E+00  1.02676570E-01
4.27293082E-01  7.83444118E+00  1.03842601E-01
4.27684914E-01  7.82435369E+00  1.04204372E-01
4.28076746E-01  8.02793217E+00  1.06435314E-01
4.28468579E-01  7.70660400E+00  1.03418730E-01
4.28860411E-01  7.87754250E+00  1.04922041E-01
4.29252243E-01  7.62457943E+00  1.04761302E-01
4.29644075E-01  7.69860888E+00  1.05194248E-01
4.30035908E-01  7.82311106E+00  1.04925528E-01
4.30427740E-01  7.74142265E+00  1.05337664E-01


### HEADER:
#
#{
#    "analysis": {},
#    "calibration_params": {
#        "Beam_Center_X": 730.0374262707371,
#        "Beam_Center_Y": 675.3320572331704,
#        "Detector Tilt": 0.026259007459965275,
#        "Detector Tilt Plane Rotation": 73.53223173202183,
#        "Detector_X_Pixel_Size": 172.0,
#        "Detector_Y_Pixel_Size": 172.0,
#        "Integration Method": "nosplit_csr",
#        "Radial_Average_Method": "pyFAI",
#        "Sample-to-detector distance (mm)": 2662.970378639845,
#        "Wavelength (A)": 1.03320164497
#    },
#    "config_file": "C:\\Users\\Administrator\\AppData\\Local\\RAW\\backup.cfg",
#    "counters": {},
#    "filename": "3dac-45_0054_00003.tif",
#    "history": {},
#    "imageHeader": {
#        "Alpha": "0.0000 deg.",
#        "Angle_increment": "0.1000 deg.",
#        "Beam_xy": "(0.00, 0.00) pixels",
#        "Chi": "0.0000 deg.",
#        "Count_cutoff": "1157021 counts",
#        "Detector_2theta": "0.0000 deg.",
#        "Detector_Voffset": "0.00000 m",
#        "Detector_distance": "1.00000 m",
#        "Energy_range": "(0, 0) eV",
#        "Excluded_pixels": "badpix_mask.tif",
#        "Exposure_period": "1.1000000 s",
#        "Exposure_time": "1.0000000 s",
#        "Filter_transmission": "1.0000",
#        "Flat_field": "FF_p24-0163_E12000_T6000_vrf_m0p100.tif",
#        "Flux": "0.000000",
#        "Gain_setting": "autog (vrf = 1.000)",
#        "Image_path": "/user-data/2022/202209/20220910/hongliang/",
#        "Kappa": "0.0000 deg.",
#        "N_excluded_pixels": "61",
#        "N_oscillations": "1",
#        "Oscillation_axis": "X, CW",
#        "Phi": "0.0000 deg.",
#        "Pixel_size": "172e-6 m x 172e-6 m",
#        "Polarization": "0.990",
#        "Ratecorr_lut_directory": "ContinuousStandard_v1.1",
#        "Retrigger_mode": "1",
#        "Silicon": "sensor, thickness 0.000450",
#        "Start_angle": "0.2000 deg.",
#        "Tau": "0 s",
#        "Threshold_setting": "6000 eV",
#        "Trim_file": "p24-0163_E12000_T6000.bin",
#        "Wavelength (A)": "1.54000 A"
#    },
#    "load_path": "C:\\Users\\Administrator\\Desktop\\UserData\\2022\\202209\\20220910\\hongliang\\3dac-45_0054_00003.tif",
#    "normalizations": {
#        "Polarization": {
#            "Used": false
#        },
#        "Solid_Angle_Correction": "On"
#    },
#    "raw_version": "2.1.1"
#}

