### DATA:
#
# 1081
#      Q             I(Q)           Error     
7.24889685E-03  3.01110986E+03  6.55865812E+00
7.64072911E-03  2.57393872E+03  6.02102852E+00
8.03256137E-03  2.24257788E+03  5.58095264E+00
8.42439364E-03  1.94733044E+03  4.57592869E+00
8.81622590E-03  1.69779834E+03  4.31939840E+00
9.20805816E-03  1.48347729E+03  3.81365466E+00
9.59989042E-03  1.32086487E+03  3.53002095E+00
9.99172268E-03  1.16855371E+03  3.18769312E+00
1.03835549E-02  1.04531775E+03  2.89181399E+00
1.07753872E-02  9.31235474E+02  2.71860242E+00
1.11672195E-02  8.26990479E+02  2.45692158E+00
1.15590517E-02  7.45912598E+02  2.30004215E+00
1.19508840E-02  6.73011108E+02  2.10421824E+00
1.23427163E-02  6.12287354E+02  2.00704646E+00
1.27345485E-02  5.55397888E+02  1.86313260E+00
1.31263808E-02  5.01593323E+02  1.72791743E+00
1.35182130E-02  4.61672424E+02  1.62423837E+00
1.39100453E-02  4.18578949E+02  1.50014806E+00
1.43018776E-02  3.85712402E+02  1.45578802E+00
1.46937098E-02  3.52479553E+02  1.36564600E+00
1.50855421E-02  3.24493835E+02  1.24307060E+00
1.54773744E-02  3.00008118E+02  1.21568429E+00
1.58692066E-02  2.76466064E+02  1.13134861E+00
1.62610389E-02  2.54424774E+02  1.09809780E+00
1.66528711E-02  2.38051117E+02  1.02181041E+00
1.70447034E-02  2.23389130E+02  9.79164898E-01
1.74365357E-02  2.08044952E+02  9.36930299E-01
1.78283679E-02  1.93399338E+02  9.03350651E-01
1.82202002E-02  1.81324554E+02  8.82172525E-01
1.86120325E-02  1.73157730E+02  8.40700269E-01
1.90038647E-02  1.60632645E+02  8.08077157E-01
1.93956970E-02  1.54180969E+02  7.99853504E-01
1.97875292E-02  1.44914505E+02  7.61359334E-01
2.01793615E-02  1.38247482E+02  7.45131373E-01
2.05711938E-02  1.30076645E+02  7.12826312E-01
2.09630260E-02  1.24321320E+02  6.99616730E-01
2.13548583E-02  1.17892563E+02  6.79950774E-01
2.17466905E-02  1.12191742E+02  6.51903093E-01
2.21385228E-02  1.07085655E+02  6.36895835E-01
2.25303551E-02  1.04265297E+02  6.21430933E-01
2.29221873E-02  9.92068558E+01  6.13018990E-01
2.33140196E-02  9.51745682E+01  5.97049057E-01
2.37058519E-02  9.10411224E+01  5.67193151E-01
2.40976841E-02  8.77566910E+01  5.58846474E-01
2.44895164E-02  8.51706161E+01  5.41008532E-01
2.48813486E-02  8.17005081E+01  5.26268303E-01
2.52731809E-02  7.90771103E+01  5.07530570E-01
2.56650132E-02  7.60638885E+01  4.84532505E-01
2.60568454E-02  7.27141571E+01  4.79702830E-01
2.64486777E-02  7.06918869E+01  4.61447477E-01
2.68405100E-02  6.86528702E+01  4.52703267E-01
2.72323422E-02  6.62353363E+01  4.39445168E-01
2.76241745E-02  6.37807846E+01  4.22686011E-01
2.80160067E-02  6.27342834E+01  4.22771931E-01
2.84078390E-02  6.04135208E+01  4.05734092E-01
2.87996713E-02  5.83515129E+01  3.96061122E-01
2.91915035E-02  5.64416237E+01  3.80919129E-01
2.95833358E-02  5.52579803E+01  3.81843984E-01
2.99751681E-02  5.27271271E+01  3.71529758E-01
3.03670003E-02  5.17272606E+01  3.57830644E-01
3.07588326E-02  5.01970596E+01  3.52062911E-01
3.11506648E-02  4.84427299E+01  3.38818341E-01
3.15424971E-02  4.72617798E+01  3.40356499E-01
3.19343294E-02  4.61827240E+01  3.29263985E-01
3.23261616E-02  4.41639748E+01  3.19743514E-01
3.27179939E-02  4.34735985E+01  3.13980877E-01
3.31098262E-02  4.22956619E+01  3.07957262E-01
3.35016584E-02  4.19297371E+01  3.07658851E-01
3.38934907E-02  4.01607170E+01  2.93574393E-01
3.42853229E-02  4.02162590E+01  2.95046508E-01
3.46771552E-02  3.91357155E+01  2.88261771E-01
3.50689875E-02  3.81128311E+01  2.82379270E-01
3.54608197E-02  3.75927849E+01  2.80153364E-01
3.58526520E-02  3.66798935E+01  2.70048410E-01
3.62444842E-02  3.58861046E+01  2.70080030E-01
3.66363165E-02  3.47589607E+01  2.64198780E-01
3.70281488E-02  3.42543983E+01  2.58916736E-01
3.74199810E-02  3.36730499E+01  2.53023535E-01
3.78118133E-02  3.25064545E+01  2.42896810E-01
3.82036456E-02  3.16911755E+01  2.44306490E-01
3.85954778E-02  3.09314976E+01  2.36297384E-01
3.89873101E-02  3.01593189E+01  2.32283577E-01
3.93791423E-02  2.98676300E+01  2.29723811E-01
3.97709746E-02  2.91312714E+01  2.25681454E-01
4.01628069E-02  2.84000854E+01  2.26218313E-01
4.05546391E-02  2.78414116E+01  2.16869995E-01
4.09464714E-02  2.70715981E+01  2.14577049E-01
4.13383037E-02  2.65747280E+01  2.10990295E-01
4.17301359E-02  2.62211494E+01  2.08709955E-01
4.21219682E-02  2.59328709E+01  2.08952680E-01
4.25138004E-02  2.53362865E+01  2.01833114E-01
4.29056327E-02  2.48387127E+01  2.00325236E-01
4.32974650E-02  2.45799141E+01  1.97845906E-01
4.36892972E-02  2.39908600E+01  1.94380671E-01
4.40811295E-02  2.35576115E+01  1.93688184E-01
4.44729618E-02  2.30609627E+01  1.86932310E-01
4.48647940E-02  2.28953075E+01  1.89443991E-01
4.52566263E-02  2.24558716E+01  1.85592055E-01
4.56484585E-02  2.18848381E+01  1.80068761E-01
4.60402908E-02  2.18624668E+01  1.81052908E-01
4.64321231E-02  2.18461838E+01  1.78331733E-01
4.68239553E-02  2.12889080E+01  1.78395197E-01
4.72157876E-02  2.07537098E+01  1.73563376E-01
4.76076199E-02  2.08615379E+01  1.72888309E-01
4.79994521E-02  2.03333492E+01  1.70077652E-01
4.83912844E-02  2.05738029E+01  1.69402018E-01
4.87831166E-02  1.98459053E+01  1.67788446E-01
4.91749489E-02  1.94792938E+01  1.63472369E-01
4.95667812E-02  1.94760761E+01  1.62901297E-01
4.99586134E-02  1.89811592E+01  1.62149236E-01
5.03504457E-02  1.89058876E+01  1.59955397E-01
5.07422779E-02  1.88946075E+01  1.59262553E-01
5.11341102E-02  1.87334251E+01  1.56291068E-01
5.15259425E-02  1.85359688E+01  1.57112688E-01
5.19177747E-02  1.81927299E+01  1.55238464E-01
5.23096070E-02  1.81740952E+01  1.53341949E-01
5.27014393E-02  1.78379021E+01  1.50655597E-01
5.30932715E-02  1.78030663E+01  1.50222138E-01
5.34851038E-02  1.75637512E+01  1.50260285E-01
5.38769360E-02  1.70575066E+01  1.46671906E-01
5.42687683E-02  1.72309303E+01  1.46403849E-01
5.46606006E-02  1.70070171E+01  1.44999430E-01
5.50524328E-02  1.69131794E+01  1.43538341E-01
5.54442651E-02  1.66052990E+01  1.43276960E-01
5.58360974E-02  1.63637867E+01  1.39086306E-01
5.62279296E-02  1.64587536E+01  1.40827507E-01
5.66197619E-02  1.63378506E+01  1.39471740E-01
5.70115941E-02  1.59161310E+01  1.36928469E-01
5.74034264E-02  1.58071213E+01  1.37106359E-01
5.77952587E-02  1.60148716E+01  1.35919511E-01
5.81870909E-02  1.57133341E+01  1.34478942E-01
5.85789232E-02  1.56127815E+01  1.34125277E-01
5.89707555E-02  1.55351629E+01  1.32876277E-01
5.93625877E-02  1.52285814E+01  1.31633520E-01
5.97544200E-02  1.54823456E+01  1.30877748E-01
6.01462522E-02  1.49874907E+01  1.30291522E-01
6.05380845E-02  1.50889196E+01  1.29491195E-01
6.09299168E-02  1.48120298E+01  1.28369033E-01
6.13217490E-02  1.47823248E+01  1.30135983E-01
6.17135813E-02  1.48954048E+01  1.30857944E-01
6.21054136E-02  1.45348167E+01  1.31162703E-01
6.24972458E-02  1.46078138E+01  1.29440054E-01
6.28890781E-02  1.41903582E+01  1.28764033E-01
6.32809103E-02  1.41844263E+01  1.28288388E-01
6.36727426E-02  1.42985973E+01  1.29405692E-01
6.40645749E-02  1.42389822E+01  1.30130008E-01
6.44564071E-02  1.39615955E+01  1.27499163E-01
6.48482394E-02  1.39541903E+01  1.28063217E-01
6.52400716E-02  1.36395454E+01  1.25947028E-01
6.56319039E-02  1.37233677E+01  1.26850903E-01
6.60237362E-02  1.35492153E+01  1.25969738E-01
6.64155684E-02  1.35514269E+01  1.25032112E-01
6.68074007E-02  1.33548565E+01  1.25063241E-01
6.71992330E-02  1.35810432E+01  1.25750408E-01
6.75910652E-02  1.32588186E+01  1.24033421E-01
6.79828975E-02  1.34576683E+01  1.23605378E-01
6.83747297E-02  1.32284794E+01  1.20184429E-01
6.87665620E-02  1.32763577E+01  1.20599516E-01
6.91583943E-02  1.31970234E+01  1.18436389E-01
6.95502265E-02  1.28596601E+01  1.17099710E-01
6.99420588E-02  1.28151627E+01  1.15190439E-01
7.03338911E-02  1.28563347E+01  1.15078047E-01
7.07257233E-02  1.27891178E+01  1.15133211E-01
7.11175556E-02  1.26545019E+01  1.12842783E-01
7.15093878E-02  1.26868391E+01  1.13329567E-01
7.19012201E-02  1.25582914E+01  1.11244276E-01
7.22930524E-02  1.26086426E+01  1.12020411E-01
7.26848846E-02  1.24536066E+01  1.11108802E-01
7.30767169E-02  1.25502882E+01  1.10396475E-01
7.34685492E-02  1.26399183E+01  1.10309243E-01
7.38603814E-02  1.22791672E+01  1.08204342E-01
7.42522137E-02  1.22409697E+01  1.08450390E-01
7.46440459E-02  1.22848253E+01  1.08023770E-01
7.50358782E-02  1.21182928E+01  1.05841666E-01
7.54277105E-02  1.22661381E+01  1.07993141E-01
7.58195427E-02  1.22187862E+01  1.06427506E-01
7.62113750E-02  1.20670042E+01  1.05181299E-01
7.66032072E-02  1.20165319E+01  1.04673788E-01
7.69950395E-02  1.19921112E+01  1.03766568E-01
7.73868718E-02  1.21804085E+01  1.06113359E-01
7.77787040E-02  1.19896202E+01  1.03201687E-01
7.81705363E-02  1.20361986E+01  1.03957526E-01
7.85623686E-02  1.18390703E+01  1.01875626E-01
7.89542008E-02  1.16880445E+01  1.01268284E-01
7.93460331E-02  1.18269138E+01  1.02317974E-01
7.97378653E-02  1.17608471E+01  1.01052970E-01
8.01296976E-02  1.15236578E+01  9.95975584E-02
8.05215299E-02  1.16780691E+01  1.00349128E-01
8.09133621E-02  1.16996908E+01  1.00011975E-01
8.13051944E-02  1.15998716E+01  9.94571075E-02
8.16970267E-02  1.15804129E+01  9.83725116E-02
8.20888589E-02  1.14029484E+01  9.86095443E-02
8.24806912E-02  1.15327883E+01  9.80883613E-02
8.28725234E-02  1.13976736E+01  9.75122228E-02
8.32643557E-02  1.15978556E+01  9.74747390E-02
8.36561880E-02  1.13956318E+01  9.60332602E-02
8.40480202E-02  1.13232803E+01  9.70321372E-02
8.44398525E-02  1.13766785E+01  9.57987234E-02
8.48316848E-02  1.11828585E+01  9.55590457E-02
8.52235170E-02  1.11586666E+01  9.43079442E-02
8.56153493E-02  1.14316292E+01  9.57602859E-02
8.60071815E-02  1.12714996E+01  9.52785760E-02
8.63990138E-02  1.10895653E+01  9.32390243E-02
8.67908461E-02  1.11309795E+01  9.39298049E-02
8.71826783E-02  1.11520462E+01  9.29208174E-02
8.75745106E-02  1.11324978E+01  9.36032906E-02
8.79663429E-02  1.11791134E+01  9.32143182E-02
8.83581751E-02  1.10829258E+01  9.24540758E-02
8.87500074E-02  1.10841274E+01  9.22460929E-02
8.91418396E-02  1.09418364E+01  9.13025141E-02
8.95336719E-02  1.08177395E+01  9.09567773E-02
8.99255042E-02  1.07618141E+01  9.00357515E-02
9.03173364E-02  1.09390574E+01  9.06378850E-02
9.07091687E-02  1.08790102E+01  9.06615704E-02
9.11010009E-02  1.10170736E+01  9.04528946E-02
9.14928332E-02  1.08764648E+01  8.99742097E-02
9.18846655E-02  1.07637463E+01  8.87507200E-02
9.22764977E-02  1.08829060E+01  8.95689651E-02
9.26683300E-02  1.09088917E+01  9.10276175E-02
9.30601623E-02  1.07052116E+01  9.03112069E-02
9.34519945E-02  1.07342253E+01  9.08148661E-02
9.38438268E-02  1.07678013E+01  9.01300088E-02
9.42356590E-02  1.06777010E+01  9.06453654E-02
9.46274913E-02  1.06400251E+01  9.04854313E-02
9.50193236E-02  1.06212091E+01  8.98201466E-02
9.54111558E-02  1.07768888E+01  9.11008641E-02
9.58029881E-02  1.04416685E+01  8.79627913E-02
9.61948204E-02  1.05593605E+01  8.80344212E-02
9.65866526E-02  1.06137238E+01  8.76837894E-02
9.69784849E-02  1.05669842E+01  8.69570747E-02
9.73703171E-02  1.04794321E+01  8.70960504E-02
9.77621494E-02  1.04485788E+01  8.64997208E-02
9.81539817E-02  1.05112572E+01  8.66659135E-02
9.85458139E-02  1.04945288E+01  8.64428207E-02
9.89376462E-02  1.06201067E+01  8.75842273E-02
9.93294785E-02  1.05019293E+01  8.93498138E-02
9.97213107E-02  1.04905424E+01  8.93694460E-02
1.00113143E-01  1.03601561E+01  8.93581882E-02
1.00504975E-01  1.04892492E+01  9.00174081E-02
1.00896808E-01  1.04129868E+01  8.97938237E-02
1.01288640E-01  1.03871784E+01  9.08503458E-02
1.01680472E-01  1.03125200E+01  9.00596678E-02
1.02072304E-01  1.02920618E+01  8.89962539E-02
1.02464137E-01  1.04656582E+01  8.97092968E-02
1.02855969E-01  1.02622719E+01  8.86293799E-02
1.03247801E-01  1.01935368E+01  8.78296345E-02
1.03639633E-01  1.02315855E+01  8.80268663E-02
1.04031466E-01  1.03623180E+01  8.89248252E-02
1.04423298E-01  1.03176117E+01  8.86653289E-02
1.04815130E-01  1.02187090E+01  8.81054103E-02
1.05206962E-01  1.02005234E+01  8.78604949E-02
1.05598795E-01  1.02929754E+01  8.79259929E-02
1.05990627E-01  1.01071243E+01  8.72927085E-02
1.06382459E-01  1.03493271E+01  8.70306119E-02
1.06774291E-01  1.01628914E+01  8.60860199E-02
1.07166124E-01  1.01305380E+01  8.48732442E-02
1.07557956E-01  1.00457563E+01  8.43080580E-02
1.07949788E-01  1.00636425E+01  8.45028087E-02
1.08341620E-01  1.01738396E+01  8.39581192E-02
1.08733453E-01  1.01858988E+01  8.43887404E-02
1.09125285E-01  1.00930262E+01  8.27408433E-02
1.09517117E-01  1.01364594E+01  8.33437070E-02
1.09908950E-01  1.00662146E+01  8.27997401E-02
1.10300782E-01  1.00862741E+01  8.19941014E-02
1.10692614E-01  1.00762625E+01  8.23107585E-02
1.11084446E-01  9.94764423E+00  8.09983909E-02
1.11476279E-01  1.00037441E+01  8.11731294E-02
1.11868111E-01  1.00369682E+01  8.08041543E-02
1.12259943E-01  1.00433893E+01  8.06990787E-02
1.12651775E-01  9.95134735E+00  8.03285837E-02
1.13043608E-01  1.00428228E+01  8.00256655E-02
1.13435440E-01  9.90429211E+00  7.95480534E-02
1.13827272E-01  9.94989491E+00  7.91270733E-02
1.14219104E-01  9.97904778E+00  7.89950490E-02
1.14610937E-01  9.79968643E+00  7.86267817E-02
1.15002769E-01  9.94780159E+00  7.84801319E-02
1.15394601E-01  9.95087814E+00  7.89826885E-02
1.15786433E-01  1.00307121E+01  7.86124319E-02
1.16178266E-01  9.77182484E+00  7.79281110E-02
1.16570098E-01  9.78822899E+00  7.75136575E-02
1.16961930E-01  9.81679344E+00  7.69453645E-02
1.17353763E-01  9.90235138E+00  7.80123919E-02
1.17745595E-01  9.79786110E+00  7.65948966E-02
1.18137427E-01  9.79430008E+00  7.70202577E-02
1.18529259E-01  9.84212685E+00  7.65165836E-02
1.18921092E-01  9.72113895E+00  7.56858438E-02
1.19312924E-01  9.83136177E+00  7.66346455E-02
1.19704756E-01  9.59879208E+00  7.50317946E-02
1.20096588E-01  9.71930885E+00  7.58580565E-02
1.20488421E-01  9.67823410E+00  7.53198490E-02
1.20880253E-01  9.76434231E+00  7.52149820E-02
1.21272085E-01  9.87143040E+00  7.61574730E-02
1.21663917E-01  9.76610661E+00  7.50484392E-02
1.22055750E-01  9.78500175E+00  7.56461695E-02
1.22447582E-01  9.72118664E+00  7.45756477E-02
1.22839414E-01  9.62137508E+00  7.45551884E-02
1.23231246E-01  9.77765751E+00  7.51150325E-02
1.23623079E-01  9.77170372E+00  7.42199942E-02
1.24014911E-01  9.71938038E+00  7.45267123E-02
1.24406743E-01  9.74940205E+00  7.39482865E-02
1.24798575E-01  9.74354649E+00  7.43652210E-02
1.25190408E-01  9.74669838E+00  7.38555789E-02
1.25582240E-01  9.73701000E+00  7.36954734E-02
1.25974072E-01  9.68075085E+00  7.36674145E-02
1.26365905E-01  9.63496208E+00  7.28230625E-02
1.26757737E-01  9.69106674E+00  7.36245140E-02
1.27149569E-01  9.62229538E+00  7.28355944E-02
1.27541401E-01  9.55003834E+00  7.20475465E-02
1.27933234E-01  9.61372948E+00  7.25838467E-02
1.28325066E-01  9.59869194E+00  7.23097399E-02
1.28716898E-01  9.55084324E+00  7.21687302E-02
1.29108730E-01  9.60306644E+00  7.18007609E-02
1.29500563E-01  9.51022625E+00  7.13764578E-02
1.29892395E-01  9.57449532E+00  7.21602216E-02
1.30284227E-01  9.46523762E+00  7.10368082E-02
1.30676059E-01  9.63950157E+00  7.18027428E-02
1.31067892E-01  9.61565590E+00  7.11646304E-02
1.31459724E-01  9.55311966E+00  7.10077807E-02
1.31851556E-01  9.47371006E+00  7.10124522E-02
1.32243388E-01  9.50675297E+00  7.04281256E-02
1.32635221E-01  9.59736252E+00  7.07815513E-02
1.33027053E-01  9.52561474E+00  7.04982430E-02
1.33418885E-01  9.53227139E+00  7.06520751E-02
1.33810718E-01  9.48726940E+00  7.00286701E-02
1.34202550E-01  9.42168808E+00  6.93577901E-02
1.34594382E-01  9.52121544E+00  7.01722652E-02
1.34986214E-01  9.45789814E+00  6.97586834E-02
1.35378047E-01  9.48810768E+00  6.97447658E-02
1.35769879E-01  9.49520683E+00  6.93635345E-02
1.36161711E-01  9.44008732E+00  6.91270828E-02
1.36553543E-01  9.39044094E+00  6.88929558E-02
1.36945376E-01  9.35296917E+00  6.84451163E-02
1.37337208E-01  9.37573242E+00  6.85456544E-02
1.37729040E-01  9.34101868E+00  6.79944977E-02
1.38120872E-01  9.52646637E+00  6.87513500E-02
1.38512705E-01  9.44591808E+00  6.87162206E-02
1.38904537E-01  9.35202026E+00  6.75029382E-02
1.39296369E-01  9.44914055E+00  6.83536902E-02
1.39688201E-01  9.35623741E+00  6.76834136E-02
1.40080034E-01  9.30390644E+00  6.73295185E-02
1.40471866E-01  9.29706192E+00  6.73540980E-02
1.40863698E-01  9.36269188E+00  6.71510175E-02
1.41255531E-01  9.35904694E+00  6.71542436E-02
1.41647363E-01  9.29652500E+00  6.69942573E-02
1.42039195E-01  9.44102001E+00  6.72218427E-02
1.42431027E-01  9.44163609E+00  6.74179047E-02
1.42822860E-01  9.36066437E+00  6.66176230E-02
1.43214692E-01  9.30745983E+00  6.68892115E-02
1.43606524E-01  9.27962780E+00  6.66135475E-02
1.43998356E-01  9.39684963E+00  6.63860440E-02
1.44390189E-01  9.36196995E+00  6.74588755E-02
1.44782021E-01  9.36461449E+00  6.74849451E-02
1.45173853E-01  9.32271290E+00  6.78468645E-02
1.45565685E-01  9.31053638E+00  6.74871504E-02
1.45957518E-01  9.28570843E+00  6.79474398E-02
1.46349350E-01  9.36597538E+00  6.82575852E-02
1.46741182E-01  9.18783092E+00  6.77741170E-02
1.47133014E-01  9.22193718E+00  6.80701658E-02
1.47524847E-01  9.23162746E+00  6.78173080E-02
1.47916679E-01  9.31355095E+00  6.83049634E-02
1.48308511E-01  9.34381962E+00  6.84331506E-02
1.48700343E-01  9.23149586E+00  6.84679076E-02
1.49092176E-01  9.24201107E+00  6.81108013E-02
1.49484008E-01  9.22885132E+00  6.78078905E-02
1.49875840E-01  9.33775520E+00  6.88613057E-02
1.50267673E-01  9.36220074E+00  6.87079653E-02
1.50659505E-01  9.19222355E+00  6.80644065E-02
1.51051337E-01  9.15474796E+00  6.78744242E-02
1.51443169E-01  9.18628120E+00  6.68256730E-02
1.51835002E-01  9.23753929E+00  6.73233494E-02
1.52226834E-01  9.33619976E+00  6.68356419E-02
1.52618666E-01  9.27155018E+00  6.66517988E-02
1.53010498E-01  9.15764809E+00  6.56314716E-02
1.53402331E-01  9.25918388E+00  6.65439889E-02
1.53794163E-01  9.22892380E+00  6.58403113E-02
1.54185995E-01  9.11814308E+00  6.50334433E-02
1.54577827E-01  9.23825169E+00  6.53848127E-02
1.54969660E-01  9.21052456E+00  6.51363879E-02
1.55361492E-01  9.17991543E+00  6.54207990E-02
1.55753324E-01  9.09599400E+00  6.44199327E-02
1.56145156E-01  9.17664337E+00  6.45874217E-02
1.56536989E-01  9.07716274E+00  6.42511249E-02
1.56928821E-01  9.07563210E+00  6.41439483E-02
1.57320653E-01  9.21461773E+00  6.48097619E-02
1.57712486E-01  9.13053513E+00  6.37346804E-02
1.58104318E-01  9.12739277E+00  6.38232455E-02
1.58496150E-01  9.19969082E+00  6.42189831E-02
1.58887982E-01  9.18740654E+00  6.37353808E-02
1.59279815E-01  9.18932533E+00  6.39971048E-02
1.59671647E-01  9.10657597E+00  6.30246848E-02
1.60063479E-01  9.19616413E+00  6.38791919E-02
1.60455311E-01  9.12975407E+00  6.33262917E-02
1.60847144E-01  9.08323002E+00  6.29717857E-02
1.61238976E-01  9.13647366E+00  6.30326569E-02
1.61630808E-01  9.12034035E+00  6.25841618E-02
1.62022640E-01  9.17533684E+00  6.34292066E-02
1.62414473E-01  9.15165806E+00  6.27591833E-02
1.62806305E-01  9.13460350E+00  6.25130087E-02
1.63198137E-01  9.17786312E+00  6.28222972E-02
1.63589969E-01  9.04724693E+00  6.20679855E-02
1.63981802E-01  9.05622482E+00  6.23781495E-02
1.64373634E-01  9.19215202E+00  6.23515695E-02
1.64765466E-01  9.06663036E+00  6.17163293E-02
1.65157298E-01  9.08911896E+00  6.20276816E-02
1.65549131E-01  8.98431110E+00  6.15262724E-02
1.65940963E-01  9.04426003E+00  6.17964156E-02
1.66332795E-01  9.14686680E+00  6.14756532E-02
1.66724628E-01  8.92578793E+00  6.10568114E-02
1.67116460E-01  8.90695190E+00  6.10179715E-02
1.67508292E-01  8.90268993E+00  6.06876239E-02
1.67900124E-01  9.01401806E+00  6.10408336E-02
1.68291957E-01  9.04588223E+00  6.07859604E-02
1.68683789E-01  9.08666992E+00  6.15412854E-02
1.69075621E-01  9.08186626E+00  6.08822331E-02
1.69467453E-01  9.06470966E+00  6.07877113E-02
1.69859286E-01  9.11249161E+00  6.09602779E-02
1.70251118E-01  9.06864548E+00  6.06778264E-02
1.70642950E-01  9.01474380E+00  6.08313344E-02
1.71034782E-01  9.10642052E+00  6.05228059E-02
1.71426615E-01  9.04712200E+00  6.01446442E-02
1.71818447E-01  9.01599407E+00  6.01133071E-02
1.72210279E-01  9.02323151E+00  6.00655079E-02
1.72602111E-01  9.07568645E+00  6.02520443E-02
1.72993944E-01  9.01566887E+00  5.96371442E-02
1.73385776E-01  8.97169781E+00  5.96682876E-02
1.73777608E-01  9.03013992E+00  5.99576011E-02
1.74169441E-01  9.01343822E+00  5.94315641E-02
1.74561273E-01  8.92415333E+00  5.92643283E-02
1.74953105E-01  9.03798389E+00  5.92466816E-02
1.75344937E-01  9.06356049E+00  5.97140379E-02
1.75736770E-01  8.96090889E+00  5.91546819E-02
1.76128602E-01  8.94443417E+00  5.86447790E-02
1.76520434E-01  8.97700405E+00  5.88874444E-02
1.76912266E-01  8.94277000E+00  5.85722066E-02
1.77304099E-01  9.08250904E+00  5.93704171E-02
1.77695931E-01  9.05786800E+00  5.88918664E-02
1.78087763E-01  9.01959896E+00  5.86442910E-02
1.78479595E-01  8.93399525E+00  5.86002693E-02
1.78871428E-01  9.08019733E+00  5.87853603E-02
1.79263260E-01  8.90710831E+00  5.83223738E-02
1.79655092E-01  8.96559238E+00  5.82697503E-02
1.80046924E-01  8.98952007E+00  5.83255738E-02
1.80438757E-01  8.87952900E+00  5.81992120E-02
1.80830589E-01  8.85466003E+00  5.77233732E-02
1.81222421E-01  8.92934132E+00  5.80537692E-02
1.81614254E-01  8.90588379E+00  5.75989410E-02
1.82006086E-01  8.88641930E+00  5.79144135E-02
1.82397918E-01  8.93037033E+00  5.84221184E-02
1.82789750E-01  8.93987942E+00  5.83421774E-02
1.83181583E-01  8.90986347E+00  5.85681126E-02
1.83573415E-01  8.90629292E+00  5.86016439E-02
1.83965247E-01  9.00062180E+00  5.94051890E-02
1.84357079E-01  8.96546555E+00  5.87511100E-02
1.84748912E-01  8.81369400E+00  5.85566126E-02
1.85140744E-01  8.99233627E+00  5.91127947E-02
1.85532576E-01  8.99772263E+00  5.93614951E-02
1.85924408E-01  8.96809101E+00  5.94735481E-02
1.86316241E-01  8.88622284E+00  5.87179698E-02
1.86708073E-01  8.93373871E+00  5.92665933E-02
1.87099905E-01  8.93965721E+00  5.92980273E-02
1.87491737E-01  9.01797771E+00  5.94640747E-02
1.87883570E-01  8.88223934E+00  5.91308922E-02
1.88275402E-01  8.89984989E+00  5.89239001E-02
1.88667234E-01  8.98320389E+00  5.97844906E-02
1.89059066E-01  8.85980415E+00  5.88603616E-02
1.89450899E-01  8.98218060E+00  5.89670911E-02
1.89842731E-01  8.93127060E+00  5.84730692E-02
1.90234563E-01  8.90637112E+00  5.82028702E-02
1.90626396E-01  8.90567303E+00  5.86140603E-02
1.91018228E-01  8.87780666E+00  5.75765222E-02
1.91410060E-01  8.93429852E+00  5.78784160E-02
1.91801892E-01  8.89657784E+00  5.74558973E-02
1.92193725E-01  8.86078644E+00  5.73829263E-02
1.92585557E-01  8.91159439E+00  5.76974452E-02
1.92977389E-01  8.87717342E+00  5.69108017E-02
1.93369221E-01  8.85716152E+00  5.71810678E-02
1.93761054E-01  8.91310692E+00  5.71094938E-02
1.94152886E-01  8.91050243E+00  5.70284575E-02
1.94544718E-01  8.85063744E+00  5.68470918E-02
1.94936550E-01  8.86116886E+00  5.62991314E-02
1.95328383E-01  8.78126144E+00  5.65932654E-02
1.95720215E-01  8.85003090E+00  5.64762652E-02
1.96112047E-01  8.86290836E+00  5.63454516E-02
1.96503879E-01  8.78512383E+00  5.61983958E-02
1.96895712E-01  8.80800915E+00  5.57636470E-02
1.97287544E-01  8.76122284E+00  5.62739447E-02
1.97679376E-01  8.81510544E+00  5.57471626E-02
1.98071209E-01  8.82681942E+00  5.58335260E-02
1.98463041E-01  8.84171581E+00  5.58217615E-02
1.98854873E-01  8.92703724E+00  5.58747984E-02
1.99246705E-01  8.82052422E+00  5.59821762E-02
1.99638538E-01  8.83174133E+00  5.53542897E-02
2.00030370E-01  8.82017803E+00  5.54914773E-02
2.00422202E-01  8.91810894E+00  5.59649058E-02
2.00814034E-01  8.81317711E+00  5.52966148E-02
2.01205867E-01  8.79045677E+00  5.50825484E-02
2.01597699E-01  8.87882233E+00  5.51596694E-02
2.01989531E-01  8.90001488E+00  5.55016547E-02
2.02381363E-01  8.81595325E+00  5.50491959E-02
2.02773196E-01  8.83456993E+00  5.50037622E-02
2.03165028E-01  8.73748112E+00  5.47570474E-02
2.03556860E-01  8.79830170E+00  5.46858273E-02
2.03948692E-01  8.79227638E+00  5.47882468E-02
2.04340525E-01  8.88182354E+00  5.47780879E-02
2.04732357E-01  8.86546516E+00  5.47647588E-02
2.05124189E-01  8.75084305E+00  5.42360172E-02
2.05516021E-01  8.81186867E+00  5.44981807E-02
2.05907854E-01  8.78351593E+00  5.42647392E-02
2.06299686E-01  8.74785805E+00  5.40372282E-02
2.06691518E-01  8.81080151E+00  5.42586036E-02
2.07083351E-01  8.82210732E+00  5.41223399E-02
2.07475183E-01  8.78490353E+00  5.41340262E-02
2.07867015E-01  8.86835670E+00  5.40854037E-02
2.08258847E-01  8.79691219E+00  5.38584180E-02
2.08650680E-01  8.74644470E+00  5.35805784E-02
2.09042512E-01  8.76659966E+00  5.35985492E-02
2.09434344E-01  8.81791210E+00  5.37377968E-02
2.09826176E-01  8.84057522E+00  5.36058359E-02
2.10218009E-01  8.69027710E+00  5.32434881E-02
2.10609841E-01  8.83090973E+00  5.38660400E-02
2.11001673E-01  8.83296108E+00  5.33930585E-02
2.11393505E-01  8.82706547E+00  5.34875467E-02
2.11785338E-01  8.70485878E+00  5.29026613E-02
2.12177170E-01  8.72743988E+00  5.32974042E-02
2.12569002E-01  8.81156063E+00  5.34151718E-02
2.12960834E-01  8.81365681E+00  5.31135984E-02
2.13352667E-01  8.73633862E+00  5.30244932E-02
2.13744499E-01  8.72605991E+00  5.26478849E-02
2.14136331E-01  8.74377155E+00  5.31499460E-02
2.14528164E-01  8.65370560E+00  5.25714010E-02
2.14919996E-01  8.72614956E+00  5.26570566E-02
2.15311828E-01  8.83972073E+00  5.32271862E-02
2.15703660E-01  8.70692062E+00  5.24085537E-02
2.16095493E-01  8.66844273E+00  5.25833592E-02
2.16487325E-01  8.76295376E+00  5.26021346E-02
2.16879157E-01  8.74386978E+00  5.24130315E-02
2.17270989E-01  8.69573402E+00  5.26666120E-02
2.17662822E-01  8.83538628E+00  5.24653308E-02
2.18054654E-01  8.80257797E+00  5.27715795E-02
2.18446486E-01  8.63598251E+00  5.17737679E-02
2.18838318E-01  8.68022156E+00  5.19224815E-02
2.19230151E-01  8.69994640E+00  5.23069166E-02
2.19621983E-01  8.74837208E+00  5.20055108E-02
2.20013815E-01  8.80093670E+00  5.25440723E-02
2.20405647E-01  8.79931545E+00  5.20687774E-02
2.20797480E-01  8.67775249E+00  5.18197156E-02
2.21189312E-01  8.75378799E+00  5.20303510E-02
2.21581144E-01  8.71665955E+00  5.16104065E-02
2.21972977E-01  8.69214535E+00  5.17912880E-02
2.22364809E-01  8.67887115E+00  5.15695848E-02
2.22756641E-01  8.68035412E+00  5.16532212E-02
2.23148473E-01  8.68338776E+00  5.15282415E-02
2.23540306E-01  8.72981930E+00  5.14311343E-02
2.23932138E-01  8.75286102E+00  5.17106690E-02
2.24323970E-01  8.66144085E+00  5.12529239E-02
2.24715802E-01  8.63863468E+00  5.12554497E-02
2.25107635E-01  8.62513447E+00  5.10300435E-02
2.25499467E-01  8.67857170E+00  5.10574915E-02
2.25891299E-01  8.69251728E+00  5.13299815E-02
2.26283131E-01  8.60199451E+00  5.07106371E-02
2.26674964E-01  8.65876865E+00  5.11610322E-02
2.27066796E-01  8.76788235E+00  5.11214212E-02
2.27458628E-01  8.66458797E+00  5.13570383E-02
2.27850460E-01  8.73675632E+00  5.19107841E-02
2.28242293E-01  8.68245792E+00  5.14964350E-02
2.28634125E-01  8.74295235E+00  5.20257205E-02
2.29025957E-01  8.67255688E+00  5.17600887E-02
2.29417789E-01  8.70337296E+00  5.20935953E-02
2.29809622E-01  8.73506832E+00  5.23189344E-02
2.30201454E-01  8.72101021E+00  5.20335175E-02
2.30593286E-01  8.68526268E+00  5.22516966E-02
2.30985119E-01  8.65835571E+00  5.20079955E-02
2.31376951E-01  8.72813034E+00  5.24384677E-02
2.31768783E-01  8.64266014E+00  5.20179905E-02
2.32160615E-01  8.67696095E+00  5.21131754E-02
2.32552448E-01  8.62590981E+00  5.23205400E-02
2.32944280E-01  8.69119358E+00  5.22542894E-02
2.33336112E-01  8.59579086E+00  5.21964543E-02
2.33727944E-01  8.66355419E+00  5.21796681E-02
2.34119777E-01  8.59560204E+00  5.21962680E-02
2.34511609E-01  8.65315247E+00  5.17846569E-02
2.34903441E-01  8.63158989E+00  5.14505655E-02
2.35295273E-01  8.68868065E+00  5.14790453E-02
2.35687106E-01  8.57259083E+00  5.09407669E-02
2.36078938E-01  8.70827866E+00  5.14670424E-02
2.36470770E-01  8.66128826E+00  5.11268601E-02
2.36862602E-01  8.58903980E+00  5.05719110E-02
2.37254435E-01  8.61845303E+00  5.08173741E-02
2.37646267E-01  8.60197163E+00  5.06103449E-02
2.38038099E-01  8.68126774E+00  5.07529005E-02
2.38429932E-01  8.64560318E+00  5.03588431E-02
2.38821764E-01  8.67345905E+00  5.05958274E-02
2.39213596E-01  8.66605568E+00  5.05595207E-02
2.39605428E-01  8.64459991E+00  5.02024852E-02
2.39997261E-01  8.58886909E+00  5.03194518E-02
2.40389093E-01  8.64412022E+00  4.99334894E-02
2.40780925E-01  8.63713551E+00  5.03206179E-02
2.41172757E-01  8.57974339E+00  4.97905873E-02
2.41564590E-01  8.57035160E+00  4.97277156E-02
2.41956422E-01  8.53913689E+00  4.96730171E-02
2.42348254E-01  8.56753063E+00  4.95348871E-02
2.42740086E-01  8.63642693E+00  5.00639305E-02
2.43131919E-01  8.58739376E+00  4.95290160E-02
2.43523751E-01  8.72640228E+00  4.97515686E-02
2.43915583E-01  8.65166664E+00  4.97427620E-02
2.44307415E-01  8.51182079E+00  4.91225570E-02
2.44699248E-01  8.58798981E+00  4.95456345E-02
2.45091080E-01  8.67314816E+00  4.94535752E-02
2.45482912E-01  8.65036869E+00  4.93333153E-02
2.45874744E-01  8.64646244E+00  4.95103113E-02
2.46266577E-01  8.56562233E+00  4.89065051E-02
2.46658409E-01  8.66013813E+00  4.93617468E-02
2.47050241E-01  8.64360523E+00  4.90062945E-02
2.47442074E-01  8.63382149E+00  4.91630547E-02
2.47833906E-01  8.62117672E+00  4.90314700E-02
2.48225738E-01  8.54249859E+00  4.85181324E-02
2.48617570E-01  8.54682159E+00  4.86510955E-02
2.49009403E-01  8.57457447E+00  4.85361926E-02
2.49401235E-01  8.61867046E+00  4.89910766E-02
2.49793067E-01  8.65077305E+00  4.87183891E-02
2.50184899E-01  8.52053070E+00  4.81401272E-02
2.50576732E-01  8.62237644E+00  4.87054437E-02
2.50968564E-01  8.48806381E+00  4.80226539E-02
2.51360396E-01  8.59433460E+00  4.85400707E-02
2.51752228E-01  8.53095245E+00  4.80466448E-02
2.52144061E-01  8.58879662E+00  4.83073480E-02
2.52535893E-01  8.49317741E+00  4.81882915E-02
2.52927725E-01  8.49885654E+00  4.79244404E-02
2.53319557E-01  8.59673119E+00  4.83695790E-02
2.53711390E-01  8.51941395E+00  4.77962978E-02
2.54103222E-01  8.60650635E+00  4.82340790E-02
2.54495054E-01  8.59998131E+00  4.82680611E-02
2.54886887E-01  8.55602264E+00  4.78483140E-02
2.55278719E-01  8.50398540E+00  4.77729402E-02
2.55670551E-01  8.53754997E+00  4.77778912E-02
2.56062383E-01  8.53909588E+00  4.79875989E-02
2.56454216E-01  8.57749271E+00  4.79346663E-02
2.56846048E-01  8.48693752E+00  4.74723577E-02
2.57237880E-01  8.46596432E+00  4.74389829E-02
2.57629712E-01  8.53223515E+00  4.76371348E-02
2.58021545E-01  8.56724262E+00  4.77159694E-02
2.58413377E-01  8.54895115E+00  4.75205779E-02
2.58805209E-01  8.53552341E+00  4.74334843E-02
2.59197041E-01  8.50702858E+00  4.74919640E-02
2.59588874E-01  8.44118690E+00  4.71648276E-02
2.59980706E-01  8.48449421E+00  4.71929163E-02
2.60372538E-01  8.46953297E+00  4.70101796E-02
2.60764370E-01  8.59335327E+00  4.74640541E-02
2.61156203E-01  8.44451427E+00  4.71686944E-02
2.61548035E-01  8.52349854E+00  4.70380597E-02
2.61939867E-01  8.51164818E+00  4.72199433E-02
2.62331700E-01  8.52894211E+00  4.69623804E-02
2.62723532E-01  8.49764538E+00  4.70648296E-02
2.63115364E-01  8.47783470E+00  4.68460135E-02
2.63507196E-01  8.51082993E+00  4.68527041E-02
2.63899029E-01  8.46163654E+00  4.68137227E-02
2.64290861E-01  8.54971981E+00  4.68937345E-02
2.64682693E-01  8.54408264E+00  4.69689108E-02
2.65074525E-01  8.48654556E+00  4.65893000E-02
2.65466358E-01  8.57997704E+00  4.72262092E-02
2.65858190E-01  8.62486839E+00  4.75909598E-02
2.66250022E-01  8.53130150E+00  4.72273342E-02
2.66641854E-01  8.41910362E+00  4.71749157E-02
2.67033687E-01  8.50380516E+00  4.72193249E-02
2.67425519E-01  8.49662209E+00  4.75741886E-02
2.67817351E-01  8.51775455E+00  4.75829951E-02
2.68209183E-01  8.42068005E+00  4.71305065E-02
2.68601016E-01  8.48102665E+00  4.75121960E-02
2.68992848E-01  8.58847523E+00  4.78505567E-02
2.69384680E-01  8.54303169E+00  4.79991063E-02
2.69776512E-01  8.54442501E+00  4.76332307E-02
2.70168345E-01  8.55617332E+00  4.77611125E-02
2.70560177E-01  8.47586918E+00  4.77273315E-02
2.70952009E-01  8.46673775E+00  4.75681946E-02
2.71343842E-01  8.49489498E+00  4.78390157E-02
2.71735674E-01  8.44402027E+00  4.75872420E-02
2.72127506E-01  8.52253151E+00  4.78529669E-02
2.72519338E-01  8.47907257E+00  4.78014871E-02
2.72911171E-01  8.43741512E+00  4.76393700E-02
2.73303003E-01  8.47851753E+00  4.77490574E-02
2.73694835E-01  8.51212311E+00  4.77606580E-02
2.74086667E-01  8.44882011E+00  4.80015613E-02
2.74478500E-01  8.49564075E+00  4.77275699E-02
2.74870332E-01  8.41754341E+00  4.76290099E-02
2.75262164E-01  8.42671776E+00  4.75403406E-02
2.75653996E-01  8.45704556E+00  4.77860197E-02
2.76045829E-01  8.50362206E+00  4.81384248E-02
2.76437661E-01  8.46255112E+00  4.76674549E-02
2.76829493E-01  8.43129063E+00  4.76945788E-02
2.77221325E-01  8.42040634E+00  4.76703979E-02
2.77613158E-01  8.51358128E+00  4.79594618E-02
2.78004990E-01  8.47265148E+00  4.78764921E-02
2.78396822E-01  8.46880722E+00  4.76989113E-02
2.78788655E-01  8.52853870E+00  4.80994694E-02
2.79180487E-01  8.49314880E+00  4.79479395E-02
2.79572319E-01  8.44564629E+00  4.76790071E-02
2.79964151E-01  8.43789196E+00  4.77342159E-02
2.80355984E-01  8.43939590E+00  4.75725085E-02
2.80747816E-01  8.42599583E+00  4.78687957E-02
2.81139648E-01  8.55794144E+00  4.80086692E-02
2.81531480E-01  8.44914627E+00  4.78055365E-02
2.81923313E-01  8.45010090E+00  4.76608835E-02
2.82315145E-01  8.47064495E+00  4.77638394E-02
2.82706977E-01  8.50881958E+00  4.80524898E-02
2.83098809E-01  8.51922226E+00  4.76775654E-02
2.83490642E-01  8.39080620E+00  4.76220250E-02
2.83882474E-01  8.45057964E+00  4.75932285E-02
2.84274306E-01  8.43733597E+00  4.76070605E-02
2.84666138E-01  8.52779865E+00  4.79195677E-02
2.85057971E-01  8.47485065E+00  4.76431102E-02
2.85449803E-01  8.47428322E+00  4.78079207E-02
2.85841635E-01  8.46509171E+00  4.76160906E-02
2.86233467E-01  8.46469021E+00  4.76470180E-02
2.86625300E-01  8.39011574E+00  4.76603433E-02
2.87017132E-01  8.46154690E+00  4.80057336E-02
2.87408964E-01  8.47526741E+00  4.85954024E-02
2.87800797E-01  8.47555542E+00  4.82493341E-02
2.88192629E-01  8.40185833E+00  4.85470034E-02
2.88584461E-01  8.46689606E+00  4.85585816E-02
2.88976293E-01  8.42423534E+00  4.85984832E-02
2.89368126E-01  8.39865971E+00  4.88674268E-02
2.89759958E-01  8.36467552E+00  4.84471358E-02
2.90151790E-01  8.42421913E+00  4.90535200E-02
2.90543622E-01  8.40237808E+00  4.88650762E-02
2.90935455E-01  8.42929363E+00  4.92301807E-02
2.91327287E-01  8.40826225E+00  4.91056703E-02
2.91719119E-01  8.43798923E+00  4.90108840E-02
2.92110951E-01  8.25139427E+00  4.89225499E-02
2.92502784E-01  8.27494144E+00  4.90966551E-02
2.92894616E-01  8.36082649E+00  4.97976914E-02
2.93286448E-01  8.39040375E+00  5.01037948E-02
2.93678280E-01  8.36236191E+00  4.98865545E-02
2.94070113E-01  8.42736721E+00  5.08865230E-02
2.94461945E-01  8.37090492E+00  5.03778011E-02
2.94853777E-01  8.34808826E+00  5.07559925E-02
2.95245610E-01  8.36513233E+00  5.08080013E-02
2.95637442E-01  8.35963345E+00  5.10274768E-02
2.96029274E-01  8.37912273E+00  5.14153391E-02
2.96421106E-01  8.30347633E+00  5.09195365E-02
2.96812939E-01  8.31819344E+00  5.14636859E-02
2.97204771E-01  8.40928841E+00  5.17203435E-02
2.97596603E-01  8.45554924E+00  5.21778502E-02
2.97988435E-01  8.42372608E+00  5.21635450E-02
2.98380268E-01  8.35934162E+00  5.18225096E-02
2.98772100E-01  8.39900398E+00  5.24773821E-02
2.99163932E-01  8.31150913E+00  5.21100275E-02
2.99555764E-01  8.32909966E+00  5.22675924E-02
2.99947597E-01  8.35957432E+00  5.23291677E-02
3.00339429E-01  8.29606247E+00  5.23184463E-02
3.00731261E-01  8.37268162E+00  5.28911091E-02
3.01123093E-01  8.29469872E+00  5.23922145E-02
3.01514926E-01  8.27390385E+00  5.27546294E-02
3.01906758E-01  8.35346031E+00  5.27696908E-02
3.02298590E-01  8.46076012E+00  5.35995960E-02
3.02690423E-01  8.39939499E+00  5.33329882E-02
3.03082255E-01  8.30419922E+00  5.29855043E-02
3.03474087E-01  8.42472553E+00  5.38148098E-02
3.03865919E-01  8.28290272E+00  5.31512573E-02
3.04257752E-01  8.39021206E+00  5.39923683E-02
3.04649584E-01  8.25202084E+00  5.31338975E-02
3.05041416E-01  8.31711292E+00  5.35352640E-02
3.05433248E-01  8.34239864E+00  5.38297668E-02
3.05825081E-01  8.26912689E+00  5.35468198E-02
3.06216913E-01  8.26900387E+00  5.39962053E-02
3.06608745E-01  8.32165432E+00  5.37821949E-02
3.07000577E-01  8.37494755E+00  5.43415472E-02
3.07392410E-01  8.32320118E+00  5.44710234E-02
3.07784242E-01  8.30136204E+00  5.40269613E-02
3.08176074E-01  8.39411068E+00  5.48494086E-02
3.08567906E-01  8.21886635E+00  5.39571755E-02
3.08959739E-01  8.38040924E+00  5.50117828E-02
3.09351571E-01  8.24892998E+00  5.45199886E-02
3.09743403E-01  8.28315163E+00  5.43125384E-02
3.10135235E-01  8.34928036E+00  5.50391711E-02
3.10527068E-01  8.33454609E+00  5.54638989E-02
3.10918900E-01  8.39854336E+00  5.65998182E-02
3.11310732E-01  8.27745056E+00  5.59888221E-02
3.11702565E-01  8.30324078E+00  5.66671826E-02
3.12094397E-01  8.27156067E+00  5.71568161E-02
3.12486229E-01  8.25689220E+00  5.69386706E-02
3.12878061E-01  8.25692940E+00  5.76421916E-02
3.13269894E-01  8.28127098E+00  5.74631207E-02
3.13661726E-01  8.25941467E+00  5.82617670E-02
3.14053558E-01  8.30867672E+00  5.86399026E-02
3.14445390E-01  8.32465839E+00  5.83014153E-02
3.14837223E-01  8.18490410E+00  5.87248504E-02
3.15229055E-01  8.32297993E+00  5.89837432E-02
3.15620887E-01  8.22721386E+00  5.96582331E-02
3.16012719E-01  8.29957867E+00  5.93979768E-02
3.16404552E-01  8.33867455E+00  5.99454939E-02
3.16796384E-01  8.26425648E+00  6.00786656E-02
3.17188216E-01  8.39135170E+00  6.07909374E-02
3.17580048E-01  8.27433205E+00  5.99337593E-02
3.17971881E-01  8.33591461E+00  5.90932146E-02
3.18363713E-01  8.29321575E+00  5.94148561E-02
3.18755545E-01  8.28862000E+00  5.94490990E-02
3.19147378E-01  8.21946430E+00  5.90381883E-02
3.19539210E-01  8.22262287E+00  5.90000302E-02
3.19931042E-01  8.31394863E+00  5.91279790E-02
3.20322874E-01  8.25195599E+00  5.94450980E-02
3.20714707E-01  8.29816723E+00  5.91219887E-02
3.21106539E-01  8.31197262E+00  5.91963232E-02
3.21498371E-01  8.33118629E+00  5.93647771E-02
3.21890203E-01  8.15984726E+00  5.89254647E-02
3.22282036E-01  8.30987072E+00  5.98980598E-02
3.22673868E-01  8.21835232E+00  5.84717691E-02
3.23065700E-01  8.29600430E+00  5.95296286E-02
3.23457532E-01  8.33002758E+00  5.92873283E-02
3.23849365E-01  8.17153931E+00  5.91954030E-02
3.24241197E-01  8.16907883E+00  5.89107759E-02
3.24633029E-01  8.19007111E+00  5.89244217E-02
3.25024861E-01  8.18681431E+00  5.92516661E-02
3.25416694E-01  8.20168781E+00  5.90416305E-02
3.25808526E-01  8.26007366E+00  5.94280660E-02
3.26200358E-01  8.19573212E+00  5.92216775E-02
3.26592190E-01  8.24041367E+00  5.93958609E-02
3.26984023E-01  8.06004047E+00  5.89818731E-02
3.27375855E-01  8.12921715E+00  5.88440634E-02
3.27767687E-01  8.27448559E+00  5.95703088E-02
3.28159520E-01  8.20344448E+00  5.92511147E-02
3.28551352E-01  8.14877129E+00  5.92814311E-02
3.28943184E-01  8.20204449E+00  5.96547872E-02
3.29335016E-01  8.15141201E+00  5.91521263E-02
3.29726849E-01  8.03823376E+00  5.92876561E-02
3.30118681E-01  8.11812592E+00  5.93497492E-02
3.30510513E-01  8.28483105E+00  6.00602403E-02
3.30902345E-01  8.10620880E+00  5.95128462E-02
3.31294178E-01  8.29810524E+00  6.02134615E-02
3.31686010E-01  8.18444538E+00  6.03940003E-02
3.32077842E-01  8.22665787E+00  6.00982495E-02
3.32469674E-01  8.12905693E+00  5.98064400E-02
3.32861507E-01  8.16519451E+00  6.02437444E-02
3.33253339E-01  8.21455002E+00  6.04125373E-02
3.33645171E-01  8.18921375E+00  6.08329885E-02
3.34037003E-01  8.16721916E+00  6.01458289E-02
3.34428836E-01  8.14742374E+00  6.05693609E-02
3.34820668E-01  8.08684349E+00  6.04253449E-02
3.35212500E-01  8.11525249E+00  6.06545508E-02
3.35604333E-01  8.06833267E+00  6.06162027E-02
3.35996165E-01  8.30690289E+00  6.10785149E-02
3.36387997E-01  8.14538860E+00  6.12677746E-02
3.36779829E-01  8.19546223E+00  6.09686263E-02
3.37171662E-01  8.15540791E+00  6.11102022E-02
3.37563494E-01  8.10231209E+00  6.08835071E-02
3.37955326E-01  8.08141994E+00  6.08468875E-02
3.38347158E-01  8.10079479E+00  6.16123565E-02
3.38738991E-01  8.12148666E+00  6.10120930E-02
3.39130823E-01  8.26005554E+00  6.18561544E-02
3.39522655E-01  8.05174160E+00  6.11985698E-02
3.39914487E-01  8.04525661E+00  6.08790740E-02
3.40306320E-01  8.13271332E+00  6.20691217E-02
3.40698152E-01  8.15612888E+00  6.12136386E-02
3.41089984E-01  8.14895344E+00  6.19858094E-02
3.41481816E-01  8.12211514E+00  6.15241118E-02
3.41873649E-01  8.14992142E+00  6.18163757E-02
3.42265481E-01  8.18330097E+00  6.21464774E-02
3.42657313E-01  8.05801582E+00  6.11826740E-02
3.43049146E-01  8.12284565E+00  6.21806197E-02
3.43440978E-01  8.10350227E+00  6.16990104E-02
3.43832810E-01  8.08088398E+00  6.18304200E-02
3.44224642E-01  8.17724323E+00  6.23599589E-02
3.44616475E-01  8.18412781E+00  6.22101873E-02
3.45008307E-01  8.05737400E+00  6.23461008E-02
3.45400139E-01  8.17650127E+00  6.20215498E-02
3.45791971E-01  8.15018940E+00  6.25698566E-02
3.46183804E-01  8.12392139E+00  6.23204634E-02
3.46575636E-01  8.18133545E+00  6.24220334E-02
3.46967468E-01  8.15383816E+00  6.28558695E-02
3.47359300E-01  8.13090038E+00  6.21858202E-02
3.47751133E-01  8.13910389E+00  6.29822761E-02
3.48142965E-01  8.22848225E+00  6.27817512E-02
3.48534797E-01  8.10294628E+00  6.24654107E-02
3.48926629E-01  8.01849651E+00  6.25149086E-02
3.49318462E-01  8.06560040E+00  6.23668246E-02
3.49710294E-01  8.01999664E+00  6.27655014E-02
3.50102126E-01  8.08867264E+00  6.26070276E-02
3.50493958E-01  8.17910004E+00  6.35568351E-02
3.50885791E-01  8.05261326E+00  6.27256334E-02
3.51277623E-01  8.13535595E+00  6.32321835E-02
3.51669455E-01  7.99517250E+00  6.28237650E-02
3.52061288E-01  8.11875248E+00  6.31374717E-02
3.52453120E-01  8.09726715E+00  6.39027804E-02
3.52844952E-01  8.07286549E+00  6.30519465E-02
3.53236784E-01  8.15936184E+00  6.38444573E-02
3.53628617E-01  8.17352486E+00  6.40435666E-02
3.54020449E-01  8.02325249E+00  6.31536841E-02
3.54412281E-01  8.06163120E+00  6.41024485E-02
3.54804113E-01  8.03090572E+00  6.31220862E-02
3.55195946E-01  8.11242771E+00  6.43701553E-02
3.55587778E-01  8.09179592E+00  6.37881309E-02
3.55979610E-01  7.94402838E+00  6.33780509E-02
3.56371442E-01  8.11022663E+00  6.46423101E-02
3.56763275E-01  8.17579556E+00  6.42966628E-02
3.57155107E-01  8.03567696E+00  6.45607784E-02
3.57546939E-01  7.96230650E+00  6.35643452E-02
3.57938771E-01  7.95350933E+00  6.39998391E-02
3.58330604E-01  8.07807064E+00  6.48323596E-02
3.58722436E-01  8.15402794E+00  6.45055994E-02
3.59114268E-01  8.08063316E+00  6.50796816E-02
3.59506101E-01  8.00382233E+00  6.42033890E-02
3.59897933E-01  7.99908018E+00  6.51257932E-02
3.60289765E-01  8.11537552E+00  6.49333969E-02
3.60681597E-01  8.01887131E+00  6.45132586E-02
3.61073430E-01  8.00089931E+00  6.51686862E-02
3.61465262E-01  7.99164104E+00  6.46720231E-02
3.61857094E-01  8.00237083E+00  6.54351264E-02
3.62248926E-01  7.95954990E+00  6.46775961E-02
3.62640759E-01  8.07237244E+00  6.54089153E-02
3.63032591E-01  8.01108360E+00  6.55941442E-02
3.63424423E-01  8.08563042E+00  6.53257668E-02
3.63816255E-01  8.05539227E+00  6.59525245E-02
3.64208088E-01  7.93599701E+00  6.48555383E-02
3.64599920E-01  7.90311480E+00  6.57520741E-02
3.64991752E-01  7.98953247E+00  6.55077770E-02
3.65383584E-01  8.03209019E+00  6.56474158E-02
3.65775417E-01  8.09035587E+00  6.64372593E-02
3.66167249E-01  8.01984119E+00  6.57209530E-02
3.66559081E-01  7.90944910E+00  6.63606003E-02
3.66950914E-01  8.00287056E+00  6.51652887E-02
3.67342746E-01  7.92791367E+00  6.58400133E-02
3.67734578E-01  7.89118671E+00  6.57233819E-02
3.68126410E-01  7.91347694E+00  6.57450631E-02
3.68518243E-01  7.93188667E+00  6.62187263E-02
3.68910075E-01  7.90078545E+00  6.53918460E-02
3.69301907E-01  7.84985065E+00  6.60397932E-02
3.69693739E-01  7.93082905E+00  6.59621060E-02
3.70085572E-01  7.94236088E+00  6.58669323E-02
3.70477404E-01  7.98905611E+00  6.66055381E-02
3.70869236E-01  7.91189289E+00  6.60288036E-02
3.71261068E-01  7.90127707E+00  6.68137819E-02
3.71652901E-01  7.94243956E+00  6.61387891E-02
3.72044733E-01  8.12243557E+00  6.70314953E-02
3.72436565E-01  7.95851803E+00  6.66644499E-02
3.72828397E-01  7.82820940E+00  6.58251196E-02
3.73220230E-01  8.00454426E+00  6.72888383E-02
3.73612062E-01  8.01124382E+00  6.64085001E-02
3.74003894E-01  7.87765408E+00  6.68294132E-02
3.74395726E-01  8.05399513E+00  6.72897398E-02
3.74787559E-01  7.96264648E+00  6.66102916E-02
3.75179391E-01  8.05255604E+00  6.75303861E-02
3.75571223E-01  7.90753794E+00  6.65462986E-02
3.75963056E-01  7.96319103E+00  6.76525012E-02
3.76354888E-01  7.81724834E+00  6.65376037E-02
3.76746720E-01  7.77123165E+00  6.61004484E-02
3.77138552E-01  7.85638666E+00  6.73333108E-02
3.77530385E-01  7.99264193E+00  6.72244206E-02
3.77922217E-01  7.84432316E+00  6.78888708E-02
3.78314049E-01  7.99243784E+00  6.74713627E-02
3.78705881E-01  8.07492542E+00  6.82650805E-02
3.79097714E-01  7.93969107E+00  6.79649487E-02
3.79489546E-01  7.88804245E+00  6.74906969E-02
3.79881378E-01  7.99884176E+00  6.84963912E-02
3.80273210E-01  7.91571045E+00  6.73781186E-02
3.80665043E-01  7.97139072E+00  6.86806142E-02
3.81056875E-01  7.92458344E+00  6.83585703E-02
3.81448707E-01  7.83368587E+00  6.75317720E-02
3.81840539E-01  7.85831928E+00  6.85773641E-02
3.82232372E-01  7.91094112E+00  6.76692799E-02
3.82624204E-01  7.89587402E+00  6.90921322E-02
3.83016036E-01  7.95935345E+00  6.87122047E-02
3.83407869E-01  7.96454239E+00  6.85936138E-02
3.83799701E-01  7.88489676E+00  6.91285357E-02
3.84191533E-01  7.90634155E+00  6.83233365E-02
3.84583365E-01  7.80302095E+00  6.90613985E-02
3.84975198E-01  7.77622986E+00  6.79593906E-02
3.85367030E-01  7.87616348E+00  6.93430677E-02
3.85758862E-01  7.82167721E+00  6.89569563E-02
3.86150694E-01  7.72792959E+00  6.85015097E-02
3.86542527E-01  7.86854506E+00  6.95433319E-02
3.86934359E-01  7.77324009E+00  6.84554800E-02
3.87326191E-01  7.98377705E+00  7.03314096E-02
3.87718023E-01  7.94402504E+00  6.98134750E-02
3.88109856E-01  7.86038637E+00  6.92766905E-02
3.88501688E-01  7.93430185E+00  7.01793432E-02
3.88893520E-01  7.85787582E+00  6.96479008E-02
3.89285352E-01  7.88982582E+00  7.05292597E-02
3.89677185E-01  7.81250429E+00  6.93411455E-02
3.90069017E-01  7.81636238E+00  7.00913295E-02
3.90460849E-01  7.91331005E+00  7.03495666E-02
3.90852681E-01  7.90670967E+00  7.02770054E-02
3.91244514E-01  7.77407789E+00  7.01221600E-02
3.91636346E-01  7.94546938E+00  7.02973753E-02
3.92028178E-01  7.78372335E+00  7.02548996E-02
3.92420011E-01  7.95299149E+00  7.08368272E-02
3.92811843E-01  7.83822346E+00  7.04347789E-02
3.93203675E-01  7.73349237E+00  7.00071454E-02
3.93595507E-01  7.89781046E+00  7.04375952E-02
3.93987340E-01  7.82762671E+00  7.31553882E-02
3.94379172E-01  7.83431864E+00  7.31126368E-02
3.94771004E-01  7.87420893E+00  7.47050419E-02
3.95162836E-01  7.79828835E+00  7.44757354E-02
3.95554669E-01  7.82672930E+00  7.54701272E-02
3.95946501E-01  7.77976704E+00  7.68730640E-02
3.96338333E-01  7.81891823E+00  7.54334033E-02
3.96730165E-01  7.87410688E+00  7.80188367E-02
3.97121998E-01  7.94693661E+00  7.77841508E-02
3.97513830E-01  7.87421179E+00  7.83823878E-02
3.97905662E-01  7.86082840E+00  7.86830708E-02
3.98297494E-01  7.84880829E+00  7.83784315E-02
3.98689327E-01  7.94672203E+00  8.10047016E-02
3.99081159E-01  7.93887997E+00  7.99869373E-02
3.99472991E-01  7.82051897E+00  7.98053741E-02
3.99864824E-01  7.79922104E+00  8.01195875E-02
4.00256656E-01  7.75218201E+00  8.05728734E-02
4.00648488E-01  7.94747114E+00  8.32253024E-02
4.01040320E-01  7.78105307E+00  8.03238228E-02
4.01432153E-01  7.79995441E+00  8.22370127E-02
4.01823985E-01  7.86502647E+00  8.24026167E-02
4.02215817E-01  7.92034817E+00  8.35202858E-02
4.02607649E-01  7.89789009E+00  8.35486650E-02
4.02999482E-01  8.01749611E+00  8.39585960E-02
4.03391314E-01  7.89430761E+00  8.52703974E-02
4.03783146E-01  7.92090750E+00  8.46055746E-02
4.04174978E-01  7.93054581E+00  8.54279250E-02
4.04566811E-01  7.92068815E+00  8.44540149E-02
4.04958643E-01  7.90011120E+00  8.58555660E-02
4.05350475E-01  7.75299072E+00  8.56906399E-02
4.05742307E-01  7.86272430E+00  8.52982774E-02
4.06134140E-01  7.86269617E+00  8.63771811E-02
4.06525972E-01  7.97472715E+00  8.65031481E-02
4.06917804E-01  7.93388462E+00  8.71802792E-02
4.07309637E-01  7.84808826E+00  8.72494653E-02
4.07701469E-01  7.87582254E+00  8.68205205E-02
4.08093301E-01  7.76979017E+00  8.80094022E-02
4.08485133E-01  7.82416201E+00  8.76687765E-02
4.08876966E-01  7.81370115E+00  8.86547863E-02
4.09268798E-01  7.83364105E+00  8.76375586E-02
4.09660630E-01  7.86589432E+00  8.92642066E-02
4.10052462E-01  7.77641344E+00  8.94786865E-02
4.10444295E-01  7.81696558E+00  8.98501799E-02
4.10836127E-01  7.84783888E+00  9.00742337E-02
4.11227959E-01  8.02897644E+00  9.09219161E-02
4.11619791E-01  7.84496546E+00  9.09503922E-02
4.12011624E-01  7.83348227E+00  9.13157016E-02
4.12403456E-01  7.92038441E+00  9.16279182E-02
4.12795288E-01  8.06479549E+00  9.32486504E-02
4.13187120E-01  8.00707340E+00  9.35684219E-02
4.13578953E-01  7.95948887E+00  9.30886641E-02
4.13970785E-01  7.91732168E+00  9.31449607E-02
4.14362617E-01  7.71352720E+00  9.23924819E-02
4.14754449E-01  7.90609026E+00  9.42671970E-02
4.15146282E-01  8.07727051E+00  9.58190858E-02
4.15538114E-01  7.77465391E+00  9.36909318E-02
4.15929946E-01  8.01042080E+00  9.54230279E-02
4.16321779E-01  7.96132421E+00  9.64460000E-02
4.16713611E-01  7.95883799E+00  9.59872007E-02
4.17105443E-01  7.89146185E+00  9.66986343E-02
4.17497275E-01  7.78561783E+00  9.51022655E-02
4.17889108E-01  7.97044802E+00  9.75274816E-02
4.18280940E-01  7.73169947E+00  9.71561298E-02
4.18672772E-01  7.92075729E+00  9.75717306E-02
4.19064604E-01  7.98059177E+00  9.81748104E-02
4.19456437E-01  7.85255766E+00  9.88780111E-02
4.19848269E-01  7.90842342E+00  9.85019356E-02
4.20240101E-01  8.00472450E+00  1.00962296E-01
4.20631933E-01  7.86868143E+00  9.84354541E-02
4.21023766E-01  7.72647572E+00  9.91307274E-02
4.21415598E-01  7.68775892E+00  9.98326093E-02
4.21807430E-01  7.96061802E+00  1.01329021E-01
4.22199262E-01  7.66608047E+00  9.91838053E-02
4.22591095E-01  7.82950115E+00  1.01011105E-01
4.22982927E-01  7.87987995E+00  1.01864725E-01
4.23374759E-01  7.87371826E+00  1.02838792E-01
4.23766592E-01  8.02794838E+00  1.02219179E-01
4.24158424E-01  7.91098928E+00  1.02809504E-01
4.24550256E-01  7.81296206E+00  1.02855563E-01
4.24942088E-01  7.82650661E+00  1.02669753E-01
4.25333921E-01  8.01113319E+00  1.03874393E-01
4.25725753E-01  7.82267904E+00  1.02646045E-01
4.26117585E-01  7.92025852E+00  1.04622267E-01
4.26509417E-01  7.89179993E+00  1.04722530E-01
4.26901250E-01  7.84068060E+00  1.03042051E-01
4.27293082E-01  7.65688610E+00  1.02659144E-01
4.27684914E-01  7.73275948E+00  1.03592649E-01
4.28076746E-01  7.92774200E+00  1.05769061E-01
4.28468579E-01  8.12572765E+00  1.06193714E-01
4.28860411E-01  8.02567482E+00  1.05903946E-01
4.29252243E-01  7.87791634E+00  1.06487498E-01
4.29644075E-01  7.87109470E+00  1.06366143E-01
4.30035908E-01  7.90754843E+00  1.05490252E-01
4.30427740E-01  7.84605551E+00  1.06047146E-01


### HEADER:
#
#{
#    "analysis": {},
#    "calibration_params": {
#        "Beam_Center_X": 730.0374262707371,
#        "Beam_Center_Y": 675.3320572331704,
#        "Detector Tilt": 0.026259007459965275,
#        "Detector Tilt Plane Rotation": 73.53223173202183,
#        "Detector_X_Pixel_Size": 172.0,
#        "Detector_Y_Pixel_Size": 172.0,
#        "Integration Method": "nosplit_csr",
#        "Radial_Average_Method": "pyFAI",
#        "Sample-to-detector distance (mm)": 2662.970378639845,
#        "Wavelength (A)": 1.03320164497
#    },
#    "config_file": "C:\\Users\\Administrator\\AppData\\Local\\RAW\\backup.cfg",
#    "counters": {},
#    "filename": "3dac-37_0047_00003.tif",
#    "history": {},
#    "imageHeader": {
#        "Alpha": "0.0000 deg.",
#        "Angle_increment": "0.1000 deg.",
#        "Beam_xy": "(0.00, 0.00) pixels",
#        "Chi": "0.0000 deg.",
#        "Count_cutoff": "1157021 counts",
#        "Detector_2theta": "0.0000 deg.",
#        "Detector_Voffset": "0.00000 m",
#        "Detector_distance": "1.00000 m",
#        "Energy_range": "(0, 0) eV",
#        "Excluded_pixels": "badpix_mask.tif",
#        "Exposure_period": "1.1000000 s",
#        "Exposure_time": "1.0000000 s",
#        "Filter_transmission": "1.0000",
#        "Flat_field": "FF_p24-0163_E12000_T6000_vrf_m0p100.tif",
#        "Flux": "0.000000",
#        "Gain_setting": "autog (vrf = 1.000)",
#        "Image_path": "/user-data/2022/202209/20220910/hongliang/",
#        "Kappa": "0.0000 deg.",
#        "N_excluded_pixels": "61",
#        "N_oscillations": "1",
#        "Oscillation_axis": "X, CW",
#        "Phi": "0.0000 deg.",
#        "Pixel_size": "172e-6 m x 172e-6 m",
#        "Polarization": "0.990",
#        "Ratecorr_lut_directory": "ContinuousStandard_v1.1",
#        "Retrigger_mode": "1",
#        "Silicon": "sensor, thickness 0.000450",
#        "Start_angle": "0.2000 deg.",
#        "Tau": "0 s",
#        "Threshold_setting": "6000 eV",
#        "Trim_file": "p24-0163_E12000_T6000.bin",
#        "Wavelength (A)": "1.54000 A"
#    },
#    "load_path": "C:\\Users\\Administrator\\Desktop\\UserData\\2022\\202209\\20220910\\hongliang\\3dac-37_0047_00003.tif",
#    "normalizations": {
#        "Polarization": {
#            "Used": false
#        },
#        "Solid_Angle_Correction": "On"
#    },
#    "raw_version": "2.1.1"
#}

