### DATA:
#
# 1081
#      Q             I(Q)           Error     
7.24889685E-03  4.83164453E+03  8.30805111E+00
7.64072911E-03  4.12798633E+03  7.62501574E+00
8.03256137E-03  3.60579126E+03  7.07676649E+00
8.42439364E-03  3.11822754E+03  5.79046345E+00
8.81622590E-03  2.71308838E+03  5.46024561E+00
9.20805816E-03  2.37566772E+03  4.82607126E+00
9.59989042E-03  2.09903833E+03  4.44998264E+00
9.99172268E-03  1.85892249E+03  4.02052546E+00
1.03835549E-02  1.64852905E+03  3.63157058E+00
1.07753872E-02  1.47746875E+03  3.42432594E+00
1.11672195E-02  1.31394238E+03  3.09691429E+00
1.15590517E-02  1.18293665E+03  2.89649367E+00
1.19508840E-02  1.06863879E+03  2.65152121E+00
1.23427163E-02  9.63566162E+02  2.51779604E+00
1.27345485E-02  8.80919067E+02  2.34644103E+00
1.31263808E-02  7.98875488E+02  2.18065333E+00
1.35182130E-02  7.28194641E+02  2.03988910E+00
1.39100453E-02  6.64457458E+02  1.89007485E+00
1.43018776E-02  6.07824341E+02  1.82749152E+00
1.46937098E-02  5.61174683E+02  1.72313857E+00
1.50855421E-02  5.16867249E+02  1.56885242E+00
1.54773744E-02  4.74847443E+02  1.52943611E+00
1.58692066E-02  4.42958649E+02  1.43204653E+00
1.62610389E-02  4.08663544E+02  1.39169562E+00
1.66528711E-02  3.81092316E+02  1.29285645E+00
1.70447034E-02  3.57189117E+02  1.23815191E+00
1.74365357E-02  3.35928497E+02  1.19056225E+00
1.78283679E-02  3.12768097E+02  1.14878857E+00
1.82202002E-02  2.93841217E+02  1.12300467E+00
1.86120325E-02  2.77461334E+02  1.06419563E+00
1.90038647E-02  2.60662689E+02  1.02937913E+00
1.93956970E-02  2.47966751E+02  1.01435924E+00
1.97875292E-02  2.33800049E+02  9.67065871E-01
2.01793615E-02  2.23895615E+02  9.48259175E-01
2.05711938E-02  2.12757874E+02  9.11647379E-01
2.09630260E-02  2.02248047E+02  8.92338336E-01
2.13548583E-02  1.95058823E+02  8.74615252E-01
2.17466905E-02  1.83856125E+02  8.34529400E-01
2.21385228E-02  1.77072021E+02  8.18988323E-01
2.25303551E-02  1.68966751E+02  7.91085780E-01
2.29221873E-02  1.61731033E+02  7.82708049E-01
2.33140196E-02  1.58101166E+02  7.69515038E-01
2.37058519E-02  1.49558472E+02  7.26971984E-01
2.40976841E-02  1.44790176E+02  7.17830539E-01
2.44895164E-02  1.40161743E+02  6.94023132E-01
2.48813486E-02  1.35081604E+02  6.76694989E-01
2.52731809E-02  1.30094818E+02  6.50978744E-01
2.56650132E-02  1.25488129E+02  6.22350454E-01
2.60568454E-02  1.21044685E+02  6.18921638E-01
2.64486777E-02  1.16205299E+02  5.91630340E-01
2.68405100E-02  1.13845306E+02  5.82964182E-01
2.72323422E-02  1.09641960E+02  5.65390170E-01
2.76241745E-02  1.05263924E+02  5.43016136E-01
2.80160067E-02  1.02690033E+02  5.40901065E-01
2.84078390E-02  9.92050476E+01  5.19925714E-01
2.87996713E-02  9.50866776E+01  5.05587101E-01
2.91915035E-02  9.28131180E+01  4.88469779E-01
2.95833358E-02  9.01326218E+01  4.87673819E-01
2.99751681E-02  8.72729416E+01  4.77987289E-01
3.03670003E-02  8.52211380E+01  4.59294707E-01
3.07588326E-02  8.27242813E+01  4.51957524E-01
3.11506648E-02  7.96146164E+01  4.34359193E-01
3.15424971E-02  7.71257706E+01  4.34789211E-01
3.19343294E-02  7.51111908E+01  4.19910550E-01
3.23261616E-02  7.39685287E+01  4.13800627E-01
3.27179939E-02  7.06879654E+01  4.00371492E-01
3.31098262E-02  6.86466446E+01  3.92330617E-01
3.35016584E-02  6.72446976E+01  3.89616519E-01
3.38934907E-02  6.50825119E+01  3.73722792E-01
3.42853229E-02  6.39382019E+01  3.72023076E-01
3.46771552E-02  6.18969383E+01  3.62522513E-01
3.50689875E-02  6.08817825E+01  3.56895328E-01
3.54608197E-02  6.05021248E+01  3.55409414E-01
3.58526520E-02  5.87188416E+01  3.41677487E-01
3.62444842E-02  5.71575928E+01  3.40852320E-01
3.66363165E-02  5.51898155E+01  3.32910031E-01
3.70281488E-02  5.43690491E+01  3.26195359E-01
3.74199810E-02  5.30620041E+01  3.17622691E-01
3.78118133E-02  5.15928802E+01  3.06007385E-01
3.82036456E-02  4.94323578E+01  3.05120587E-01
3.85954778E-02  4.85300484E+01  2.95980960E-01
3.89873101E-02  4.79994392E+01  2.93039262E-01
3.93791423E-02  4.63633804E+01  2.86215514E-01
3.97709746E-02  4.50711212E+01  2.80714810E-01
4.01628069E-02  4.41524849E+01  2.82062590E-01
4.05546391E-02  4.30485191E+01  2.69670188E-01
4.09464714E-02  4.15777016E+01  2.65923411E-01
4.13383037E-02  4.09392204E+01  2.61877298E-01
4.17301359E-02  4.06108856E+01  2.59739816E-01
4.21219682E-02  3.95079346E+01  2.57907987E-01
4.25138004E-02  3.84594498E+01  2.48669475E-01
4.29056327E-02  3.75504990E+01  2.46308252E-01
4.32974650E-02  3.64598083E+01  2.40959510E-01
4.36892972E-02  3.58185577E+01  2.37511277E-01
4.40811295E-02  3.53388062E+01  2.37226620E-01
4.44729618E-02  3.43785477E+01  2.28238776E-01
4.48647940E-02  3.34400673E+01  2.28950262E-01
4.52566263E-02  3.31316147E+01  2.25432083E-01
4.56484585E-02  3.28931885E+01  2.20759645E-01
4.60402908E-02  3.19772873E+01  2.18966022E-01
4.64321231E-02  3.16694679E+01  2.14714438E-01
4.68239553E-02  3.08084488E+01  2.14605749E-01
4.72157876E-02  3.00854759E+01  2.08972275E-01
4.76076199E-02  2.96589184E+01  2.06143722E-01
4.79994521E-02  2.88874989E+01  2.02720538E-01
4.83912844E-02  2.90641594E+01  2.01344684E-01
4.87831166E-02  2.81658630E+01  1.99888647E-01
4.91749489E-02  2.80439281E+01  1.96144968E-01
4.95667812E-02  2.75872459E+01  1.93877771E-01
4.99586134E-02  2.68365307E+01  1.92804307E-01
5.03504457E-02  2.67280807E+01  1.90188497E-01
5.07422779E-02  2.62806206E+01  1.87828958E-01
5.11341102E-02  2.60040855E+01  1.84139237E-01
5.15259425E-02  2.53209934E+01  1.83630154E-01
5.19177747E-02  2.47047043E+01  1.80900693E-01
5.23096070E-02  2.43339062E+01  1.77435502E-01
5.27014393E-02  2.43742676E+01  1.76108032E-01
5.30932715E-02  2.38037586E+01  1.73703790E-01
5.34851038E-02  2.34860363E+01  1.73756257E-01
5.38769360E-02  2.32297401E+01  1.71163559E-01
5.42687683E-02  2.30376015E+01  1.69284329E-01
5.46606006E-02  2.29039040E+01  1.68270111E-01
5.50524328E-02  2.22841244E+01  1.64760500E-01
5.54442651E-02  2.19248791E+01  1.64634794E-01
5.58360974E-02  2.16977978E+01  1.60158619E-01
5.62279296E-02  2.16546059E+01  1.61534071E-01
5.66197619E-02  2.13135014E+01  1.59300134E-01
5.70115941E-02  2.09627380E+01  1.57144427E-01
5.74034264E-02  2.04807587E+01  1.56064540E-01
5.77952587E-02  2.06198826E+01  1.54227972E-01
5.81870909E-02  2.03549423E+01  1.53057650E-01
5.85789232E-02  2.03438568E+01  1.53104216E-01
5.89707555E-02  1.95323219E+01  1.48993209E-01
5.93625877E-02  1.92655659E+01  1.48056567E-01
5.97544200E-02  1.96090546E+01  1.47290856E-01
6.01462522E-02  1.92440643E+01  1.47638664E-01
6.05380845E-02  1.90061722E+01  1.45331070E-01
6.09299168E-02  1.87547836E+01  1.44447178E-01
6.13217490E-02  1.84002876E+01  1.45190537E-01
6.17135813E-02  1.85534420E+01  1.46044821E-01
6.21054136E-02  1.82584763E+01  1.47006944E-01
6.24972458E-02  1.77596874E+01  1.42722934E-01
6.28890781E-02  1.78381386E+01  1.44368574E-01
6.32809103E-02  1.74749813E+01  1.42393380E-01
6.36727426E-02  1.77628651E+01  1.44232512E-01
6.40645749E-02  1.72489929E+01  1.43225342E-01
6.44564071E-02  1.69667549E+01  1.40552714E-01
6.48482394E-02  1.72367687E+01  1.42331168E-01
6.52400716E-02  1.69912815E+01  1.40572712E-01
6.56319039E-02  1.65972557E+01  1.39502287E-01
6.60237362E-02  1.63857784E+01  1.38529643E-01
6.64155684E-02  1.66084862E+01  1.38418481E-01
6.68074007E-02  1.62804413E+01  1.38083935E-01
6.71992330E-02  1.60844078E+01  1.36850178E-01
6.75910652E-02  1.60168667E+01  1.36324868E-01
6.79828975E-02  1.60143299E+01  1.34836301E-01
6.83747297E-02  1.58556128E+01  1.31578445E-01
6.87665620E-02  1.56722155E+01  1.31030157E-01
6.91583943E-02  1.56895351E+01  1.29137442E-01
6.95502265E-02  1.55254269E+01  1.28665715E-01
6.99420588E-02  1.53104801E+01  1.25906676E-01
7.03338911E-02  1.54222460E+01  1.26039803E-01
7.07257233E-02  1.51180868E+01  1.25178203E-01
7.11175556E-02  1.49789209E+01  1.22769795E-01
7.15093878E-02  1.48482180E+01  1.22603729E-01
7.19012201E-02  1.50731030E+01  1.21874750E-01
7.22930524E-02  1.46359377E+01  1.20690554E-01
7.26848846E-02  1.47068138E+01  1.20742507E-01
7.30767169E-02  1.46711349E+01  1.19360387E-01
7.34685492E-02  1.44593735E+01  1.17981657E-01
7.38603814E-02  1.43577957E+01  1.17004924E-01
7.42522137E-02  1.43451872E+01  1.17402218E-01
7.46440459E-02  1.40782022E+01  1.15640096E-01
7.50358782E-02  1.42990122E+01  1.14971176E-01
7.54277105E-02  1.41601114E+01  1.16031416E-01
7.58195427E-02  1.39494953E+01  1.13715358E-01
7.62113750E-02  1.39858799E+01  1.13235787E-01
7.66032072E-02  1.38218842E+01  1.12261795E-01
7.69950395E-02  1.37331047E+01  1.11043714E-01
7.73868718E-02  1.36474934E+01  1.12322189E-01
7.77787040E-02  1.37991228E+01  1.10715859E-01
7.81705363E-02  1.35392647E+01  1.10257670E-01
7.85623686E-02  1.33810863E+01  1.08307168E-01
7.89542008E-02  1.34490166E+01  1.08629495E-01
7.93460331E-02  1.33954554E+01  1.08891748E-01
7.97378653E-02  1.32664433E+01  1.07326522E-01
8.01296976E-02  1.32177305E+01  1.06667466E-01
8.05215299E-02  1.33250532E+01  1.07192047E-01
8.09133621E-02  1.30496225E+01  1.05624281E-01
8.13051944E-02  1.31305466E+01  1.05815828E-01
8.16970267E-02  1.30327692E+01  1.04359046E-01
8.20888589E-02  1.27895164E+01  1.04432926E-01
8.24806912E-02  1.27883472E+01  1.03289820E-01
8.28725234E-02  1.26524019E+01  1.02739498E-01
8.32643557E-02  1.27267561E+01  1.02108546E-01
8.36561880E-02  1.25237846E+01  1.00674681E-01
8.40480202E-02  1.26653109E+01  1.02621272E-01
8.44398525E-02  1.24648962E+01  1.00275844E-01
8.48316848E-02  1.23676939E+01  1.00493915E-01
8.52235170E-02  1.24195957E+01  9.94937643E-02
8.56153493E-02  1.24648151E+01  9.99940857E-02
8.60071815E-02  1.23024054E+01  9.95404050E-02
8.63990138E-02  1.20953560E+01  9.73755196E-02
8.67908461E-02  1.24055367E+01  9.91618261E-02
8.71826783E-02  1.22832003E+01  9.75195020E-02
8.75745106E-02  1.23209085E+01  9.84727740E-02
8.79663429E-02  1.21141386E+01  9.70342830E-02
8.83581751E-02  1.22421217E+01  9.71688777E-02
8.87500074E-02  1.21312771E+01  9.65051502E-02
8.91418396E-02  1.21417656E+01  9.61786211E-02
8.95336719E-02  1.18096523E+01  9.50353891E-02
8.99255042E-02  1.19851074E+01  9.50152203E-02
9.03173364E-02  1.19281235E+01  9.46467891E-02
9.07091687E-02  1.18385458E+01  9.45752934E-02
9.11010009E-02  1.17181263E+01  9.32864174E-02
9.14928332E-02  1.18366127E+01  9.38615873E-02
9.18846655E-02  1.16872520E+01  9.24796909E-02
9.22764977E-02  1.18095341E+01  9.33042690E-02
9.26683300E-02  1.17459345E+01  9.44553688E-02
9.30601623E-02  1.18137512E+01  9.48719680E-02
9.34519945E-02  1.16638947E+01  9.46658626E-02
9.38438268E-02  1.15471153E+01  9.33345929E-02
9.42356590E-02  1.14048862E+01  9.36811492E-02
9.46274913E-02  1.14180002E+01  9.37351212E-02
9.50193236E-02  1.13853464E+01  9.29950699E-02
9.54111558E-02  1.15493069E+01  9.43091288E-02
9.58029881E-02  1.12916155E+01  9.14728269E-02
9.61948204E-02  1.14503784E+01  9.16734561E-02
9.65866526E-02  1.14815397E+01  9.11980346E-02
9.69784849E-02  1.13326559E+01  9.00523886E-02
9.73703171E-02  1.13582077E+01  9.06743556E-02
9.77621494E-02  1.11152658E+01  8.92166719E-02
9.81539817E-02  1.12329683E+01  8.95917937E-02
9.85458139E-02  1.12884359E+01  8.96529034E-02
9.89376462E-02  1.13879213E+01  9.06950757E-02
9.93294785E-02  1.11077948E+01  9.18910131E-02
9.97213107E-02  1.11620464E+01  9.21853706E-02
1.00113143E-01  1.12888861E+01  9.32774693E-02
1.00504975E-01  1.11775627E+01  9.29239914E-02
1.00896808E-01  1.12988033E+01  9.35351849E-02
1.01288640E-01  1.10347881E+01  9.36396495E-02
1.01680472E-01  1.10313759E+01  9.31456909E-02
1.02072304E-01  1.10062113E+01  9.20321271E-02
1.02464137E-01  1.10639153E+01  9.22377333E-02
1.02855969E-01  1.10162315E+01  9.18274373E-02
1.03247801E-01  1.09707279E+01  9.11163613E-02
1.03639633E-01  1.08654737E+01  9.07127038E-02
1.04031466E-01  1.07888985E+01  9.07367319E-02
1.04423298E-01  1.09667959E+01  9.14121866E-02
1.04815130E-01  1.07405834E+01  9.03271884E-02
1.05206962E-01  1.07567511E+01  9.02241841E-02
1.05598795E-01  1.07856922E+01  9.00058672E-02
1.05990627E-01  1.07781172E+01  9.01437551E-02
1.06382459E-01  1.08448009E+01  8.90895501E-02
1.06774291E-01  1.07396898E+01  8.84952322E-02
1.07166124E-01  1.05735312E+01  8.67090821E-02
1.07557956E-01  1.07391529E+01  8.71691406E-02
1.07949788E-01  1.04418364E+01  8.60759765E-02
1.08341620E-01  1.06900139E+01  8.60615969E-02
1.08733453E-01  1.06780996E+01  8.64035934E-02
1.09125285E-01  1.06539764E+01  8.50090384E-02
1.09517117E-01  1.06257391E+01  8.53314772E-02
1.09908950E-01  1.07132311E+01  8.54193196E-02
1.10300782E-01  1.04475460E+01  8.34496170E-02
1.10692614E-01  1.06370258E+01  8.45701247E-02
1.11084446E-01  1.06381693E+01  8.37625116E-02
1.11476279E-01  1.03785219E+01  8.26796740E-02
1.11868111E-01  1.05684481E+01  8.29159394E-02
1.12259943E-01  1.04356833E+01  8.22600350E-02
1.12651775E-01  1.03118706E+01  8.17707330E-02
1.13043608E-01  1.05969667E+01  8.22038576E-02
1.13435440E-01  1.03246908E+01  8.12187642E-02
1.13827272E-01  1.03412962E+01  8.06683823E-02
1.14219104E-01  1.02810831E+01  8.01816061E-02
1.14610937E-01  1.03094158E+01  8.06457475E-02
1.15002769E-01  1.03527231E+01  8.00614506E-02
1.15394601E-01  1.02580624E+01  8.01925212E-02
1.15786433E-01  1.03467712E+01  7.98413306E-02
1.16178266E-01  1.01987667E+01  7.96122923E-02
1.16570098E-01  1.03953133E+01  7.98812732E-02
1.16961930E-01  1.03716526E+01  7.90900066E-02
1.17353763E-01  1.03208904E+01  7.96439946E-02
1.17745595E-01  1.02577257E+01  7.83717856E-02
1.18137427E-01  1.02661171E+01  7.88535699E-02
1.18529259E-01  1.01377773E+01  7.76573271E-02
1.18921092E-01  1.02526579E+01  7.77274296E-02
1.19312924E-01  1.02525015E+01  7.82588050E-02
1.19704756E-01  1.02410183E+01  7.75012299E-02
1.20096588E-01  1.02746639E+01  7.79951885E-02
1.20488421E-01  1.01401348E+01  7.70962462E-02
1.20880253E-01  1.02423325E+01  7.70339742E-02
1.21272085E-01  1.00670843E+01  7.69084990E-02
1.21663917E-01  1.00394697E+01  7.60915354E-02
1.22055750E-01  1.01417341E+01  7.70127475E-02
1.22447582E-01  1.00587282E+01  7.58593157E-02
1.22839414E-01  1.00870190E+01  7.63379931E-02
1.23231246E-01  1.00529137E+01  7.61649981E-02
1.23623079E-01  9.97521019E+00  7.49888644E-02
1.24014911E-01  1.01931200E+01  7.63213784E-02
1.24406743E-01  1.01016417E+01  7.52722844E-02
1.24798575E-01  9.98533344E+00  7.52822533E-02
1.25190408E-01  1.00035734E+01  7.48224854E-02
1.25582240E-01  1.00521507E+01  7.48785585E-02
1.25974072E-01  9.94590759E+00  7.46694803E-02
1.26365905E-01  9.99988556E+00  7.41893277E-02
1.26757737E-01  9.89354706E+00  7.43896738E-02
1.27149569E-01  1.00060186E+01  7.42736831E-02
1.27541401E-01  9.99846077E+00  7.37196431E-02
1.27933234E-01  1.00356970E+01  7.41596669E-02
1.28325066E-01  9.92498493E+00  7.35284984E-02
1.28716898E-01  9.87367630E+00  7.33782947E-02
1.29108730E-01  9.90477276E+00  7.29199424E-02
1.29500563E-01  9.79682446E+00  7.24439621E-02
1.29892395E-01  9.70719433E+00  7.26585612E-02
1.30284227E-01  9.88214779E+00  7.25844055E-02
1.30676059E-01  9.68924236E+00  7.19877556E-02
1.31067892E-01  9.79683495E+00  7.18319491E-02
1.31459724E-01  9.67240143E+00  7.14497119E-02
1.31851556E-01  9.77605152E+00  7.21366853E-02
1.32243388E-01  9.74675751E+00  7.13115856E-02
1.32635221E-01  9.75814533E+00  7.13719875E-02
1.33027053E-01  9.66440010E+00  7.10099563E-02
1.33418885E-01  9.66632938E+00  7.11471513E-02
1.33810718E-01  9.68420982E+00  7.07517788E-02
1.34202550E-01  9.65349007E+00  7.02058077E-02
1.34594382E-01  9.68516064E+00  7.07738325E-02
1.34986214E-01  9.78358936E+00  7.09496140E-02
1.35378047E-01  9.72701550E+00  7.06173778E-02
1.35769879E-01  9.55550575E+00  6.95834309E-02
1.36161711E-01  9.68610001E+00  7.00220317E-02
1.36553543E-01  9.64972782E+00  6.98376074E-02
1.36945376E-01  9.69557285E+00  6.96874261E-02
1.37337208E-01  9.68292809E+00  6.96595535E-02
1.37729040E-01  9.52216721E+00  6.86506331E-02
1.38120872E-01  9.59295273E+00  6.89908490E-02
1.38512705E-01  9.66387081E+00  6.95044622E-02
1.38904537E-01  9.59466362E+00  6.83730319E-02
1.39296369E-01  9.67214298E+00  6.91555664E-02
1.39688201E-01  9.49382114E+00  6.81792423E-02
1.40080034E-01  9.65423393E+00  6.85854107E-02
1.40471866E-01  9.51761913E+00  6.81483448E-02
1.40863698E-01  9.57075214E+00  6.78930432E-02
1.41255531E-01  9.44722557E+00  6.74698576E-02
1.41647363E-01  9.56785011E+00  6.79648668E-02
1.42039195E-01  9.55589199E+00  6.76295608E-02
1.42431027E-01  9.47003841E+00  6.75192326E-02
1.42822860E-01  9.45406246E+00  6.69491440E-02
1.43214692E-01  9.56463814E+00  6.78070337E-02
1.43606524E-01  9.53019619E+00  6.75069019E-02
1.43998356E-01  9.52301025E+00  6.68301955E-02
1.44390189E-01  9.52918243E+00  6.80586398E-02
1.44782021E-01  9.42589092E+00  6.77053705E-02
1.45173853E-01  9.48417282E+00  6.84318617E-02
1.45565685E-01  9.61920834E+00  6.85967281E-02
1.45957518E-01  9.51143742E+00  6.87683597E-02
1.46349350E-01  9.47790146E+00  6.86642230E-02
1.46741182E-01  9.47579479E+00  6.88280091E-02
1.47133014E-01  9.35006142E+00  6.85414001E-02
1.47524847E-01  9.36813354E+00  6.83168694E-02
1.47916679E-01  9.35112190E+00  6.84425905E-02
1.48308511E-01  9.38040733E+00  6.85670003E-02
1.48700343E-01  9.35184669E+00  6.89127743E-02
1.49092176E-01  9.32031631E+00  6.83987364E-02
1.49484008E-01  9.44258308E+00  6.85885847E-02
1.49875840E-01  9.53783512E+00  6.95951432E-02
1.50267673E-01  9.37984943E+00  6.87726960E-02
1.50659505E-01  9.44774532E+00  6.90039396E-02
1.51051337E-01  9.35050392E+00  6.85962662E-02
1.51443169E-01  9.35982800E+00  6.74539506E-02
1.51835002E-01  9.33370781E+00  6.76728860E-02
1.52226834E-01  9.27304268E+00  6.66091964E-02
1.52618666E-01  9.37265015E+00  6.70142099E-02
1.53010498E-01  9.46338940E+00  6.67180717E-02
1.53402331E-01  9.35244083E+00  6.68782592E-02
1.53794163E-01  9.27683449E+00  6.60109892E-02
1.54185995E-01  9.29764938E+00  6.56704679E-02
1.54577827E-01  9.22066689E+00  6.53225556E-02
1.54969660E-01  9.40675831E+00  6.58266097E-02
1.55361492E-01  9.32957363E+00  6.59519136E-02
1.55753324E-01  9.32730579E+00  6.52338937E-02
1.56145156E-01  9.18982601E+00  6.46338016E-02
1.56536989E-01  9.25771427E+00  6.48869798E-02
1.56928821E-01  9.20574379E+00  6.46021143E-02
1.57320653E-01  9.20230961E+00  6.47664666E-02
1.57712486E-01  9.28090954E+00  6.42573684E-02
1.58104318E-01  9.18808746E+00  6.40350953E-02
1.58496150E-01  9.24541569E+00  6.43783733E-02
1.58887982E-01  9.26699257E+00  6.40108436E-02
1.59279815E-01  9.27489853E+00  6.42943978E-02
1.59671647E-01  9.23001480E+00  6.34503961E-02
1.60063479E-01  9.21479988E+00  6.39438853E-02
1.60455311E-01  9.25669670E+00  6.37650266E-02
1.60847144E-01  9.17883778E+00  6.33023307E-02
1.61238976E-01  9.24562454E+00  6.34080544E-02
1.61630808E-01  9.26764297E+00  6.30875379E-02
1.62022640E-01  9.14639664E+00  6.33290932E-02
1.62414473E-01  9.18436718E+00  6.28712401E-02
1.62806305E-01  9.13246441E+00  6.25056922E-02
1.63198137E-01  9.13959122E+00  6.26911744E-02
1.63589969E-01  9.20309448E+00  6.26002923E-02
1.63981802E-01  9.19027615E+00  6.28381148E-02
1.64373634E-01  9.16508389E+00  6.22596964E-02
1.64765466E-01  9.19728184E+00  6.21594079E-02
1.65157298E-01  9.04170990E+00  6.18656985E-02
1.65549131E-01  9.08627605E+00  6.18744269E-02
1.65940963E-01  9.01681423E+00  6.17025830E-02
1.66332795E-01  9.11629200E+00  6.13728203E-02
1.66724628E-01  9.09493923E+00  6.16326369E-02
1.67116460E-01  9.15859413E+00  6.18739165E-02
1.67508292E-01  9.19558525E+00  6.16778471E-02
1.67900124E-01  8.98838997E+00  6.09539971E-02
1.68291957E-01  9.08550358E+00  6.09189346E-02
1.68683789E-01  9.12251472E+00  6.16625473E-02
1.69075621E-01  9.03084946E+00  6.07109927E-02
1.69467453E-01  9.11851788E+00  6.09678626E-02
1.69859286E-01  9.03990173E+00  6.07169904E-02
1.70251118E-01  9.15025043E+00  6.09502196E-02
1.70642950E-01  9.05784607E+00  6.09765872E-02
1.71034782E-01  9.17359543E+00  6.07456267E-02
1.71426615E-01  9.15107918E+00  6.04892075E-02
1.71818447E-01  9.09495163E+00  6.03759550E-02
1.72210279E-01  9.12399101E+00  6.03999458E-02
1.72602111E-01  8.97848511E+00  5.99285252E-02
1.72993944E-01  8.99870586E+00  5.95810153E-02
1.73385776E-01  9.15702057E+00  6.02814034E-02
1.73777608E-01  9.03690815E+00  5.99800646E-02
1.74169441E-01  9.06281471E+00  5.95941246E-02
1.74561273E-01  9.06268883E+00  5.97225577E-02
1.74953105E-01  9.08769608E+00  5.94093986E-02
1.75344937E-01  8.89871788E+00  5.91685250E-02
1.75736770E-01  8.99722576E+00  5.92744313E-02
1.76128602E-01  9.04940510E+00  5.89878969E-02
1.76520434E-01  8.95150948E+00  5.88037632E-02
1.76912266E-01  8.96003246E+00  5.86287156E-02
1.77304099E-01  9.06970215E+00  5.93285412E-02
1.77695931E-01  9.02034378E+00  5.87697551E-02
1.78087763E-01  9.01921749E+00  5.86430542E-02
1.78479595E-01  8.90747356E+00  5.85132241E-02
1.78871428E-01  9.07372761E+00  5.87644130E-02
1.79263260E-01  9.06406307E+00  5.88339902E-02
1.79655092E-01  8.91901112E+00  5.81181832E-02
1.80046924E-01  9.03720188E+00  5.84800504E-02
1.80438757E-01  9.00731659E+00  5.86164966E-02
1.80830589E-01  8.98410606E+00  5.81437722E-02
1.81222421E-01  8.97501183E+00  5.82020395E-02
1.81614254E-01  8.95244884E+00  5.77493235E-02
1.82006086E-01  9.02380657E+00  5.83603866E-02
1.82397918E-01  9.06184578E+00  5.88505976E-02
1.82789750E-01  9.08684731E+00  5.88197783E-02
1.83181583E-01  9.11121368E+00  5.92261925E-02
1.83573415E-01  9.06438446E+00  5.91194592E-02
1.83965247E-01  8.86966610E+00  5.89714460E-02
1.84357079E-01  8.97624588E+00  5.87864220E-02
1.84748912E-01  9.00276756E+00  5.91813661E-02
1.85140744E-01  9.02186966E+00  5.92097864E-02
1.85532576E-01  8.91861343E+00  5.90999611E-02
1.85924408E-01  9.01463127E+00  5.96276708E-02
1.86316241E-01  8.89514732E+00  5.87474480E-02
1.86708073E-01  8.95182514E+00  5.93265556E-02
1.87099905E-01  8.92038345E+00  5.92340715E-02
1.87491737E-01  8.97445393E+00  5.93204051E-02
1.87883570E-01  9.00426960E+00  5.95356971E-02
1.88275402E-01  8.92637825E+00  5.90116568E-02
1.88667234E-01  8.88293934E+00  5.94499148E-02
1.89059066E-01  8.92119789E+00  5.90639450E-02
1.89450899E-01  8.83236790E+00  5.84732704E-02
1.89842731E-01  8.91978645E+00  5.84354624E-02
1.90234563E-01  8.99841595E+00  5.85028566E-02
1.90626396E-01  8.85282135E+00  5.84398769E-02
1.91018228E-01  8.79827118E+00  5.73180281E-02
1.91410060E-01  8.85630894E+00  5.76252453E-02
1.91801892E-01  8.87950897E+00  5.74007519E-02
1.92193725E-01  8.91838646E+00  5.75691387E-02
1.92585557E-01  8.83874989E+00  5.74611500E-02
1.92977389E-01  8.88629436E+00  5.69400340E-02
1.93369221E-01  8.89112377E+00  5.72905913E-02
1.93761054E-01  8.86626911E+00  5.69592416E-02
1.94152886E-01  8.83166504E+00  5.67756109E-02
1.94544718E-01  8.89189720E+00  5.69794402E-02
1.94936550E-01  8.90051460E+00  5.64239845E-02
1.95328383E-01  8.91147041E+00  5.70113063E-02
1.95720215E-01  8.87994385E+00  5.65716326E-02
1.96112047E-01  8.80022144E+00  5.61458319E-02
1.96503879E-01  8.83509445E+00  5.63580021E-02
1.96895712E-01  8.84507847E+00  5.58808669E-02
1.97287544E-01  8.77170467E+00  5.63075989E-02
1.97679376E-01  8.85494328E+00  5.58729880E-02
1.98071209E-01  8.81904984E+00  5.58089465E-02
1.98463041E-01  8.79378510E+00  5.56702502E-02
1.98854873E-01  8.86478615E+00  5.56796417E-02
1.99246705E-01  8.80418015E+00  5.59302866E-02
1.99638538E-01  8.84735394E+00  5.54031953E-02
2.00030370E-01  8.93084908E+00  5.58385327E-02
2.00422202E-01  8.77095509E+00  5.55012599E-02
2.00814034E-01  8.74899197E+00  5.50948866E-02
2.01205867E-01  8.88399410E+00  5.53748347E-02
2.01597699E-01  8.69754505E+00  5.45936748E-02
2.01989531E-01  8.75153160E+00  5.50367273E-02
2.02381363E-01  8.84998322E+00  5.51553443E-02
2.02773196E-01  8.81402302E+00  5.49397618E-02
2.03165028E-01  8.86925411E+00  5.51684052E-02
2.03556860E-01  8.79558277E+00  5.46773747E-02
2.03948692E-01  8.87148285E+00  5.50344810E-02
2.04340525E-01  8.71864700E+00  5.42725623E-02
2.04732357E-01  8.72879314E+00  5.43409847E-02
2.05124189E-01  8.69672394E+00  5.40680476E-02
2.05516021E-01  8.78591633E+00  5.44178672E-02
2.05907854E-01  8.84285450E+00  5.44477329E-02
2.06299686E-01  8.64237785E+00  5.37104532E-02
2.06691518E-01  8.84555149E+00  5.43654971E-02
2.07083351E-01  8.70822048E+00  5.37718646E-02
2.07475183E-01  8.68916512E+00  5.38382418E-02
2.07867015E-01  8.77698898E+00  5.38060665E-02
2.08258847E-01  8.77547836E+00  5.37927672E-02
2.08650680E-01  8.72018623E+00  5.35000861E-02
2.09042512E-01  8.76397800E+00  5.35905361E-02
2.09434344E-01  8.73112869E+00  5.34727052E-02
2.09826176E-01  8.76874065E+00  5.33876009E-02
2.10218009E-01  8.74507999E+00  5.34111112E-02
2.10609841E-01  8.68962574E+00  5.34334071E-02
2.11001673E-01  8.72613144E+00  5.30691966E-02
2.11393505E-01  8.78395939E+00  5.33567853E-02
2.11785338E-01  8.73861790E+00  5.30051440E-02
2.12177170E-01  8.64769745E+00  5.30533567E-02
2.12569002E-01  8.72122097E+00  5.31406514E-02
2.12960834E-01  8.74516010E+00  5.29068038E-02
2.13352667E-01  8.77946281E+00  5.31552024E-02
2.13744499E-01  8.75305939E+00  5.27292751E-02
2.14136331E-01  8.72632599E+00  5.30968942E-02
2.14528164E-01  8.77858067E+00  5.29493466E-02
2.14919996E-01  8.65973949E+00  5.24563007E-02
2.15311828E-01  8.67370129E+00  5.27249873E-02
2.15703660E-01  8.69114780E+00  5.23610599E-02
2.16095493E-01  8.71309948E+00  5.27186282E-02
2.16487325E-01  8.67643547E+00  5.23418188E-02
2.16879157E-01  8.71370888E+00  5.23225553E-02
2.17270989E-01  8.75538349E+00  5.28469384E-02
2.17662822E-01  8.72541142E+00  5.21377884E-02
2.18054654E-01  8.66843796E+00  5.23679517E-02
2.18446486E-01  8.63598251E+00  5.17737679E-02
2.18838318E-01  8.61903667E+00  5.17391637E-02
2.19230151E-01  8.66566753E+00  5.22037670E-02
2.19621983E-01  8.78083324E+00  5.21019064E-02
2.20013815E-01  8.74980259E+00  5.23912087E-02
2.20405647E-01  8.68408203E+00  5.17267175E-02
2.20797480E-01  8.77863121E+00  5.21200448E-02
2.21189312E-01  8.64771271E+00  5.17141484E-02
2.21581144E-01  8.62345791E+00  5.13337441E-02
2.21972977E-01  8.65141106E+00  5.16697876E-02
2.22364809E-01  8.69695091E+00  5.16232699E-02
2.22756641E-01  8.61304092E+00  5.14525548E-02
2.23148473E-01  8.62957191E+00  5.13683185E-02
2.23540306E-01  8.69164085E+00  5.13185486E-02
2.23932138E-01  8.71559048E+00  5.16004562E-02
2.24323970E-01  8.53952122E+00  5.08909225E-02
2.24715802E-01  8.65718555E+00  5.13104536E-02
2.25107635E-01  8.57712936E+00  5.08878380E-02
2.25499467E-01  8.62570477E+00  5.09017408E-02
2.25891299E-01  8.55672455E+00  5.09274714E-02
2.26283131E-01  8.70214272E+00  5.10049798E-02
2.26674964E-01  8.68083572E+00  5.12261838E-02
2.27066796E-01  8.71303844E+00  5.09612858E-02
2.27458628E-01  8.67524242E+00  5.13886027E-02
2.27850460E-01  8.61646557E+00  5.15521839E-02
2.28242293E-01  8.60548973E+00  5.12676723E-02
2.28634125E-01  8.60642624E+00  5.16179167E-02
2.29025957E-01  8.59501839E+00  5.15281856E-02
2.29417789E-01  8.72831726E+00  5.21681942E-02
2.29809622E-01  8.57650566E+00  5.18418998E-02
2.30201454E-01  8.63346100E+00  5.17716818E-02
2.30593286E-01  8.58404160E+00  5.19463196E-02
2.30985119E-01  8.63617516E+00  5.19413389E-02
2.31376951E-01  8.54288197E+00  5.18789999E-02
2.31768783E-01  8.57065105E+00  5.18008359E-02
2.32160615E-01  8.57367516E+00  5.18020838E-02
2.32552448E-01  8.60369492E+00  5.22531234E-02
2.32944280E-01  8.77287769E+00  5.24992719E-02
2.33336112E-01  8.64618683E+00  5.23492396E-02
2.33727944E-01  8.70660877E+00  5.23091666E-02
2.34119777E-01  8.62729740E+00  5.22924140E-02
2.34511609E-01  8.48797321E+00  5.12880199E-02
2.34903441E-01  8.61686897E+00  5.14066741E-02
2.35295273E-01  8.54654789E+00  5.10562509E-02
2.35687106E-01  8.65038586E+00  5.11713848E-02
2.36078938E-01  8.58478260E+00  5.11008017E-02
2.36470770E-01  8.57467270E+00  5.08705750E-02
2.36862602E-01  8.60541725E+00  5.06201014E-02
2.37254435E-01  8.53964806E+00  5.05845100E-02
2.37646267E-01  8.58619022E+00  5.05638942E-02
2.38038099E-01  8.59255028E+00  5.04929014E-02
2.38429932E-01  8.52621746E+00  5.00099361E-02
2.38821764E-01  8.58698082E+00  5.03429659E-02
2.39213596E-01  8.58788681E+00  5.03309816E-02
2.39605428E-01  8.68162632E+00  5.03098816E-02
2.39997261E-01  8.62483501E+00  5.04246987E-02
2.40389093E-01  8.63690948E+00  4.99126576E-02
2.40780925E-01  8.49611950E+00  4.99081425E-02
2.41172757E-01  8.53062248E+00  4.96478528E-02
2.41564590E-01  8.59978199E+00  4.98130247E-02
2.41956422E-01  8.59721661E+00  4.98416573E-02
2.42348254E-01  8.54776955E+00  4.94777262E-02
2.42740086E-01  8.63294506E+00  5.00538386E-02
2.43131919E-01  8.55739975E+00  4.94424403E-02
2.43523751E-01  8.51451778E+00  4.91438545E-02
2.43915583E-01  8.47835350E+00  4.92420085E-02
2.44307415E-01  8.55576229E+00  4.92491908E-02
2.44699248E-01  8.62028885E+00  4.96387184E-02
2.45091080E-01  8.52510834E+00  4.90297042E-02
2.45482912E-01  8.61323071E+00  4.92273010E-02
2.45874744E-01  8.64079285E+00  4.94940765E-02
2.46266577E-01  8.54579639E+00  4.88498732E-02
2.46658409E-01  8.51439571E+00  4.89446260E-02
2.47050241E-01  8.49940109E+00  4.85957824E-02
2.47442074E-01  8.55571651E+00  4.89401743E-02
2.47833906E-01  8.46669006E+00  4.85901758E-02
2.48225738E-01  8.61414528E+00  4.87211719E-02
2.48617570E-01  8.54571438E+00  4.86479402E-02
2.49009403E-01  8.51303387E+00  4.83617038E-02
2.49401235E-01  8.45130444E+00  4.85130660E-02
2.49793067E-01  8.51413822E+00  4.83321175E-02
2.50184899E-01  8.49061203E+00  4.80555333E-02
2.50576732E-01  8.50957584E+00  4.83858064E-02
2.50968564E-01  8.51604843E+00  4.81017530E-02
2.51360396E-01  8.53950405E+00  4.83849868E-02
2.51752228E-01  8.49496269E+00  4.79451902E-02
2.52144061E-01  8.49342918E+00  4.80384044E-02
2.52535893E-01  8.46036911E+00  4.80951257E-02
2.52927725E-01  8.48237133E+00  4.78779413E-02
2.53319557E-01  8.47834587E+00  4.80353758E-02
2.53711390E-01  8.45907974E+00  4.76267524E-02
2.54103222E-01  8.45161152E+00  4.77980673E-02
2.54495054E-01  8.42307854E+00  4.77690399E-02
2.54886887E-01  8.55468464E+00  4.78445701E-02
2.55278719E-01  8.52599239E+00  4.78347130E-02
2.55670551E-01  8.46001053E+00  4.75604348E-02
2.56062383E-01  8.41854954E+00  4.76476736E-02
2.56454216E-01  8.56677818E+00  4.79047149E-02
2.56846048E-01  8.41736603E+00  4.72773798E-02
2.57237880E-01  8.42369843E+00  4.73204143E-02
2.57629712E-01  8.49579811E+00  4.75353077E-02
2.58021545E-01  8.46386242E+00  4.74272035E-02
2.58413377E-01  8.45808315E+00  4.72673550E-02
2.58805209E-01  8.47199631E+00  4.72566411E-02
2.59197041E-01  8.49562836E+00  4.74601276E-02
2.59588874E-01  8.43934155E+00  4.71596718E-02
2.59980706E-01  8.46323109E+00  4.71337475E-02
2.60372538E-01  8.49353886E+00  4.70767543E-02
2.60764370E-01  8.58889675E+00  4.74517420E-02
2.61156203E-01  8.37232304E+00  4.69666421E-02
2.61548035E-01  8.44821930E+00  4.68298793E-02
2.61939867E-01  8.51007652E+00  4.72155809E-02
2.62331700E-01  8.46196842E+00  4.67776321E-02
2.62723532E-01  8.47913837E+00  4.70135473E-02
2.63115364E-01  8.48560047E+00  4.68674637E-02
2.63507196E-01  8.42184448E+00  4.66071293E-02
2.63899029E-01  8.44920540E+00  4.67793196E-02
2.64290861E-01  8.44092274E+00  4.65944149E-02
2.64682693E-01  8.45965099E+00  4.67362665E-02
2.65074525E-01  8.44766903E+00  4.64824662E-02
2.65466358E-01  8.51499081E+00  4.70470227E-02
2.65858190E-01  8.39876938E+00  4.69630249E-02
2.66250022E-01  8.45443821E+00  4.70141023E-02
2.66641854E-01  8.44183636E+00  4.72385660E-02
2.67033687E-01  8.51140881E+00  4.72404286E-02
2.67425519E-01  8.42123795E+00  4.73626740E-02
2.67817351E-01  8.49702072E+00  4.75250445E-02
2.68209183E-01  8.45602798E+00  4.72293235E-02
2.68601016E-01  8.42912388E+00  4.73665893E-02
2.68992848E-01  8.43731403E+00  4.74275909E-02
2.69384680E-01  8.48127460E+00  4.78252992E-02
2.69776512E-01  8.40926266E+00  4.72549796E-02
2.70168345E-01  8.45859623E+00  4.74879891E-02
2.70560177E-01  8.52935028E+00  4.78776731E-02
2.70952009E-01  8.33819103E+00  4.72057089E-02
2.71343842E-01  8.44020557E+00  4.76847775E-02
2.71735674E-01  8.43972969E+00  4.75751497E-02
2.72127506E-01  8.46180820E+00  4.76821847E-02
2.72519338E-01  8.35133743E+00  4.74400595E-02
2.72911171E-01  8.42611790E+00  4.76074666E-02
2.73303003E-01  8.38278484E+00  4.74787205E-02
2.73694835E-01  8.39179993E+00  4.74218950E-02
2.74086667E-01  8.44118404E+00  4.79798615E-02
2.74478500E-01  8.41171741E+00  4.74912450E-02
2.74870332E-01  8.36849499E+00  4.74900417E-02
2.75262164E-01  8.40901661E+00  4.74903807E-02
2.75653996E-01  8.37496185E+00  4.75535505E-02
2.76045829E-01  8.33166981E+00  4.76492345E-02
2.76437661E-01  8.38656616E+00  4.74529713E-02
2.76829493E-01  8.40862656E+00  4.76304367E-02
2.77221325E-01  8.30624866E+00  4.73461561E-02
2.77613158E-01  8.44495773E+00  4.77657840E-02
2.78004990E-01  8.40041828E+00  4.76719700E-02
2.78396822E-01  8.43038940E+00  4.75905985E-02
2.78788655E-01  8.34868526E+00  4.75895964E-02
2.79180487E-01  8.44063568E+00  4.77994792E-02
2.79572319E-01  8.32559776E+00  4.73389328E-02
2.79964151E-01  8.30854321E+00  4.73669320E-02
2.80355984E-01  8.42116070E+00  4.75210883E-02
2.80747816E-01  8.32428741E+00  4.75790091E-02
2.81139648E-01  8.40173531E+00  4.75685075E-02
2.81531480E-01  8.41019726E+00  4.76952195E-02
2.81923313E-01  8.36676693E+00  4.74252850E-02
2.82315145E-01  8.39173126E+00  4.75408323E-02
2.82706977E-01  8.37666225E+00  4.76778597E-02
2.83098809E-01  8.38607597E+00  4.73035239E-02
2.83490642E-01  8.47891712E+00  4.78714071E-02
2.83882474E-01  8.37311554E+00  4.73745912E-02
2.84274306E-01  8.39032745E+00  4.74742539E-02
2.84666138E-01  8.39477921E+00  4.75443676E-02
2.85057971E-01  8.40066051E+00  4.74341139E-02
2.85449803E-01  8.37691784E+00  4.75324839E-02
2.85841635E-01  8.36947250E+00  4.73464020E-02
2.86233467E-01  8.34587765E+00  4.73114401E-02
2.86625300E-01  8.37982750E+00  4.76311147E-02
2.87017132E-01  8.35859680E+00  4.77128029E-02
2.87408964E-01  8.37523651E+00  4.83077765E-02
2.87800797E-01  8.38271618E+00  4.79843505E-02
2.88192629E-01  8.32499790E+00  4.83244397E-02
2.88584461E-01  8.29506779E+00  4.80633304E-02
2.88976293E-01  8.28377533E+00  4.81916331E-02
2.89368126E-01  8.38472748E+00  4.88268770E-02
2.89759958E-01  8.43033600E+00  4.86369133E-02
2.90151790E-01  8.37051964E+00  4.88969274E-02
2.90543622E-01  8.34241581E+00  4.86904047E-02
2.90935455E-01  8.37322712E+00  4.90661822E-02
2.91327287E-01  8.29727554E+00  4.87805083E-02
2.91719119E-01  8.33607674E+00  4.87140119E-02
2.92110951E-01  8.33721638E+00  4.91762049E-02
2.92502784E-01  8.27610493E+00  4.91001047E-02
2.92894616E-01  8.21086407E+00  4.93494309E-02
2.93286448E-01  8.42660618E+00  5.02117723E-02
2.93678280E-01  8.32575607E+00  4.97772507E-02
2.94070113E-01  8.35608196E+00  5.06708473E-02
2.94461945E-01  8.32633686E+00  5.02435118E-02
2.94853777E-01  8.25458431E+00  5.04709408E-02
2.95245610E-01  8.41049671E+00  5.09455800E-02
2.95637442E-01  8.25373268E+00  5.07032350E-02
2.96029274E-01  8.34504986E+00  5.13106920E-02
2.96421106E-01  8.33251572E+00  5.10085002E-02
2.96812939E-01  8.30291080E+00  5.14163859E-02
2.97204771E-01  8.25628281E+00  5.12476601E-02
2.97596603E-01  8.32321453E+00  5.17679304E-02
2.97988435E-01  8.29807091E+00  5.17730266E-02
2.98380268E-01  8.26392555E+00  5.15259020E-02
2.98772100E-01  8.29637718E+00  5.21557853E-02
2.99163932E-01  8.24812698E+00  5.19109592E-02
2.99555764E-01  8.35304260E+00  5.23426645E-02
2.99947597E-01  8.30519772E+00  5.21586984E-02
3.00339429E-01  8.26438808E+00  5.22184744E-02
3.00731261E-01  8.35497284E+00  5.28351478E-02
3.01123093E-01  8.30859756E+00  5.24360910E-02
3.01514926E-01  8.27794075E+00  5.27674966E-02
3.01906758E-01  8.33745956E+00  5.27191274E-02
3.02298590E-01  8.28962326E+00  5.30547425E-02
3.02690423E-01  8.28865814E+00  5.29802516E-02
3.03082255E-01  8.27241993E+00  5.28840199E-02
3.03474087E-01  8.25353527E+00  5.32652475E-02
3.03865919E-01  8.27778721E+00  5.31348400E-02
3.04257752E-01  8.29049397E+00  5.36705591E-02
3.04649584E-01  8.17709637E+00  5.28921336E-02
3.05041416E-01  8.26990414E+00  5.33831120E-02
3.05433248E-01  8.29620266E+00  5.36805205E-02
3.05825081E-01  8.24381542E+00  5.34648038E-02
3.06216913E-01  8.17979813E+00  5.37041612E-02
3.06608745E-01  8.19721699E+00  5.33785634E-02
3.07000577E-01  8.26070499E+00  5.39696403E-02
3.07392410E-01  8.17240810E+00  5.39753400E-02
3.07784242E-01  8.29679108E+00  5.40120862E-02
3.08176074E-01  8.17226028E+00  5.41197434E-02
3.08567906E-01  8.27306366E+00  5.41347861E-02
3.08959739E-01  8.27207470E+00  5.46550564E-02
3.09351571E-01  8.19343758E+00  5.43362945E-02
3.09743403E-01  8.28671360E+00  5.43242134E-02
3.10135235E-01  8.23825645E+00  5.46720065E-02
3.10527068E-01  8.35484695E+00  5.55314012E-02
3.10918900E-01  8.17234898E+00  5.58324270E-02
3.11310732E-01  8.23617172E+00  5.58490418E-02
3.11702565E-01  8.22318649E+00  5.63933477E-02
3.12094397E-01  8.23956966E+00  5.70461787E-02
3.12486229E-01  8.31382561E+00  5.71346357E-02
3.12878061E-01  8.19616699E+00  5.74297048E-02
3.13269894E-01  8.20670795E+00  5.72038405E-02
3.13661726E-01  8.32270527E+00  5.84845655E-02
3.14053558E-01  8.25901318E+00  5.84643893E-02
3.14445390E-01  8.17603302E+00  5.77786267E-02
3.14837223E-01  8.26495838E+00  5.90113364E-02
3.15229055E-01  8.23352623E+00  5.86659126E-02
3.15620887E-01  8.19130802E+00  5.95279075E-02
3.16012719E-01  8.24474144E+00  5.92014194E-02
3.16404552E-01  8.17577934E+00  5.93570918E-02
3.16796384E-01  8.30181694E+00  6.02150373E-02
3.17188216E-01  8.17643738E+00  6.00074157E-02
3.17580048E-01  8.33163643E+00  6.01409376E-02
3.17971881E-01  8.25213242E+00  5.87954968E-02
3.18363713E-01  8.23660183E+00  5.92117123E-02
3.18755545E-01  8.22977829E+00  5.92377074E-02
3.19147378E-01  8.21691990E+00  5.90290502E-02
3.19539210E-01  8.17605495E+00  5.88327236E-02
3.19931042E-01  8.21092319E+00  5.87604828E-02
3.20322874E-01  8.13719082E+00  5.90302832E-02
3.20714707E-01  8.17306232E+00  5.86746335E-02
3.21106539E-01  8.26306915E+00  5.90219237E-02
3.21498371E-01  8.21316624E+00  5.89427948E-02
3.21890203E-01  8.13942146E+00  5.88516667E-02
3.22282036E-01  8.24295044E+00  5.96563891E-02
3.22673868E-01  8.19047928E+00  5.83725274E-02
3.23065700E-01  8.15546608E+00  5.90232462E-02
3.23457532E-01  8.16546059E+00  5.86987697E-02
3.23849365E-01  8.04675293E+00  5.87416850E-02
3.24241197E-01  8.26126766E+00  5.92422485E-02
3.24633029E-01  8.16209030E+00  5.88236824E-02
3.25024861E-01  8.05945110E+00  5.87889701E-02
3.25416694E-01  8.09415722E+00  5.86533099E-02
3.25808526E-01  8.11427498E+00  5.89012466E-02
3.26200358E-01  8.13753414E+00  5.90110347E-02
3.26592190E-01  8.11454678E+00  5.89405000E-02
3.26984023E-01  8.03155422E+00  5.88775501E-02
3.27375855E-01  8.11132717E+00  5.87792806E-02
3.27767687E-01  8.12609863E+00  5.90337552E-02
3.28159520E-01  8.12298870E+00  5.89598455E-02
3.28551352E-01  8.26607513E+00  5.97065948E-02
3.28943184E-01  8.00376225E+00  5.89293018E-02
3.29335016E-01  8.16686535E+00  5.92081696E-02
3.29726849E-01  8.17685413E+00  5.97966835E-02
3.30118681E-01  8.09773254E+00  5.92751577E-02
3.30510513E-01  8.17249680E+00  5.96516728E-02
3.30902345E-01  8.04460335E+00  5.92862703E-02
3.31294178E-01  8.07833195E+00  5.94107397E-02
3.31686010E-01  8.18400002E+00  6.03923537E-02
3.32077842E-01  8.10109329E+00  5.96378446E-02
3.32469674E-01  8.10441685E+00  5.97157329E-02
3.32861507E-01  8.03407097E+00  5.97580671E-02
3.33253339E-01  7.99151421E+00  5.95867522E-02
3.33645171E-01  8.08573055E+00  6.04474060E-02
3.34037003E-01  8.06667328E+00  5.97744621E-02
3.34428836E-01  8.01594067E+00  6.00786395E-02
3.34820668E-01  8.13515472E+00  6.06055669E-02
3.35212500E-01  8.18869400E+00  6.09283894E-02
3.35604333E-01  7.89846849E+00  5.99747226E-02
3.35996165E-01  8.15915108E+00  6.05328865E-02
3.36387997E-01  8.19377708E+00  6.14494868E-02
3.36779829E-01  8.14919853E+00  6.07962981E-02
3.37171662E-01  8.08351517E+00  6.08402528E-02
3.37563494E-01  8.19609928E+00  6.12348691E-02
3.37955326E-01  8.13914394E+00  6.10638112E-02
3.38347158E-01  8.07174110E+00  6.15017712E-02
3.38738991E-01  8.00139904E+00  6.05593398E-02
3.39130823E-01  8.12618637E+00  6.13528639E-02
3.39522655E-01  8.13081646E+00  6.14983514E-02
3.39914487E-01  8.02084064E+00  6.07866272E-02
3.40306320E-01  7.97733498E+00  6.14733361E-02
3.40698152E-01  8.03667927E+00  6.07637353E-02
3.41089984E-01  7.97449780E+00  6.13187142E-02
3.41481816E-01  8.02750874E+00  6.11647479E-02
3.41873649E-01  7.97034359E+00  6.11315444E-02
3.42265481E-01  8.07947063E+00  6.17509559E-02
3.42657313E-01  8.07241726E+00  6.12373203E-02
3.43049146E-01  7.98956680E+00  6.16683848E-02
3.43440978E-01  8.10350227E+00  6.16990104E-02
3.43832810E-01  8.02600479E+00  6.16201125E-02
3.44224642E-01  8.06976700E+00  6.19487949E-02
3.44616475E-01  8.07678413E+00  6.18008673E-02
3.45008307E-01  8.01781559E+00  6.21928647E-02
3.45400139E-01  7.98973083E+00  6.13090992E-02
3.45791971E-01  7.99407387E+00  6.19677044E-02
3.46183804E-01  8.04360485E+00  6.20116331E-02
3.46575636E-01  7.99463844E+00  6.17056899E-02
3.46967468E-01  7.99636269E+00  6.22459427E-02
3.47359300E-01  8.00676823E+00  6.17093071E-02
3.47751133E-01  8.00897598E+00  6.24767691E-02
3.48142965E-01  8.05124760E+00  6.21019416E-02
3.48534797E-01  7.97533655E+00  6.19715899E-02
3.48926629E-01  8.11499882E+00  6.28899634E-02
3.49318462E-01  8.06752968E+00  6.23742826E-02
3.49710294E-01  8.03080273E+00  6.28077686E-02
3.50102126E-01  8.04796791E+00  6.24492988E-02
3.50493958E-01  8.13168812E+00  6.33723512E-02
3.50885791E-01  7.94316673E+00  6.22979105E-02
3.51277623E-01  7.98594761E+00  6.26488551E-02
3.51669455E-01  7.91470766E+00  6.25068322E-02
3.52061288E-01  8.06817818E+00  6.29405156E-02
3.52453120E-01  7.99035215E+00  6.34795055E-02
3.52844952E-01  8.09256363E+00  6.31288290E-02
3.53236784E-01  7.94205236E+00  6.29885346E-02
3.53628617E-01  7.94118547E+00  6.31267577E-02
3.54020449E-01  8.03170300E+00  6.31869361E-02
3.54412281E-01  7.97854853E+00  6.37712702E-02
3.54804113E-01  8.00461102E+00  6.30186647E-02
3.55195946E-01  7.96481752E+00  6.37818426E-02
3.55587778E-01  7.99374056E+00  6.34004697E-02
3.55979610E-01  7.92734241E+00  6.33114576E-02
3.56371442E-01  8.06746292E+00  6.44716546E-02
3.56763275E-01  7.96038961E+00  6.34440035E-02
3.57155107E-01  7.86917496E+00  6.38884157E-02
3.57546939E-01  7.97753000E+00  6.36250824E-02
3.57938771E-01  7.99728346E+00  6.41757175E-02
3.58330604E-01  7.91572857E+00  6.41775951E-02
3.58722436E-01  7.82386637E+00  6.31861687E-02
3.59114268E-01  8.10736370E+00  6.51872382E-02
3.59506101E-01  7.90648413E+00  6.38117939E-02
3.59897933E-01  8.00544262E+00  6.51516840E-02
3.60289765E-01  7.96678448E+00  6.43361881E-02
3.60681597E-01  7.98098278E+00  6.43606707E-02
3.61073430E-01  7.99983788E+00  6.51643649E-02
3.61465262E-01  7.96704292E+00  6.45724162E-02
3.61857094E-01  7.98524857E+00  6.53650835E-02
3.62248926E-01  7.93642521E+00  6.45835772E-02
3.62640759E-01  7.93245316E+00  6.48395717E-02
3.63032591E-01  7.77906466E+00  6.46372885E-02
3.63424423E-01  7.88771248E+00  6.45212978E-02
3.63816255E-01  8.10939026E+00  6.61732033E-02
3.64208088E-01  7.85278416E+00  6.45146221E-02
3.64599920E-01  7.86153936E+00  6.55789003E-02
3.64991752E-01  7.82249069E+00  6.48193583E-02
3.65383584E-01  7.92531729E+00  6.52096272E-02
3.65775417E-01  7.91468048E+00  6.57119825E-02
3.66167249E-01  7.87658215E+00  6.51313215E-02
3.66559081E-01  7.86212397E+00  6.61617741E-02
3.66950914E-01  7.95776796E+00  6.49814010E-02
3.67342746E-01  7.91315031E+00  6.57786801E-02
3.67734578E-01  8.00449657E+00  6.61935657E-02
3.68126410E-01  7.82772207E+00  6.53878674E-02
3.68518243E-01  7.89761209E+00  6.60755038E-02
3.68910075E-01  7.90782118E+00  6.54209554E-02
3.69301907E-01  7.84485054E+00  6.60187528E-02
3.69693739E-01  7.89846039E+00  6.58273622E-02
3.70085572E-01  7.97513533E+00  6.60026893E-02
3.70477404E-01  7.99571991E+00  6.66333139E-02
3.70869236E-01  7.90417814E+00  6.59966022E-02
3.71261068E-01  7.99958420E+00  6.72281459E-02
3.71652901E-01  7.90664053E+00  6.59895688E-02
3.72044733E-01  7.75124788E+00  6.54819459E-02
3.72436565E-01  7.88871622E+00  6.63714558E-02
3.72828397E-01  7.82433510E+00  6.58088326E-02
3.73220230E-01  7.83258581E+00  6.65621459E-02
3.73612062E-01  7.81526995E+00  6.55912161E-02
3.74003894E-01  7.81699133E+00  6.65716007E-02
3.74395726E-01  7.83923674E+00  6.63865507E-02
3.74787559E-01  7.95205927E+00  6.65659904E-02
3.75179391E-01  7.91097498E+00  6.69340864E-02
3.75571223E-01  7.86497593E+00  6.63669705E-02
3.75963056E-01  7.72926712E+00  6.66514263E-02
3.76354888E-01  7.85066271E+00  6.66796640E-02
3.76746720E-01  7.78809834E+00  6.61721453E-02
3.77138552E-01  7.74674082E+00  6.68618008E-02
3.77530385E-01  7.80040264E+00  6.64110631E-02
3.77922217E-01  7.96888256E+00  6.84257448E-02
3.78314049E-01  7.86940718E+00  6.69500455E-02
3.78705881E-01  7.85100698E+00  6.73119277E-02
3.79097714E-01  7.83147812E+00  6.75002038E-02
3.79489546E-01  7.81470585E+00  6.71762228E-02
3.79881378E-01  7.89208889E+00  6.80377781E-02
3.80273210E-01  7.89907837E+00  6.73073009E-02
3.80665043E-01  7.77907372E+00  6.78470656E-02
3.81056875E-01  7.86561632E+00  6.81037679E-02
3.81448707E-01  7.74519587E+00  6.71492666E-02
3.81840539E-01  7.97561646E+00  6.90872744E-02
3.82232372E-01  7.86926508E+00  6.74908012E-02
3.82624204E-01  7.82513762E+00  6.87819496E-02
3.83016036E-01  7.88995075E+00  6.84119761E-02
3.83407869E-01  7.83457661E+00  6.80316538E-02
3.83799701E-01  7.64368296E+00  6.80629387E-02
3.84191533E-01  7.86619282E+00  6.81496412E-02
3.84583365E-01  7.82135820E+00  6.91424981E-02
3.84975198E-01  7.84156132E+00  6.82442710E-02
3.85367030E-01  7.75345135E+00  6.88007548E-02
3.85758862E-01  7.73231077E+00  6.85618967E-02
3.86150694E-01  7.75282526E+00  6.86117560E-02
3.86542527E-01  7.95090580E+00  6.99063465E-02
3.86934359E-01  7.92093992E+00  6.91027865E-02
3.87326191E-01  7.81587362E+00  6.95879310E-02
3.87718023E-01  7.69615746E+00  6.87156916E-02
3.88109856E-01  7.75903273E+00  6.88286051E-02
3.88501688E-01  7.74497604E+00  6.93369880E-02
3.88893520E-01  7.90170574E+00  6.98418692E-02
3.89285352E-01  7.85136652E+00  7.03571513E-02
3.89677185E-01  7.75834513E+00  6.91003799E-02
3.90069017E-01  7.68499994E+00  6.94998577E-02
3.90460849E-01  7.83138132E+00  6.99844435E-02
3.90852681E-01  7.84424543E+00  6.99988529E-02
3.91244514E-01  7.78040266E+00  7.01506734E-02
3.91636346E-01  7.70601702E+00  6.92299977E-02
3.92028178E-01  7.74821281E+00  7.00944662E-02
3.92420011E-01  7.69178247E+00  6.96638301E-02
3.92811843E-01  7.81100750E+00  7.03123957E-02
3.93203675E-01  7.68279362E+00  6.97772875E-02
3.93595507E-01  7.77091265E+00  6.98694289E-02
3.93987340E-01  7.78318691E+00  7.29474276E-02
3.94379172E-01  7.79269743E+00  7.29181692E-02
3.94771004E-01  7.81892633E+00  7.44423345E-02
3.95162836E-01  7.77410555E+00  7.43601695E-02
3.95554669E-01  7.76923847E+00  7.51924366E-02
3.95946501E-01  7.80711222E+00  7.70080537E-02
3.96338333E-01  7.92808056E+00  7.59581476E-02
3.96730165E-01  7.77825117E+00  7.75424987E-02
3.97121998E-01  7.87613106E+00  7.74368569E-02
3.97513830E-01  7.61829185E+00  7.70981088E-02
3.97905662E-01  7.69464922E+00  7.78469443E-02
3.98297494E-01  7.74001455E+00  7.78333247E-02
3.98689327E-01  7.80057001E+00  8.02563429E-02
3.99081159E-01  7.76883602E+00  7.91256800E-02
3.99472991E-01  7.65357065E+00  7.89489523E-02
3.99864824E-01  7.67000246E+00  7.94531032E-02
4.00256656E-01  7.67346287E+00  8.01627412E-02
4.00648488E-01  7.68601274E+00  8.18448663E-02
4.01040320E-01  7.85982561E+00  8.07293877E-02
4.01432153E-01  7.71498346E+00  8.17878544E-02
4.01823985E-01  7.76056194E+00  8.18535462E-02
4.02215817E-01  7.73099279E+00  8.25158656E-02
4.02607649E-01  7.89700603E+00  8.35439861E-02
4.02999482E-01  7.82670784E+00  8.29536170E-02
4.03391314E-01  7.92470217E+00  8.54343995E-02
4.03783146E-01  7.73384237E+00  8.36005583E-02
4.04174978E-01  7.66367912E+00  8.39782730E-02
4.04566811E-01  7.78651524E+00  8.37356523E-02
4.04958643E-01  7.97008991E+00  8.62349719E-02
4.05350475E-01  7.65733337E+00  8.51603672E-02
4.05742307E-01  7.95711040E+00  8.58087167E-02
4.06134140E-01  7.79057884E+00  8.59801397E-02
4.06525972E-01  7.77580452E+00  8.54174644E-02
4.06917804E-01  7.86203671E+00  8.67846385E-02
4.07309637E-01  7.74721050E+00  8.66869092E-02
4.07701469E-01  7.83945322E+00  8.66198316E-02
4.08093301E-01  7.86250114E+00  8.85329247E-02
4.08485133E-01  7.91551733E+00  8.81791040E-02
4.08876966E-01  7.88713074E+00  8.90703797E-02
4.09268798E-01  7.82677794E+00  8.75991583E-02
4.09660630E-01  7.73420477E+00  8.85138363E-02
4.10052462E-01  7.69198799E+00  8.89916420E-02
4.10444295E-01  7.82109690E+00  8.98739174E-02
4.10836127E-01  7.72274494E+00  8.93534645E-02
4.11227959E-01  7.84158611E+00  8.98546278E-02
4.11619791E-01  7.97676945E+00  9.17112455E-02
4.12011624E-01  7.97718620E+00  9.21494812E-02
4.12403456E-01  7.88010406E+00  9.13946331E-02
4.12795288E-01  7.70252609E+00  9.11302269E-02
4.13187120E-01  7.74793434E+00  9.20418501E-02
4.13578953E-01  7.71670866E+00  9.16579738E-02
4.13970785E-01  7.69596529E+00  9.18336362E-02
4.14362617E-01  7.79099417E+00  9.28552672E-02
4.14754449E-01  7.66443396E+00  9.28153396E-02
4.15146282E-01  7.91472435E+00  9.48500559E-02
4.15538114E-01  7.79949331E+00  9.38404799E-02
4.15929946E-01  7.68759394E+00  9.34804380E-02
4.16321779E-01  7.67507172E+00  9.46962535E-02
4.16713611E-01  7.73078108E+00  9.46019664E-02
4.17105443E-01  7.75401258E+00  9.58528146E-02
4.17497275E-01  7.90178633E+00  9.58091468E-02
4.17889108E-01  7.91316652E+00  9.71763954E-02
4.18280940E-01  7.78419638E+00  9.74854156E-02
4.18672772E-01  7.78373671E+00  9.67241004E-02
4.19064604E-01  7.84532738E+00  9.73392650E-02
4.19456437E-01  7.64089870E+00  9.75363180E-02
4.19848269E-01  7.75138378E+00  9.75190401E-02
4.20240101E-01  7.93086624E+00  1.00495435E-01
4.20631933E-01  7.77509499E+00  9.78483260E-02
4.21023766E-01  7.76590300E+00  9.93833318E-02
4.21415598E-01  7.86147881E+00  1.00954264E-01
4.21807430E-01  7.59431601E+00  9.89702716E-02
4.22199262E-01  7.70842743E+00  9.94573757E-02
4.22591095E-01  7.53758907E+00  9.91101936E-02
4.22982927E-01  7.70342541E+00  1.00717738E-01
4.23374759E-01  7.84282494E+00  1.02636844E-01
4.23766592E-01  7.78586054E+00  1.00666143E-01
4.24158424E-01  7.75466681E+00  1.01788670E-01
4.24550256E-01  7.70463657E+00  1.02140039E-01
4.24942088E-01  7.86152458E+00  1.02899186E-01
4.25333921E-01  7.86971331E+00  1.02953464E-01
4.25725753E-01  7.69337893E+00  1.01794198E-01
4.26117585E-01  7.87603426E+00  1.04329772E-01
4.26509417E-01  7.86539698E+00  1.04547203E-01
4.26901250E-01  7.77974272E+00  1.02640845E-01
4.27293082E-01  7.76699781E+00  1.03394672E-01
4.27684914E-01  7.92288637E+00  1.04858443E-01
4.28076746E-01  7.82472944E+00  1.05079636E-01
4.28468579E-01  7.65941763E+00  1.03101641E-01
4.28860411E-01  7.80906630E+00  1.04465030E-01
4.29252243E-01  7.79011202E+00  1.05892405E-01
4.29644075E-01  7.82078648E+00  1.06025681E-01
4.30035908E-01  7.79355812E+00  1.04727156E-01
4.30427740E-01  8.00658894E+00  1.07126534E-01


### HEADER:
#
#{
#    "analysis": {},
#    "calibration_params": {
#        "Beam_Center_X": 730.0374262707371,
#        "Beam_Center_Y": 675.3320572331704,
#        "Detector Tilt": 0.026259007459965275,
#        "Detector Tilt Plane Rotation": 73.53223173202183,
#        "Detector_X_Pixel_Size": 172.0,
#        "Detector_Y_Pixel_Size": 172.0,
#        "Integration Method": "nosplit_csr",
#        "Radial_Average_Method": "pyFAI",
#        "Sample-to-detector distance (mm)": 2662.970378639845,
#        "Wavelength (A)": 1.03320164497
#    },
#    "config_file": "C:\\Users\\Administrator\\AppData\\Local\\RAW\\backup.cfg",
#    "counters": {},
#    "filename": "3dac-70_0074_00003.tif",
#    "history": {},
#    "imageHeader": {
#        "Alpha": "0.0000 deg.",
#        "Angle_increment": "0.1000 deg.",
#        "Beam_xy": "(0.00, 0.00) pixels",
#        "Chi": "0.0000 deg.",
#        "Count_cutoff": "1157021 counts",
#        "Detector_2theta": "0.0000 deg.",
#        "Detector_Voffset": "0.00000 m",
#        "Detector_distance": "1.00000 m",
#        "Energy_range": "(0, 0) eV",
#        "Excluded_pixels": "badpix_mask.tif",
#        "Exposure_period": "1.1000000 s",
#        "Exposure_time": "1.0000000 s",
#        "Filter_transmission": "1.0000",
#        "Flat_field": "FF_p24-0163_E12000_T6000_vrf_m0p100.tif",
#        "Flux": "0.000000",
#        "Gain_setting": "autog (vrf = 1.000)",
#        "Image_path": "/user-data/2022/202209/20220910/hongliang/",
#        "Kappa": "0.0000 deg.",
#        "N_excluded_pixels": "61",
#        "N_oscillations": "1",
#        "Oscillation_axis": "X, CW",
#        "Phi": "0.0000 deg.",
#        "Pixel_size": "172e-6 m x 172e-6 m",
#        "Polarization": "0.990",
#        "Ratecorr_lut_directory": "ContinuousStandard_v1.1",
#        "Retrigger_mode": "1",
#        "Silicon": "sensor, thickness 0.000450",
#        "Start_angle": "0.2000 deg.",
#        "Tau": "0 s",
#        "Threshold_setting": "6000 eV",
#        "Trim_file": "p24-0163_E12000_T6000.bin",
#        "Wavelength (A)": "1.54000 A"
#    },
#    "load_path": "C:\\Users\\Administrator\\Desktop\\UserData\\2022\\202209\\20220910\\hongliang\\3dac-70_0074_00003.tif",
#    "normalizations": {
#        "Polarization": {
#            "Used": false
#        },
#        "Solid_Angle_Correction": "On"
#    },
#    "raw_version": "2.1.1"
#}

