### DATA:
#
# 1081
#      Q             I(Q)           Error     
7.24889685E-03  5.11218799E+03  8.54584694E+00
7.64072911E-03  4.35887451E+03  7.83535719E+00
8.03256137E-03  3.80430591E+03  7.26896000E+00
8.42439364E-03  3.28995947E+03  5.94777727E+00
8.81622590E-03  2.87737476E+03  5.62313414E+00
9.20805816E-03  2.52182520E+03  4.97231197E+00
9.59989042E-03  2.23689746E+03  4.59379005E+00
9.99172268E-03  1.98187952E+03  4.15136385E+00
1.03835549E-02  1.75342566E+03  3.74532795E+00
1.07753872E-02  1.57288989E+03  3.53317475E+00
1.11672195E-02  1.40497205E+03  3.20239496E+00
1.15590517E-02  1.26548328E+03  2.99584985E+00
1.19508840E-02  1.14385632E+03  2.74325013E+00
1.23427163E-02  1.02960620E+03  2.60264754E+00
1.27345485E-02  9.36888245E+02  2.41983366E+00
1.31263808E-02  8.52572327E+02  2.25274849E+00
1.35182130E-02  7.78543640E+02  2.10923171E+00
1.39100453E-02  7.11436340E+02  1.95575058E+00
1.43018776E-02  6.52703918E+02  1.89375782E+00
1.46937098E-02  6.02614258E+02  1.78562748E+00
1.50855421E-02  5.54619995E+02  1.62513840E+00
1.54773744E-02  5.16015381E+02  1.59435713E+00
1.58692066E-02  4.71741394E+02  1.47784042E+00
1.62610389E-02  4.39147308E+02  1.44266808E+00
1.66528711E-02  4.10443542E+02  1.34172010E+00
1.70447034E-02  3.82429810E+02  1.28115213E+00
1.74365357E-02  3.56992065E+02  1.22732043E+00
1.78283679E-02  3.34080627E+02  1.18728375E+00
1.82202002E-02  3.14064697E+02  1.16100681E+00
1.86120325E-02  2.96294281E+02  1.09971941E+00
1.90038647E-02  2.80459778E+02  1.06775403E+00
1.93956970E-02  2.64145447E+02  1.04692757E+00
1.97875292E-02  2.51372345E+02  1.00274968E+00
2.01793615E-02  2.37249268E+02  9.76127803E-01
2.05711938E-02  2.27328461E+02  9.42347229E-01
2.09630260E-02  2.14846710E+02  9.19711769E-01
2.13548583E-02  2.06019821E+02  8.98853183E-01
2.17466905E-02  1.95405609E+02  8.60341966E-01
2.21385228E-02  1.88613937E+02  8.45258653E-01
2.25303551E-02  1.81111465E+02  8.19022715E-01
2.29221873E-02  1.74613922E+02  8.13284576E-01
2.33140196E-02  1.66273651E+02  7.89153159E-01
2.37058519E-02  1.59562256E+02  7.50891626E-01
2.40976841E-02  1.54861603E+02  7.42376626E-01
2.44895164E-02  1.48326920E+02  7.13952243E-01
2.48813486E-02  1.42502151E+02  6.95033193E-01
2.52731809E-02  1.37987534E+02  6.70435131E-01
2.56650132E-02  1.33482193E+02  6.41867399E-01
2.60568454E-02  1.28434143E+02  6.37533545E-01
2.64486777E-02  1.23054901E+02  6.08817220E-01
2.68405100E-02  1.20006691E+02  5.98531544E-01
2.72323422E-02  1.15688805E+02  5.80771744E-01
2.76241745E-02  1.12729156E+02  5.61941445E-01
2.80160067E-02  1.08638947E+02  5.56347907E-01
2.84078390E-02  1.05082634E+02  5.35106122E-01
2.87996713E-02  1.02353058E+02  5.24549603E-01
2.91915035E-02  9.78107300E+01  5.01448452E-01
2.95833358E-02  9.57317734E+01  5.02593040E-01
2.99751681E-02  9.21186676E+01  4.91077870E-01
3.03670003E-02  8.97262650E+01  4.71278429E-01
3.07588326E-02  8.73219910E+01  4.64347333E-01
3.11506648E-02  8.44441986E+01  4.47339773E-01
3.15424971E-02  8.21455917E+01  4.48715568E-01
3.19343294E-02  7.96818085E+01  4.32497948E-01
3.23261616E-02  7.69455109E+01  4.22045529E-01
3.27179939E-02  7.52459946E+01  4.13078010E-01
3.31098262E-02  7.37545013E+01  4.06664997E-01
3.35016584E-02  7.10710602E+01  4.00548160E-01
3.38934907E-02  6.95998917E+01  3.86475265E-01
3.42853229E-02  6.74102325E+01  3.81990522E-01
3.46771552E-02  6.68759537E+01  3.76821280E-01
3.50689875E-02  6.46204681E+01  3.67690355E-01
3.54608197E-02  6.28989105E+01  3.62380803E-01
3.58526520E-02  6.12975082E+01  3.49099338E-01
3.62444842E-02  6.04951744E+01  3.50662768E-01
3.66363165E-02  5.84952202E+01  3.42734307E-01
3.70281488E-02  5.72478828E+01  3.34719986E-01
3.74199810E-02  5.62066727E+01  3.26899022E-01
3.78118133E-02  5.47509613E+01  3.15233886E-01
3.82036456E-02  5.32367325E+01  3.16644192E-01
3.85954778E-02  5.09471664E+01  3.03262323E-01
3.89873101E-02  4.99190559E+01  2.98841506E-01
3.93791423E-02  4.83370056E+01  2.92243928E-01
3.97709746E-02  4.78999786E+01  2.89390206E-01
4.01628069E-02  4.64859734E+01  2.89420247E-01
4.05546391E-02  4.58308029E+01  2.78248340E-01
4.09464714E-02  4.47360840E+01  2.75838763E-01
4.13383037E-02  4.35038872E+01  2.69955456E-01
4.17301359E-02  4.27904434E+01  2.66618758E-01
4.21219682E-02  4.16511917E+01  2.64811188E-01
4.25138004E-02  4.07088127E+01  2.55838066E-01
4.29056327E-02  4.03600807E+01  2.55356610E-01
4.32974650E-02  3.92864609E+01  2.50125706E-01
4.36892972E-02  3.84250641E+01  2.46001348E-01
4.40811295E-02  3.71160164E+01  2.43118599E-01
4.44729618E-02  3.65984268E+01  2.35492378E-01
4.48647940E-02  3.58540573E+01  2.37070084E-01
4.52566263E-02  3.53449898E+01  2.32840404E-01
4.56484585E-02  3.46133347E+01  2.26458400E-01
4.60402908E-02  3.42053680E+01  2.26466030E-01
4.64321231E-02  3.37904701E+01  2.21787959E-01
4.68239553E-02  3.27039833E+01  2.21109182E-01
4.72157876E-02  3.22279091E+01  2.16284946E-01
4.76076199E-02  3.18639927E+01  2.13669524E-01
4.79994521E-02  3.12746353E+01  2.10930273E-01
4.83912844E-02  3.09109192E+01  2.07642972E-01
4.87831166E-02  3.01277580E+01  2.06733093E-01
4.91749489E-02  2.96558857E+01  2.01703385E-01
4.95667812E-02  2.87862778E+01  1.98046237E-01
4.99586134E-02  2.89018383E+01  2.00085804E-01
5.03504457E-02  2.85780697E+01  1.96660340E-01
5.07422779E-02  2.80204010E+01  1.93946481E-01
5.11341102E-02  2.76026936E+01  1.89714834E-01
5.15259425E-02  2.73824692E+01  1.90958917E-01
5.19177747E-02  2.64108524E+01  1.87043071E-01
5.23096070E-02  2.63237801E+01  1.84547737E-01
5.27014393E-02  2.57561035E+01  1.81031212E-01
5.30932715E-02  2.56544151E+01  1.80329829E-01
5.34851038E-02  2.50710545E+01  1.79523751E-01
5.38769360E-02  2.46170406E+01  1.76200479E-01
5.42687683E-02  2.44706097E+01  1.74469903E-01
5.46606006E-02  2.41982517E+01  1.72959417E-01
5.50524328E-02  2.35157013E+01  1.69252187E-01
5.54442651E-02  2.33910713E+01  1.70050561E-01
5.58360974E-02  2.32866535E+01  1.65918961E-01
5.62279296E-02  2.26969090E+01  1.65375963E-01
5.66197619E-02  2.28279839E+01  1.64862752E-01
5.70115941E-02  2.23963795E+01  1.62429124E-01
5.74034264E-02  2.23894577E+01  1.63174763E-01
5.77952587E-02  2.17884388E+01  1.58537909E-01
5.81870909E-02  2.16117325E+01  1.57712057E-01
5.85789232E-02  2.11884441E+01  1.56250000E-01
5.89707555E-02  2.07984104E+01  1.53746277E-01
5.93625877E-02  2.10530815E+01  1.54772788E-01
5.97544200E-02  2.04930325E+01  1.50574192E-01
6.01462522E-02  2.04900017E+01  1.52343065E-01
6.05380845E-02  2.02596912E+01  1.50047094E-01
6.09299168E-02  2.00842400E+01  1.49479181E-01
6.13217490E-02  1.97578831E+01  1.50451392E-01
6.17135813E-02  1.96294708E+01  1.50220156E-01
6.21054136E-02  1.97001209E+01  1.52700350E-01
6.24972458E-02  1.93138332E+01  1.48836792E-01
6.28890781E-02  1.89457932E+01  1.48783341E-01
6.32809103E-02  1.89612999E+01  1.48325399E-01
6.36727426E-02  1.86248341E+01  1.47690609E-01
6.40645749E-02  1.83074322E+01  1.47554249E-01
6.44564071E-02  1.81159592E+01  1.45234734E-01
6.48482394E-02  1.83521156E+01  1.46863937E-01
6.52400716E-02  1.79181843E+01  1.44356042E-01
6.56319039E-02  1.77381325E+01  1.44217238E-01
6.60237362E-02  1.76365833E+01  1.43719733E-01
6.64155684E-02  1.73952465E+01  1.41659051E-01
6.68074007E-02  1.72735939E+01  1.42233342E-01
6.71992330E-02  1.70764389E+01  1.41007259E-01
6.75910652E-02  1.73372955E+01  1.41832903E-01
6.79828975E-02  1.68521709E+01  1.38318539E-01
6.83747297E-02  1.68263187E+01  1.35546342E-01
6.87665620E-02  1.65924339E+01  1.34822115E-01
6.91583943E-02  1.65313549E+01  1.32556602E-01
6.95502265E-02  1.65885353E+01  1.32997990E-01
6.99420588E-02  1.62402706E+01  1.29673436E-01
7.03338911E-02  1.62030411E+01  1.29190966E-01
7.07257233E-02  1.60198231E+01  1.28857344E-01
7.11175556E-02  1.59630260E+01  1.26738593E-01
7.15093878E-02  1.59182777E+01  1.26944691E-01
7.19012201E-02  1.56702719E+01  1.24265529E-01
7.22930524E-02  1.54450645E+01  1.23981774E-01
7.26848846E-02  1.53997278E+01  1.23554170E-01
7.30767169E-02  1.52324219E+01  1.21622197E-01
7.34685492E-02  1.51621256E+01  1.20814711E-01
7.38603814E-02  1.53866215E+01  1.21124469E-01
7.42522137E-02  1.51407537E+01  1.20613784E-01
7.46440459E-02  1.48618555E+01  1.18815027E-01
7.50358782E-02  1.48703070E+01  1.17245428E-01
7.54277105E-02  1.45974751E+01  1.17809713E-01
7.58195427E-02  1.47411537E+01  1.16897598E-01
7.62113750E-02  1.47935867E+01  1.16459668E-01
7.66032072E-02  1.43871965E+01  1.14534527E-01
7.69950395E-02  1.46651058E+01  1.14749879E-01
7.73868718E-02  1.46255493E+01  1.16277374E-01
7.77787040E-02  1.44413767E+01  1.13263085E-01
7.81705363E-02  1.42189665E+01  1.12991370E-01
7.85623686E-02  1.43331213E+01  1.12093873E-01
7.89542008E-02  1.40070524E+01  1.10860258E-01
7.93460331E-02  1.41930046E+01  1.12086520E-01
7.97378653E-02  1.40930452E+01  1.10619634E-01
8.01296976E-02  1.37514324E+01  1.08799651E-01
8.05215299E-02  1.37536144E+01  1.08902164E-01
8.09133621E-02  1.37130470E+01  1.08275890E-01
8.13051944E-02  1.38528204E+01  1.08687185E-01
8.16970267E-02  1.37673044E+01  1.07259609E-01
8.20888589E-02  1.35143528E+01  1.07351474E-01
8.24806912E-02  1.35058098E+01  1.06147707E-01
8.28725234E-02  1.35475636E+01  1.06311820E-01
8.32643557E-02  1.32928457E+01  1.04354747E-01
8.36561880E-02  1.32108727E+01  1.03399448E-01
8.40480202E-02  1.33621025E+01  1.05406374E-01
8.44398525E-02  1.30586166E+01  1.02636203E-01
8.48316848E-02  1.30699396E+01  1.03307582E-01
8.52235170E-02  1.31759939E+01  1.02478750E-01
8.56153493E-02  1.28979836E+01  1.01716705E-01
8.60071815E-02  1.31488752E+01  1.02907896E-01
8.63990138E-02  1.28691015E+01  1.00441813E-01
8.67908461E-02  1.29492846E+01  1.01311706E-01
8.71826783E-02  1.27686443E+01  9.94278640E-02
8.75745106E-02  1.28852062E+01  1.00702561E-01
8.79663429E-02  1.27001820E+01  9.93536711E-02
8.83581751E-02  1.25575647E+01  9.84127894E-02
8.87500074E-02  1.26318207E+01  9.84759554E-02
8.91418396E-02  1.25615511E+01  9.78271216E-02
8.95336719E-02  1.26379042E+01  9.83114988E-02
8.99255042E-02  1.25093756E+01  9.70711187E-02
9.03173364E-02  1.23982496E+01  9.64939296E-02
9.07091687E-02  1.23349352E+01  9.65377018E-02
9.11010009E-02  1.23538265E+01  9.57833678E-02
9.14928332E-02  1.23129644E+01  9.57316384E-02
9.18846655E-02  1.22053518E+01  9.45072919E-02
9.22764977E-02  1.22135057E+01  9.48866904E-02
9.26683300E-02  1.22533245E+01  9.64738950E-02
9.30601623E-02  1.22137394E+01  9.64646786E-02
9.34519945E-02  1.22701006E+01  9.70947295E-02
9.38438268E-02  1.20767164E+01  9.54509676E-02
9.42356590E-02  1.19189177E+01  9.57690403E-02
9.46274913E-02  1.19574270E+01  9.59237590E-02
9.50193236E-02  1.20955544E+01  9.58516672E-02
9.54111558E-02  1.18334770E+01  9.54623148E-02
9.58029881E-02  1.18955441E+01  9.38871577E-02
9.61948204E-02  1.19024925E+01  9.34657827E-02
9.65866526E-02  1.18408356E+01  9.26139876E-02
9.69784849E-02  1.17154913E+01  9.15608108E-02
9.73703171E-02  1.18214827E+01  9.25050750E-02
9.77621494E-02  1.17826691E+01  9.18560848E-02
9.81539817E-02  1.17117271E+01  9.14811194E-02
9.85458139E-02  1.16957140E+01  9.12558734E-02
9.89376462E-02  1.16732330E+01  9.18241814E-02
9.93294785E-02  1.16110363E+01  9.39495265E-02
9.97213107E-02  1.16097155E+01  9.40158144E-02
1.00113143E-01  1.15979490E+01  9.45457071E-02
1.00504975E-01  1.14579868E+01  9.40824151E-02
1.00896808E-01  1.16937037E+01  9.51557085E-02
1.01288640E-01  1.14742088E+01  9.54858810E-02
1.01680472E-01  1.16487741E+01  9.57167745E-02
1.02072304E-01  1.15164280E+01  9.41411331E-02
1.02464137E-01  1.14660854E+01  9.38991755E-02
1.02855969E-01  1.12428017E+01  9.27669406E-02
1.03247801E-01  1.14444580E+01  9.30628330E-02
1.03639633E-01  1.13244181E+01  9.26086903E-02
1.04031466E-01  1.14115992E+01  9.33185145E-02
1.04423298E-01  1.12982464E+01  9.27832872E-02
1.04815130E-01  1.12920837E+01  9.26171914E-02
1.05206962E-01  1.12842207E+01  9.24098343E-02
1.05598795E-01  1.11522255E+01  9.15224329E-02
1.05990627E-01  1.11596041E+01  9.17251781E-02
1.06382459E-01  1.11492567E+01  9.03314427E-02
1.06774291E-01  1.12012749E+01  9.03769583E-02
1.07166124E-01  1.12170448E+01  8.93087015E-02
1.07557956E-01  1.11212282E+01  8.87062326E-02
1.07949788E-01  1.11109476E+01  8.87910277E-02
1.08341620E-01  1.09782410E+01  8.72140825E-02
1.08733453E-01  1.11458302E+01  8.82756710E-02
1.09125285E-01  1.10996161E+01  8.67687240E-02
1.09517117E-01  1.08929930E+01  8.63979235E-02
1.09908950E-01  1.10510416E+01  8.67555887E-02
1.10300782E-01  1.11061001E+01  8.60395283E-02
1.10692614E-01  1.09039602E+01  8.56246874E-02
1.11084446E-01  1.09224253E+01  8.48742202E-02
1.11476279E-01  1.09021578E+01  8.47397596E-02
1.11868111E-01  1.08670397E+01  8.40790942E-02
1.12259943E-01  1.07968540E+01  8.36714059E-02
1.12651775E-01  1.08714590E+01  8.39601308E-02
1.13043608E-01  1.07812567E+01  8.29155669E-02
1.13435440E-01  1.07853413E+01  8.30108374E-02
1.13827272E-01  1.08579206E+01  8.26588124E-02
1.14219104E-01  1.06812954E+01  8.17273259E-02
1.14610937E-01  1.06450300E+01  8.19479078E-02
1.15002769E-01  1.06839657E+01  8.13321769E-02
1.15394601E-01  1.06987772E+01  8.18970501E-02
1.15786433E-01  1.06375694E+01  8.09555352E-02
1.16178266E-01  1.05784788E+01  8.10807794E-02
1.16570098E-01  1.06475992E+01  8.08447897E-02
1.16961930E-01  1.07359304E+01  8.04669410E-02
1.17353763E-01  1.05734892E+01  8.06127265E-02
1.17745595E-01  1.06678905E+01  7.99233094E-02
1.18137427E-01  1.05465431E+01  7.99232870E-02
1.18529259E-01  1.06154575E+01  7.94658363E-02
1.18921092E-01  1.05573092E+01  7.88737908E-02
1.19312924E-01  1.05750761E+01  7.94804022E-02
1.19704756E-01  1.04380856E+01  7.82433525E-02
1.20096588E-01  1.05209618E+01  7.89244846E-02
1.20488421E-01  1.04918365E+01  7.84218609E-02
1.20880253E-01  1.04503317E+01  7.78122395E-02
1.21272085E-01  1.04495802E+01  7.83559382E-02
1.21663917E-01  1.04275999E+01  7.75484517E-02
1.22055750E-01  1.03861837E+01  7.79353529E-02
1.22447582E-01  1.05324297E+01  7.76250139E-02
1.22839414E-01  1.04174757E+01  7.75783509E-02
1.23231246E-01  1.03264389E+01  7.71942139E-02
1.23623079E-01  1.03331795E+01  7.63225257E-02
1.24014911E-01  1.02679806E+01  7.66011328E-02
1.24406743E-01  1.03551636E+01  7.62109905E-02
1.24798575E-01  1.02651472E+01  7.63297677E-02
1.25190408E-01  1.02794762E+01  7.58472830E-02
1.25582240E-01  1.02875299E+01  7.57501572E-02
1.25974072E-01  1.03517714E+01  7.61777684E-02
1.26365905E-01  1.01380386E+01  7.47000575E-02
1.26757737E-01  1.02632685E+01  7.57668912E-02
1.27149569E-01  1.03594189E+01  7.55739287E-02
1.27541401E-01  1.02620783E+01  7.46851638E-02
1.27933234E-01  1.02302399E+01  7.48750120E-02
1.28325066E-01  1.00791445E+01  7.40973353E-02
1.28716898E-01  1.01719694E+01  7.44784623E-02
1.29108730E-01  1.00867634E+01  7.35868141E-02
1.29500563E-01  1.01455631E+01  7.37220868E-02
1.29892395E-01  1.01710997E+01  7.43744671E-02
1.30284227E-01  1.01663074E+01  7.36205876E-02
1.30676059E-01  1.01909256E+01  7.38279074E-02
1.31067892E-01  1.01223249E+01  7.30154738E-02
1.31459724E-01  1.01431961E+01  7.31679276E-02
1.31851556E-01  1.00618916E+01  7.31836855E-02
1.32243388E-01  1.01751118E+01  7.28617534E-02
1.32635221E-01  1.01058111E+01  7.26322904E-02
1.33027053E-01  1.01464987E+01  7.27595314E-02
1.33418885E-01  1.01009712E+01  7.27291107E-02
1.33810718E-01  1.00393238E+01  7.20373094E-02
1.34202550E-01  9.97055912E+00  7.13494495E-02
1.34594382E-01  9.96288395E+00  7.17813894E-02
1.34986214E-01  1.00809813E+01  7.20198750E-02
1.35378047E-01  9.93721294E+00  7.13763088E-02
1.35769879E-01  9.97049904E+00  7.10783750E-02
1.36161711E-01  9.98121357E+00  7.10807368E-02
1.36553543E-01  9.95753670E+00  7.09427074E-02
1.36945376E-01  9.88390446E+00  7.03609958E-02
1.37337208E-01  9.83978367E+00  7.02214986E-02
1.37729040E-01  9.87654495E+00  6.99164197E-02
1.38120872E-01  9.86882401E+00  6.99758232E-02
1.38512705E-01  9.90781689E+00  7.03762546E-02
1.38904537E-01  9.94742298E+00  6.96185976E-02
1.39296369E-01  9.79476929E+00  6.95925727E-02
1.39688201E-01  9.84684086E+00  6.94352612E-02
1.40080034E-01  9.79845810E+00  6.90958053E-02
1.40471866E-01  9.87285233E+00  6.94084764E-02
1.40863698E-01  9.89632702E+00  6.90381676E-02
1.41255531E-01  9.78018665E+00  6.86485246E-02
1.41647363E-01  9.88552380E+00  6.90839440E-02
1.42039195E-01  9.77558327E+00  6.84025511E-02
1.42431027E-01  9.78920460E+00  6.86475933E-02
1.42822860E-01  9.67025280E+00  6.77102953E-02
1.43214692E-01  9.78191853E+00  6.85729012E-02
1.43606524E-01  9.78028584E+00  6.83869198E-02
1.43998356E-01  9.64494991E+00  6.72567114E-02
1.44390189E-01  9.81451321E+00  6.90700635E-02
1.44782021E-01  9.71719837E+00  6.87436312E-02
1.45173853E-01  9.78734207E+00  6.95170015E-02
1.45565685E-01  9.59572792E+00  6.85129538E-02
1.45957518E-01  9.74014950E+00  6.95902482E-02
1.46349350E-01  9.80920315E+00  6.98539987E-02
1.46741182E-01  9.76425743E+00  6.98677897E-02
1.47133014E-01  9.72639561E+00  6.99071661E-02
1.47524847E-01  9.78413010E+00  6.98172152E-02
1.47916679E-01  9.70979786E+00  6.97428510E-02
1.48308511E-01  9.87759495E+00  7.03606606E-02
1.48700343E-01  9.72508812E+00  7.02745095E-02
1.49092176E-01  9.73894691E+00  6.99179620E-02
1.49484008E-01  9.58806038E+00  6.91149235E-02
1.49875840E-01  9.72522068E+00  7.02754632E-02
1.50267673E-01  9.73079967E+00  7.00474605E-02
1.50659505E-01  9.59490967E+00  6.95392862E-02
1.51051337E-01  9.68313789E+00  6.98057264E-02
1.51443169E-01  9.62816811E+00  6.84140474E-02
1.51835002E-01  9.56431484E+00  6.85037747E-02
1.52226834E-01  9.65054798E+00  6.79515004E-02
1.52618666E-01  9.58970547E+00  6.77857324E-02
1.53010498E-01  9.61672974E+00  6.72564358E-02
1.53402331E-01  9.77042198E+00  6.83563873E-02
1.53794163E-01  9.56195068E+00  6.70177117E-02
1.54185995E-01  9.60239124E+00  6.67380095E-02
1.54577827E-01  9.73526573E+00  6.71206117E-02
1.54969660E-01  9.50072956E+00  6.61545843E-02
1.55361492E-01  9.59625244E+00  6.68878630E-02
1.55753324E-01  9.53443813E+00  6.59542382E-02
1.56145156E-01  9.55576515E+00  6.59080967E-02
1.56536989E-01  9.68157864E+00  6.63557798E-02
1.56928821E-01  9.46460724E+00  6.55041113E-02
1.57320653E-01  9.61620426E+00  6.62069544E-02
1.57712486E-01  9.61546898E+00  6.54052943E-02
1.58104318E-01  9.56207371E+00  6.53253198E-02
1.58496150E-01  9.45028210E+00  6.50877357E-02
1.58887982E-01  9.46109581E+00  6.46777451E-02
1.59279815E-01  9.54498863E+00  6.52238205E-02
1.59671647E-01  9.50742531E+00  6.43968433E-02
1.60063479E-01  9.48946476E+00  6.48898780E-02
1.60455311E-01  9.45304012E+00  6.44377321E-02
1.60847144E-01  9.47657681E+00  6.43208250E-02
1.61238976E-01  9.49828053E+00  6.42685890E-02
1.61630808E-01  9.45445633E+00  6.37202114E-02
1.62022640E-01  9.45026779E+00  6.43724948E-02
1.62414473E-01  9.34920406E+00  6.34329244E-02
1.62806305E-01  9.42636967E+00  6.35035187E-02
1.63198137E-01  9.52832699E+00  6.40105233E-02
1.63589969E-01  9.36745834E+00  6.31568283E-02
1.63981802E-01  9.45021629E+00  6.37205839E-02
1.64373634E-01  9.34271812E+00  6.28601462E-02
1.64765466E-01  9.51865959E+00  6.32360876E-02
1.65157298E-01  9.50395393E+00  6.34273887E-02
1.65549131E-01  9.37405396E+00  6.28466234E-02
1.65940963E-01  9.41413689E+00  6.30473793E-02
1.66332795E-01  9.41914845E+00  6.23839423E-02
1.66724628E-01  9.39523602E+00  6.26418665E-02
1.67116460E-01  9.31325722E+00  6.23941682E-02
1.67508292E-01  9.33045006E+00  6.21284880E-02
1.67900124E-01  9.36082268E+00  6.22039922E-02
1.68291957E-01  9.35754108E+00  6.18242249E-02
1.68683789E-01  9.39802074E+00  6.25867471E-02
1.69075621E-01  9.31858635E+00  6.16705790E-02
1.69467453E-01  9.24488640E+00  6.13888688E-02
1.69859286E-01  9.34861279E+00  6.17450252E-02
1.70251118E-01  9.33984852E+00  6.15784451E-02
1.70642950E-01  9.29880238E+00  6.17823116E-02
1.71034782E-01  9.37471771E+00  6.14079088E-02
1.71426615E-01  9.26143456E+00  6.08528405E-02
1.71818447E-01  9.29855824E+00  6.10480271E-02
1.72210279E-01  9.30551910E+00  6.09978363E-02
1.72602111E-01  9.36768913E+00  6.12136535E-02
1.72993944E-01  9.30561924E+00  6.05885424E-02
1.73385776E-01  9.29869175E+00  6.07459284E-02
1.73777608E-01  9.27576923E+00  6.07675835E-02
1.74169441E-01  9.26541233E+00  6.02565482E-02
1.74561273E-01  9.26813126E+00  6.03956915E-02
1.74953105E-01  9.41393471E+00  6.04663640E-02
1.75344937E-01  9.21030521E+00  6.01955019E-02
1.75736770E-01  9.25183487E+00  6.01072721E-02
1.76128602E-01  9.29779720E+00  5.97919822E-02
1.76520434E-01  9.27019882E+00  5.98413683E-02
1.76912266E-01  9.27767754E+00  5.96588962E-02
1.77304099E-01  9.25055313E+00  5.99171296E-02
1.77695931E-01  9.30330658E+00  5.96844219E-02
1.78087763E-01  9.22511864E+00  5.93086593E-02
1.78479595E-01  9.29838085E+00  5.97833768E-02
1.78871428E-01  9.21986961E+00  5.92357516E-02
1.79263260E-01  9.29013920E+00  5.95631897E-02
1.79655092E-01  9.23296165E+00  5.91322221E-02
1.80046924E-01  9.18516731E+00  5.89568503E-02
1.80438757E-01  9.25526333E+00  5.94177954E-02
1.80830589E-01  9.33180523E+00  5.92582189E-02
1.81222421E-01  9.21354961E+00  5.89704178E-02
1.81614254E-01  9.23742867E+00  5.86612783E-02
1.82006086E-01  9.33255196E+00  5.93503751E-02
1.82397918E-01  9.20631504E+00  5.93178608E-02
1.82789750E-01  9.20525837E+00  5.92017807E-02
1.83181583E-01  9.34567451E+00  5.99833913E-02
1.83573415E-01  9.22555923E+00  5.96427508E-02
1.83965247E-01  9.17666626E+00  5.99833354E-02
1.84357079E-01  9.24997997E+00  5.96760474E-02
1.84748912E-01  9.15410423E+00  5.96767105E-02
1.85140744E-01  9.22199249E+00  5.98628782E-02
1.85532576E-01  9.11247063E+00  5.97388148E-02
1.85924408E-01  9.14557457E+00  6.00591749E-02
1.86316241E-01  9.22067356E+00  5.98127469E-02
1.86708073E-01  9.20463657E+00  6.01584539E-02
1.87099905E-01  9.12373638E+00  5.99054284E-02
1.87491737E-01  9.23520279E+00  6.01759963E-02
1.87883570E-01  9.19794369E+00  6.01725727E-02
1.88275402E-01  9.10934544E+00  5.96133806E-02
1.88667234E-01  9.26092052E+00  6.07015751E-02
1.89059066E-01  9.18554115E+00  5.99326156E-02
1.89450899E-01  9.11495972E+00  5.94013333E-02
1.89842731E-01  9.21953678E+00  5.94092160E-02
1.90234563E-01  9.20304680E+00  5.91643155E-02
1.90626396E-01  9.14061165E+00  5.93821704E-02
1.91018228E-01  9.09475803E+00  5.82757890E-02
1.91410060E-01  9.18738937E+00  5.86924814E-02
1.91801892E-01  9.11513329E+00  5.81573509E-02
1.92193725E-01  9.13355160E+00  5.82594536E-02
1.92585557E-01  9.13124657E+00  5.84041774E-02
1.92977389E-01  9.18109322E+00  5.78768067E-02
1.93369221E-01  9.06278133E+00  5.78409918E-02
1.93761054E-01  9.10887527E+00  5.77332638E-02
1.94152886E-01  9.08168316E+00  5.75736426E-02
1.94544718E-01  9.11498833E+00  5.76898009E-02
1.94936550E-01  9.14732456E+00  5.72009496E-02
1.95328383E-01  9.02927876E+00  5.73869087E-02
1.95720215E-01  9.13546944E+00  5.73797971E-02
1.96112047E-01  9.04380608E+00  5.69175705E-02
1.96503879E-01  9.08386898E+00  5.71459457E-02
1.96895712E-01  9.06219864E+00  5.65625615E-02
1.97287544E-01  9.01206970E+00  5.70738651E-02
1.97679376E-01  9.11900139E+00  5.66999465E-02
1.98071209E-01  9.00199318E+00  5.63848279E-02
1.98463041E-01  9.09722614E+00  5.66225909E-02
1.98854873E-01  9.05783367E+00  5.62826395E-02
1.99246705E-01  9.08309746E+00  5.68093173E-02
1.99638538E-01  9.05378437E+00  5.60458116E-02
2.00030370E-01  9.11797714E+00  5.64204939E-02
2.00422202E-01  9.04700089E+00  5.63678816E-02
2.00814034E-01  9.00018215E+00  5.58802001E-02
2.01205867E-01  9.05035973E+00  5.58909141E-02
2.01597699E-01  9.03816795E+00  5.56524359E-02
2.01989531E-01  9.11183834E+00  5.61582483E-02
2.02381363E-01  9.06688499E+00  5.58271445E-02
2.02773196E-01  9.00168610E+00  5.55215552E-02
2.03165028E-01  9.09848309E+00  5.58767803E-02
2.03556860E-01  9.09265518E+00  5.55930771E-02
2.03948692E-01  8.97629547E+00  5.53586259E-02
2.04340525E-01  9.12202835E+00  5.55138700E-02
2.04732357E-01  9.04138088E+00  5.53054325E-02
2.05124189E-01  9.04160786E+00  5.51297069E-02
2.05516021E-01  9.07679176E+00  5.53113408E-02
2.05907854E-01  9.00075722E+00  5.49317040E-02
2.06299686E-01  8.99086285E+00  5.47826327E-02
2.06691518E-01  8.86459732E+00  5.44239916E-02
2.07083351E-01  8.99144363E+00  5.46392985E-02
2.07475183E-01  8.99606133E+00  5.47807589E-02
2.07867015E-01  9.05043411E+00  5.46378009E-02
2.08258847E-01  8.95288086E+00  5.43337762E-02
2.08650680E-01  9.03266430E+00  5.44502102E-02
2.09042512E-01  8.99140072E+00  5.42814136E-02
2.09434344E-01  8.88471985E+00  5.39409816E-02
2.09826176E-01  8.95011616E+00  5.39369173E-02
2.10218009E-01  9.00083065E+00  5.41864857E-02
2.10609841E-01  8.95675182E+00  5.42484820E-02
2.11001673E-01  9.00208092E+00  5.39017767E-02
2.11393505E-01  8.95022678E+00  5.38593978E-02
2.11785338E-01  8.91834068E+00  5.35474345E-02
2.12177170E-01  8.92630863E+00  5.39012179E-02
2.12569002E-01  8.89510155E+00  5.36677837E-02
2.12960834E-01  8.98137760E+00  5.36165833E-02
2.13352667E-01  8.93168736E+00  5.36140427E-02
2.13744499E-01  8.94110584E+00  5.32926694E-02
2.14136331E-01  8.84231091E+00  5.34485951E-02
2.14528164E-01  8.98138142E+00  5.35574704E-02
2.14919996E-01  8.93968010E+00  5.32974266E-02
2.15311828E-01  8.88459015E+00  5.33621050E-02
2.15703660E-01  8.88357639E+00  5.29375449E-02
2.16095493E-01  8.96668339E+00  5.34802824E-02
2.16487325E-01  8.90567684E+00  5.30287735E-02
2.16879157E-01  8.96222305E+00  5.30634262E-02
2.17270989E-01  8.95538425E+00  5.34471273E-02
2.17662822E-01  8.93944168E+00  5.27733713E-02
2.18054654E-01  9.01043034E+00  5.33909835E-02
2.18446486E-01  8.90695286E+00  5.25797457E-02
2.18838318E-01  8.97651958E+00  5.28012291E-02
2.19230151E-01  8.94587517E+00  5.30410632E-02
2.19621983E-01  8.94653797E+00  5.25912195E-02
2.20013815E-01  8.98884392E+00  5.31020425E-02
2.20405647E-01  8.97185707E+00  5.25767952E-02
2.20797480E-01  8.92190361E+00  5.25436401E-02
2.21189312E-01  8.93655777E+00  5.25707155E-02
2.21581144E-01  8.87678337E+00  5.20822853E-02
2.21972977E-01  8.82052040E+00  5.21723405E-02
2.22364809E-01  8.87559605E+00  5.21507747E-02
2.22756641E-01  8.97173786E+00  5.25130183E-02
2.23148473E-01  8.90385151E+00  5.21782711E-02
2.23540306E-01  8.84405136E+00  5.17665334E-02
2.23932138E-01  8.80723953E+00  5.18710501E-02
2.24323970E-01  8.97139549E+00  5.21619208E-02
2.24715802E-01  8.79312420E+00  5.17117344E-02
2.25107635E-01  8.84885406E+00  5.16876206E-02
2.25499467E-01  8.84858704E+00  5.15551753E-02
2.25891299E-01  8.89620495E+00  5.19278981E-02
2.26283131E-01  8.79900265E+00  5.12880497E-02
2.26674964E-01  8.90815735E+00  5.18925674E-02
2.27066796E-01  8.97116280E+00  5.17106429E-02
2.27458628E-01  8.92394161E+00  5.21199927E-02
2.27850460E-01  8.88758087E+00  5.23569398E-02
2.28242293E-01  8.92405319E+00  5.22079803E-02
2.28634125E-01  8.85687923E+00  5.23635894E-02
2.29025957E-01  8.87984085E+00  5.23750000E-02
2.29417789E-01  8.86831665E+00  5.25849089E-02
2.29809622E-01  8.81372356E+00  5.25539592E-02
2.30201454E-01  8.91131878E+00  5.25981896E-02
2.30593286E-01  8.80377388E+00  5.26069775E-02
2.30985119E-01  8.85422707E+00  5.25929779E-02
2.31376951E-01  8.78357983E+00  5.26047722E-02
2.31768783E-01  8.84021568E+00  5.26091494E-02
2.32160615E-01  8.80121708E+00  5.24849854E-02
2.32552448E-01  8.79791355E+00  5.28396107E-02
2.32944280E-01  8.82283115E+00  5.26485257E-02
2.33336112E-01  8.83318901E+00  5.29123247E-02
2.33727944E-01  8.86531639E+00  5.27837723E-02
2.34119777E-01  8.72301960E+00  5.25817126E-02
2.34511609E-01  8.81182384E+00  5.22572845E-02
2.34903441E-01  8.75732994E+00  5.18239625E-02
2.35295273E-01  8.83721828E+00  5.19172102E-02
2.35687106E-01  8.84199810E+00  5.17350212E-02
2.36078938E-01  8.82781982E+00  5.18190935E-02
2.36470770E-01  8.78291321E+00  5.14845774E-02
2.36862602E-01  8.89097404E+00  5.14531210E-02
2.37254435E-01  8.83748722E+00  5.14590740E-02
2.37646267E-01  8.68594265E+00  5.08567691E-02
2.38038099E-01  8.80381107E+00  5.11098541E-02
2.38429932E-01  8.75560188E+00  5.06781898E-02
2.38821764E-01  8.77410412E+00  5.08885309E-02
2.39213596E-01  8.83478069E+00  5.10493368E-02
2.39605428E-01  8.71865177E+00  5.04170507E-02
2.39997261E-01  8.79876995E+00  5.09306155E-02
2.40389093E-01  8.85872364E+00  5.05495258E-02
2.40780925E-01  8.79046440E+00  5.07653058E-02
2.41172757E-01  8.87504864E+00  5.06402068E-02
2.41564590E-01  8.78184795E+00  5.03375567E-02
2.41956422E-01  8.87894535E+00  5.06517254E-02
2.42348254E-01  8.80924892E+00  5.02287969E-02
2.42740086E-01  8.78008270E+00  5.04785888E-02
2.43131919E-01  8.71451569E+00  4.98942621E-02
2.43523751E-01  8.74115181E+00  4.97935973E-02
2.43915583E-01  8.81926060E+00  5.02222441E-02
2.44307415E-01  8.81317234E+00  4.99845594E-02
2.44699248E-01  8.78864765E+00  5.01211099E-02
2.45091080E-01  8.75605011E+00  4.96893674E-02
2.45482912E-01  8.64783669E+00  4.93260920E-02
2.45874744E-01  8.77857399E+00  4.98871170E-02
2.46266577E-01  8.74042511E+00  4.94030155E-02
2.46658409E-01  8.79518890E+00  4.97451425E-02
2.47050241E-01  8.74446392E+00  4.92913872E-02
2.47442074E-01  8.74887943E+00  4.94895540E-02
2.47833906E-01  8.73021030E+00  4.93405499E-02
2.48225738E-01  8.84727287E+00  4.93760481E-02
2.48617570E-01  8.71492195E+00  4.91272062E-02
2.49009403E-01  8.74765968E+00  4.90236171E-02
2.49401235E-01  8.69831562E+00  4.92169186E-02
2.49793067E-01  8.74625206E+00  4.89865057E-02
2.50184899E-01  8.78082180E+00  4.88699041E-02
2.50576732E-01  8.74233055E+00  4.90430668E-02
2.50968564E-01  8.65488529E+00  4.84922677E-02
2.51360396E-01  8.69768906E+00  4.88310680E-02
2.51752228E-01  8.66733456E+00  4.84291799E-02
2.52144061E-01  8.70182514E+00  4.86241691E-02
2.52535893E-01  8.77232838E+00  4.89738062E-02
2.52927725E-01  8.66235256E+00  4.83832210E-02
2.53319557E-01  8.69470596E+00  4.86444272E-02
2.53711390E-01  8.66314220E+00  4.81977910E-02
2.54103222E-01  8.71517563E+00  4.85376380E-02
2.54495054E-01  8.77038288E+00  4.87439111E-02
2.54886887E-01  8.63281918E+00  4.80625704E-02
2.55278719E-01  8.69345856E+00  4.83022071E-02
2.55670551E-01  8.77016544E+00  4.84244004E-02
2.56062383E-01  8.69712734E+00  4.84296121E-02
2.56454216E-01  8.66937542E+00  4.81907204E-02
2.56846048E-01  8.67042542E+00  4.79827933E-02
2.57237880E-01  8.68207932E+00  4.80406657E-02
2.57629712E-01  8.74713707E+00  4.82333228E-02
2.58021545E-01  8.79393387E+00  4.83431369E-02
2.58413377E-01  8.75683689E+00  4.80948910E-02
2.58805209E-01  8.62830925E+00  4.76906039E-02
2.59197041E-01  8.59584808E+00  4.77392450E-02
2.59588874E-01  8.62196922E+00  4.76672091E-02
2.59980706E-01  8.69291782E+00  4.77690548E-02
2.60372538E-01  8.65479374E+00  4.75215428E-02
2.60764370E-01  8.67383671E+00  4.76858020E-02
2.61156203E-01  8.64079952E+00  4.77137454E-02
2.61548035E-01  8.65458965E+00  4.73983996E-02
2.61939867E-01  8.60254860E+00  4.74714153E-02
2.62331700E-01  8.73141479E+00  4.75165434E-02
2.62723532E-01  8.64987850E+00  4.74845320E-02
2.63115364E-01  8.66162300E+00  4.73510735E-02
2.63507196E-01  8.61038971E+00  4.71259505E-02
2.63899029E-01  8.74031544E+00  4.75783683E-02
2.64290861E-01  8.71072960E+00  4.73332331E-02
2.64682693E-01  8.62283325E+00  4.71848696E-02
2.65074525E-01  8.67811298E+00  4.71122004E-02
2.65466358E-01  8.70734978E+00  4.75754626E-02
2.65858190E-01  8.66819763E+00  4.77103516E-02
2.66250022E-01  8.69443989E+00  4.76767421E-02
2.66641854E-01  8.70300102E+00  4.79637049E-02
2.67033687E-01  8.65902519E+00  4.76483218E-02
2.67425519E-01  8.70599461E+00  4.81567793E-02
2.67817351E-01  8.55736065E+00  4.76934910E-02
2.68209183E-01  8.69950485E+00  4.79044430E-02
2.68601016E-01  8.59468269E+00  4.78294976E-02
2.68992848E-01  8.61593533E+00  4.79269922E-02
2.69384680E-01  8.65333271E+00  4.83079739E-02
2.69776512E-01  8.54469013E+00  4.76339720E-02
2.70168345E-01  8.64148712E+00  4.79986370E-02
2.70560177E-01  8.59707546E+00  4.80673760E-02
2.70952009E-01  8.58325863E+00  4.78943959E-02
2.71343842E-01  8.61558819E+00  4.81776595E-02
2.71735674E-01  8.68189907E+00  4.82528843E-02
2.72127506E-01  8.61254215E+00  4.81050052E-02
2.72519338E-01  8.63753033E+00  4.82460782E-02
2.72911171E-01  8.65206242E+00  4.82415333E-02
2.73303003E-01  8.72295856E+00  4.84324843E-02
2.73694835E-01  8.53114986E+00  4.78140078E-02
2.74086667E-01  8.53963566E+00  4.82588522E-02
2.74478500E-01  8.56106472E+00  4.79109846E-02
2.74870332E-01  8.73447514E+00  4.85173725E-02
2.75262164E-01  8.63028526E+00  4.81111370E-02
2.75653996E-01  8.60852242E+00  4.82120775E-02
2.76045829E-01  8.61507797E+00  4.84528691E-02
2.76437661E-01  8.57773685E+00  4.79907654E-02
2.76829493E-01  8.63337135E+00  4.82627675E-02
2.77221325E-01  8.50136852E+00  4.78990264E-02
2.77613158E-01  8.59868431E+00  4.81985733E-02
2.78004990E-01  8.62388039E+00  4.83018793E-02
2.78396822E-01  8.64370155E+00  4.81889248E-02
2.78788655E-01  8.62538338E+00  4.83717918E-02
2.79180487E-01  8.61468887E+00  4.82897982E-02
2.79572319E-01  8.58130646E+00  4.80604060E-02
2.79964151E-01  8.62799931E+00  4.82689515E-02
2.80355984E-01  8.67082119E+00  4.82203662E-02
2.80747816E-01  8.61635780E+00  4.84065078E-02
2.81139648E-01  8.56359673E+00  4.80245315E-02
2.81531480E-01  8.61306095E+00  4.82670255E-02
2.81923313E-01  8.61730766E+00  4.81301174E-02
2.82315145E-01  8.57541370E+00  4.80583124E-02
2.82706977E-01  8.58995914E+00  4.82810624E-02
2.83098809E-01  8.59846973E+00  4.78988066E-02
2.83490642E-01  8.54648685E+00  4.80617769E-02
2.83882474E-01  8.52965260E+00  4.78153788E-02
2.84274306E-01  8.56439209E+00  4.79641743E-02
2.84666138E-01  8.62338924E+00  4.81873937E-02
2.85057971E-01  8.58091354E+00  4.79403101E-02
2.85449803E-01  8.55249882E+00  4.80280444E-02
2.85841635E-01  8.54410458E+00  4.78378013E-02
2.86233467E-01  8.50331116E+00  4.77555916E-02
2.86625300E-01  8.58477497E+00  4.82100584E-02
2.87017132E-01  8.52990818E+00  4.81992662E-02
2.87408964E-01  8.50145912E+00  4.86704335E-02
2.87800797E-01  8.49258518E+00  4.82977815E-02
2.88192629E-01  8.50957489E+00  4.88572121E-02
2.88584461E-01  8.50337791E+00  4.86630835E-02
2.88976293E-01  8.50273609E+00  4.88243885E-02
2.89368126E-01  8.62129307E+00  4.95108813E-02
2.89759958E-01  8.52994919E+00  4.89234142E-02
2.90151790E-01  8.48106098E+00  4.92187329E-02
2.90543622E-01  8.52542782E+00  4.92215827E-02
2.90935455E-01  8.48593521E+00  4.93953079E-02
2.91327287E-01  8.51293850E+00  4.94103916E-02
2.91719119E-01  8.50004768E+00  4.91907857E-02
2.92110951E-01  8.45551205E+00  4.95237075E-02
2.92502784E-01  8.33662224E+00  4.92790826E-02
2.92894616E-01  8.47344589E+00  5.01316972E-02
2.93286448E-01  8.54538822E+00  5.05644269E-02
2.93678280E-01  8.65639400E+00  5.07560186E-02
2.94070113E-01  8.54382133E+00  5.12369052E-02
2.94461945E-01  8.47247124E+00  5.06825037E-02
2.94853777E-01  8.49096680E+00  5.11884987E-02
2.95245610E-01  8.51264191E+00  5.12540117E-02
2.95637442E-01  8.45805931E+00  5.13269939E-02
2.96029274E-01  8.47219276E+00  5.17000929E-02
2.96421106E-01  8.53985310E+00  5.16392216E-02
2.96812939E-01  8.53024769E+00  5.21155335E-02
2.97204771E-01  8.44905090E+00  5.18424772E-02
2.97596603E-01  8.46166611E+00  5.21967225E-02
2.97988435E-01  8.45990372E+00  5.22754416E-02
2.98380268E-01  8.51322842E+00  5.22973314E-02
2.98772100E-01  8.45441628E+00  5.26502058E-02
2.99163932E-01  8.47682381E+00  5.26257083E-02
2.99555764E-01  8.49670506E+00  5.27908579E-02
2.99947597E-01  8.38283157E+00  5.24019115E-02
3.00339429E-01  8.47489071E+00  5.28793223E-02
3.00731261E-01  8.41645050E+00  5.30291796E-02
3.01123093E-01  8.46611881E+00  5.29308207E-02
3.01514926E-01  8.43838596E+00  5.32764196E-02
3.01906758E-01  8.42713165E+00  5.30018732E-02
3.02298590E-01  8.47807789E+00  5.36544211E-02
3.02690423E-01  8.44375801E+00  5.34736440E-02
3.03082255E-01  8.47661877E+00  5.35327457E-02
3.03474087E-01  8.49450779E+00  5.40372245E-02
3.03865919E-01  8.38181400E+00  5.34676686E-02
3.04257752E-01  8.41418648E+00  5.40694520E-02
3.04649584E-01  8.46755886E+00  5.38233407E-02
3.05041416E-01  8.45357227E+00  5.39726540E-02
3.05433248E-01  8.47577667E+00  5.42583764E-02
3.05825081E-01  8.51427460E+00  5.43347523E-02
3.06216913E-01  8.48091221E+00  5.46837039E-02
3.06608745E-01  8.42245483E+00  5.41069470E-02
3.07000577E-01  8.44264698E+00  5.45607433E-02
3.07392410E-01  8.53423977E+00  5.51572703E-02
3.07784242E-01  8.50776196E+00  5.46944849E-02
3.08176074E-01  8.36221313E+00  5.47450967E-02
3.08567906E-01  8.56530380E+00  5.50826266E-02
3.08959739E-01  8.47068787E+00  5.53072989E-02
3.09351571E-01  8.42117310E+00  5.50862513E-02
3.09743403E-01  8.51321030E+00  5.50616160E-02
3.10135235E-01  8.39499664E+00  5.51896468E-02
3.10527068E-01  8.47369576E+00  5.59249781E-02
3.10918900E-01  8.38481140E+00  5.65535277E-02
3.11310732E-01  8.36682606E+00  5.62902801E-02
3.11702565E-01  8.43511868E+00  5.71154244E-02
3.12094397E-01  8.51090431E+00  5.79778552E-02
3.12486229E-01  8.54273701E+00  5.79158589E-02
3.12878061E-01  8.41185570E+00  5.81804551E-02
3.13269894E-01  8.39052391E+00  5.78409247E-02
3.13661726E-01  8.52285099E+00  5.91836125E-02
3.14053558E-01  8.40551949E+00  5.89806587E-02
3.14445390E-01  8.46797562E+00  5.88011332E-02
3.14837223E-01  8.43180847E+00  5.96040078E-02
3.15229055E-01  8.49728966E+00  5.95981963E-02
3.15620887E-01  8.40068722E+00  6.02839068E-02
3.16012719E-01  8.38119698E+00  5.96893206E-02
3.16404552E-01  8.47011089E+00  6.04160875E-02
3.16796384E-01  8.43590069E+00  6.06993586E-02
3.17188216E-01  8.44375896E+00  6.09804727E-02
3.17580048E-01  8.35941982E+00  6.02411292E-02
3.17971881E-01  8.38576508E+00  5.92696443E-02
3.18363713E-01  8.49966240E+00  6.01498298E-02
3.18755545E-01  8.46216202E+00  6.00682274E-02
3.19147378E-01  8.36788368E+00  5.95688336E-02
3.19539210E-01  8.44995975E+00  5.98100759E-02
3.19931042E-01  8.40772343E+00  5.94604984E-02
3.20322874E-01  8.48619652E+00  6.02829009E-02
3.20714707E-01  8.29395485E+00  5.91069832E-02
3.21106539E-01  8.51180458E+00  5.99036776E-02
3.21498371E-01  8.33753109E+00  5.93873784E-02
3.21890203E-01  8.32154655E+00  5.95064461E-02
3.22282036E-01  8.45277977E+00  6.04109131E-02
3.22673868E-01  8.45797634E+00  5.93180805E-02
3.23065700E-01  8.29942131E+00  5.95418885E-02
3.23457532E-01  8.40302753E+00  5.95465414E-02
3.23849365E-01  8.34906960E+00  5.98349720E-02
3.24241197E-01  8.28930569E+00  5.93426973E-02
3.24633029E-01  8.37109280E+00  5.95720522E-02
3.25024861E-01  8.38536263E+00  5.99658564E-02
3.25416694E-01  8.39592361E+00  5.97366653E-02
3.25808526E-01  8.40715504E+00  5.99548295E-02
3.26200358E-01  8.26890850E+00  5.94854727E-02
3.26592190E-01  8.30420303E+00  5.96253127E-02
3.26984023E-01  8.32807541E+00  5.99545687E-02
3.27375855E-01  8.29831886E+00  5.94529398E-02
3.27767687E-01  8.42372990E+00  6.01051338E-02
3.28159520E-01  8.39174366E+00  5.99272735E-02
3.28551352E-01  8.38510513E+00  6.01349361E-02
3.28943184E-01  8.33828259E+00  6.01481870E-02
3.29335016E-01  8.26387501E+00  5.95587827E-02
3.29726849E-01  8.25775337E+00  6.00917563E-02
3.30118681E-01  8.21358204E+00  5.96976578E-02
3.30510513E-01  8.33403111E+00  6.02383129E-02
3.30902345E-01  8.38714981E+00  6.05353452E-02
3.31294178E-01  8.34267235E+00  6.03749380E-02
3.31686010E-01  8.31011963E+00  6.08559176E-02
3.32077842E-01  8.33553886E+00  6.04946464E-02
3.32469674E-01  8.21397781E+00  6.01180159E-02
3.32861507E-01  8.30209637E+00  6.07466809E-02
3.33253339E-01  8.29230118E+00  6.06977679E-02
3.33645171E-01  8.32613754E+00  6.13394454E-02
3.34037003E-01  8.39798641E+00  6.09896332E-02
3.34428836E-01  8.21676731E+00  6.08265698E-02
3.34820668E-01  8.25389957E+00  6.10462800E-02
3.35212500E-01  8.31245613E+00  6.13870919E-02
3.35604333E-01  8.24320698E+00  6.12695813E-02
3.35996165E-01  8.28669357E+00  6.10041730E-02
3.36387997E-01  8.26152134E+00  6.17029890E-02
3.36779829E-01  8.23129368E+00  6.11017607E-02
3.37171662E-01  8.26988602E+00  6.15376122E-02
3.37563494E-01  8.26655388E+00  6.14974983E-02
3.37955326E-01  8.34209633E+00  6.18204474E-02
3.38347158E-01  8.34400177E+00  6.25303984E-02
3.38738991E-01  8.18748856E+00  6.12595119E-02
3.39130823E-01  8.22392464E+00  6.17207251E-02
3.39522655E-01  8.25361633E+00  6.19610138E-02
3.39914487E-01  8.28020191E+00  6.17616028E-02
3.40306320E-01  8.28903866E+00  6.26628250E-02
3.40698152E-01  8.27649784E+00  6.16636798E-02
3.41089984E-01  8.21873569E+00  6.22506440E-02
3.41481816E-01  8.16685486E+00  6.16933294E-02
3.41873649E-01  8.26245022E+00  6.22416735E-02
3.42265481E-01  8.27014160E+00  6.24753535E-02
3.42657313E-01  8.28471470E+00  6.20373376E-02
3.43049146E-01  8.31324291E+00  6.29051477E-02
3.43440978E-01  8.21859550E+00  6.21356182E-02
3.43832810E-01  8.19773769E+00  6.22758642E-02
3.44224642E-01  8.28757286E+00  6.27792403E-02
3.44616475E-01  8.27775860E+00  6.25650361E-02
3.45008307E-01  8.23056316E+00  6.30125850E-02
3.45400139E-01  8.21084404E+00  6.21516667E-02
3.45791971E-01  8.22080135E+00  6.28403202E-02
3.46183804E-01  8.21236515E+00  6.26587793E-02
3.46575636E-01  8.16085625E+00  6.23438582E-02
3.46967468E-01  8.13687897E+00  6.27904683E-02
3.47359300E-01  8.29498291E+00  6.28101453E-02
3.47751133E-01  8.21172237E+00  6.32626265E-02
3.48142965E-01  8.31709957E+00  6.31189197E-02
3.48534797E-01  8.29941654E+00  6.32181689E-02
3.48926629E-01  8.22319889E+00  6.33078441E-02
3.49318462E-01  8.09308815E+00  6.24730103E-02
3.49710294E-01  8.15606213E+00  6.32956922E-02
3.50102126E-01  8.12598610E+00  6.27512634E-02
3.50493958E-01  8.18848324E+00  6.35932758E-02
3.50885791E-01  8.19919300E+00  6.32939488E-02
3.51277623E-01  8.07736206E+00  6.30064011E-02
3.51669455E-01  8.22570801E+00  6.37230650E-02
3.52061288E-01  8.25868797E+00  6.36792704E-02
3.52453120E-01  8.28537560E+00  6.46407902E-02
3.52844952E-01  8.13146782E+00  6.32803887E-02
3.53236784E-01  8.12539196E+00  6.37114197E-02
3.53628617E-01  8.21868801E+00  6.42202571E-02
3.54020449E-01  8.19922733E+00  6.38425052E-02
3.54412281E-01  8.23034668E+00  6.47697523E-02
3.54804113E-01  8.28988743E+00  6.41317964E-02
3.55195946E-01  8.12111092E+00  6.44045994E-02
3.55587778E-01  8.18934822E+00  6.41714856E-02
3.55979610E-01  8.22920704E+00  6.45056069E-02
3.56371442E-01  8.23748875E+00  6.51475042E-02
3.56763275E-01  8.03876495E+00  6.37555644E-02
3.57155107E-01  8.09740257E+00  6.48082569E-02
3.57546939E-01  8.14143467E+00  6.42753765E-02
3.57938771E-01  8.11727619E+00  6.46553785E-02
3.58330604E-01  8.16444492E+00  6.51780441E-02
3.58722436E-01  8.15862083E+00  6.45237640E-02
3.59114268E-01  8.13566780E+00  6.53009266E-02
3.59506101E-01  8.09394932E+00  6.45638555E-02
3.59897933E-01  8.13375950E+00  6.56717569E-02
3.60289765E-01  8.13096237E+00  6.49957210E-02
3.60681597E-01  8.14862633E+00  6.50331229E-02
3.61073430E-01  8.12723255E+00  6.56811744E-02
3.61465262E-01  8.10625553E+00  6.51341304E-02
3.61857094E-01  8.17037964E+00  6.61184564E-02
3.62248926E-01  8.13718796E+00  6.53953329E-02
3.62640759E-01  8.05276203E+00  6.53294250E-02
3.63032591E-01  8.08197784E+00  6.58837408E-02
3.63424423E-01  8.18643761E+00  6.57317266E-02
3.63816255E-01  8.10507011E+00  6.61555752E-02
3.64208088E-01  8.14906502E+00  6.57204092E-02
3.64599920E-01  8.14928341E+00  6.67682514E-02
3.64991752E-01  8.14314651E+00  6.61345348E-02
3.65383584E-01  8.13832569E+00  6.60801306E-02
3.65775417E-01  8.15637112E+00  6.67077601E-02
3.66167249E-01  8.05484867E+00  6.58642352E-02
3.66559081E-01  8.09819317E+00  6.71477243E-02
3.66950914E-01  8.06601524E+00  6.54218718E-02
3.67342746E-01  8.10452652E+00  6.65693432E-02
3.67734578E-01  8.16816616E+00  6.68668821E-02
3.68126410E-01  8.04566002E+00  6.62918687E-02
3.68518243E-01  8.10436726E+00  6.69348240E-02
3.68910075E-01  8.15028954E+00  6.64163455E-02
3.69301907E-01  8.19598007E+00  6.74800575E-02
3.69693739E-01  7.98678780E+00  6.61944076E-02
3.70085572E-01  8.18106842E+00  6.68494180E-02
3.70477404E-01  8.07235050E+00  6.69518560E-02
3.70869236E-01  8.12073898E+00  6.68945909E-02
3.71261068E-01  8.09393597E+00  6.76234439E-02
3.71652901E-01  8.07296848E+00  6.66800514E-02
3.72044733E-01  7.98690510E+00  6.64699003E-02
3.72436565E-01  7.99816513E+00  6.68302923E-02
3.72828397E-01  8.06676960E+00  6.68205842E-02
3.73220230E-01  8.04300785E+00  6.74503148E-02
3.73612062E-01  8.11638641E+00  6.68428615E-02
3.74003894E-01  8.04150009E+00  6.75208196E-02
3.74395726E-01  8.06299019E+00  6.73273057E-02
3.74787559E-01  8.08523464E+00  6.71210736E-02
3.75179391E-01  8.09049988E+00  6.76892996E-02
3.75571223E-01  8.15954876E+00  6.75983876E-02
3.75963056E-01  7.94767284E+00  6.75865561E-02
3.76354888E-01  8.07833290E+00  6.76396117E-02
3.76746720E-01  7.99331474E+00  6.70382902E-02
3.77138552E-01  8.02085495E+00  6.80344477E-02
3.77530385E-01  8.01299667E+00  6.73099682E-02
3.77922217E-01  7.93597984E+00  6.82843402E-02
3.78314049E-01  7.94516230E+00  6.72715232E-02
3.78705881E-01  8.04837799E+00  6.81527779E-02
3.79097714E-01  7.98856163E+00  6.81738034E-02
3.79489546E-01  7.97985792E+00  6.78823516E-02
3.79881378E-01  7.95895624E+00  6.83254004E-02
3.80273210E-01  8.17322063E+00  6.84653074E-02
3.80665043E-01  8.05956078E+00  6.90594018E-02
3.81056875E-01  7.79957342E+00  6.78172484E-02
3.81448707E-01  8.06480789E+00  6.85207471E-02
3.81840539E-01  8.04084873E+00  6.93692267E-02
3.82232372E-01  7.98676872E+00  6.79928139E-02
3.82624204E-01  7.80397701E+00  6.86888918E-02
3.83016036E-01  7.93740559E+00  6.86174035E-02
3.83407869E-01  7.91432858E+00  6.83770403E-02
3.83799701E-01  7.97762442E+00  6.95338324E-02
3.84191533E-01  8.07992554E+00  6.90692887E-02
3.84583365E-01  7.96988821E+00  6.97959289E-02
3.84975198E-01  7.95737600E+00  6.87463880E-02
3.85367030E-01  8.03062153E+00  7.00196996E-02
3.85758862E-01  7.96758127E+00  6.95971400E-02
3.86150694E-01  7.96474028E+00  6.95431530E-02
3.86542527E-01  7.85502291E+00  6.94835559E-02
3.86934359E-01  8.00232601E+00  6.94568902E-02
3.87326191E-01  7.89641762E+00  6.99455664E-02
3.87718023E-01  7.93973017E+00  6.97946027E-02
3.88109856E-01  8.03195477E+00  7.00286552E-02
3.88501688E-01  8.00382519E+00  7.04861432E-02
3.88893520E-01  7.92578125E+00  6.99481890E-02
3.89285352E-01  7.96422243E+00  7.08610043E-02
3.89677185E-01  7.92759323E+00  6.98500276E-02
3.90069017E-01  7.83333254E+00  7.01673776E-02
3.90460849E-01  8.02713490E+00  7.08537102E-02
3.90852681E-01  7.94668627E+00  7.04544410E-02
3.91244514E-01  8.04668617E+00  7.13410228E-02
3.91636346E-01  7.82916403E+00  6.97809756E-02
3.92028178E-01  7.92703247E+00  7.08986968E-02
3.92420011E-01  8.02744198E+00  7.11676180E-02
3.92811843E-01  7.93189716E+00  7.08544105E-02
3.93203675E-01  7.91664219E+00  7.08312690E-02
3.93595507E-01  7.91288757E+00  7.05047920E-02
3.93987340E-01  7.90761900E+00  7.35282376E-02
3.94379172E-01  7.86502266E+00  7.32557699E-02
3.94771004E-01  8.09533882E+00  7.57467374E-02
3.95162836E-01  8.02518177E+00  7.55514055E-02
3.95554669E-01  8.01230049E+00  7.63595849E-02
3.95946501E-01  7.87699509E+00  7.73519352E-02
3.96338333E-01  8.03651524E+00  7.64758363E-02
3.96730165E-01  7.95914030E+00  7.84389749E-02
3.97121998E-01  7.93627787E+00  7.77319670E-02
3.97513830E-01  7.98812723E+00  7.89473206E-02
3.97905662E-01  7.96478891E+00  7.92016611E-02
3.98297494E-01  7.82297945E+00  7.82493651E-02
3.98689327E-01  8.07058048E+00  8.16335306E-02
3.99081159E-01  7.94049168E+00  7.99950585E-02
3.99472991E-01  7.98665333E+00  8.06485862E-02
3.99864824E-01  8.02391434E+00  8.12655017E-02
4.00256656E-01  7.90040874E+00  8.13395232E-02
4.00648488E-01  8.03723907E+00  8.36939961E-02
4.01040320E-01  7.94440222E+00  8.11625719E-02
4.01432153E-01  7.93347931E+00  8.29379261E-02
4.01823985E-01  7.90473986E+00  8.26103911E-02
4.02215817E-01  7.91418314E+00  8.34877789E-02
4.02607649E-01  7.99245977E+00  8.40473846E-02
4.02999482E-01  7.89616537E+00  8.33208859E-02
4.03391314E-01  7.82430792E+00  8.48915055E-02
4.03783146E-01  8.05555820E+00  8.53216723E-02
4.04174978E-01  7.96551466E+00  8.56160596E-02
4.04566811E-01  7.92969275E+00  8.45020041E-02
4.04958643E-01  7.98968410E+00  8.63409117E-02
4.05350475E-01  7.90831566E+00  8.65447596E-02
4.05742307E-01  8.02188492E+00  8.61572698E-02
4.06134140E-01  8.03065395E+00  8.72948766E-02
4.06525972E-01  7.96159077E+00  8.64318684E-02
4.06917804E-01  8.09386444E+00  8.80548507E-02
4.07309637E-01  7.95187616E+00  8.78244936E-02
4.07701469E-01  8.04618263E+00  8.77544954E-02
4.08093301E-01  8.07085228E+00  8.96982849E-02
4.08485133E-01  7.98329735E+00  8.85558352E-02
4.08876966E-01  7.87304831E+00  8.89908299E-02
4.09268798E-01  8.05031586E+00  8.88413042E-02
4.09660630E-01  8.03709030E+00  9.02303681E-02
4.10052462E-01  7.84024715E+00  8.98451880E-02
4.10444295E-01  7.97807646E+00  9.07713845E-02
4.10836127E-01  7.82095909E+00  8.99198502E-02
4.11227959E-01  7.93734074E+00  9.04015750E-02
4.11619791E-01  8.13704300E+00  9.26280171E-02
4.12011624E-01  8.08682728E+00  9.27805826E-02
4.12403456E-01  8.03168583E+00  9.22694728E-02
4.12795288E-01  8.10253143E+00  9.34665576E-02
4.13187120E-01  8.09454632E+00  9.40781236E-02
4.13578953E-01  8.03352070E+00  9.35205743E-02
4.13970785E-01  7.92060900E+00  9.31642950E-02
4.14362617E-01  7.88948822E+00  9.34403688E-02
4.14754449E-01  8.02523232E+00  9.49748233E-02
4.15146282E-01  8.08295345E+00  9.58527848E-02
4.15538114E-01  7.87852669E+00  9.43147317E-02
4.15929946E-01  7.91721010E+00  9.48662236E-02
4.16321779E-01  8.08750916E+00  9.72073227E-02
4.16713611E-01  7.95536518E+00  9.59662572E-02
4.17105443E-01  8.16280460E+00  9.83470455E-02
4.17497275E-01  8.10856628E+00  9.70546529E-02
4.17889108E-01  7.89407301E+00  9.70590860E-02
4.18280940E-01  8.13946629E+00  9.96852070E-02
4.18672772E-01  7.98566198E+00  9.79706720E-02
4.19064604E-01  7.96851492E+00  9.81004983E-02
4.19456437E-01  7.96336746E+00  9.95732173E-02
4.19848269E-01  7.92314625E+00  9.85935777E-02
4.20240101E-01  8.03528690E+00  1.01154849E-01
4.20631933E-01  8.00783062E+00  9.93020013E-02
4.21023766E-01  7.79261160E+00  9.95540842E-02
4.21415598E-01  7.90296412E+00  1.01220280E-01
4.21807430E-01  7.96835709E+00  1.01378262E-01
4.22199262E-01  7.77643919E+00  9.98951644E-02
4.22591095E-01  8.04061604E+00  1.02363884E-01
4.22982927E-01  8.02209759E+00  1.02779850E-01
4.23374759E-01  8.06982231E+00  1.04111575E-01
4.23766592E-01  8.20626068E+00  1.03348166E-01
4.24158424E-01  8.03257370E+00  1.03596531E-01
4.24550256E-01  7.94836855E+00  1.03743032E-01
4.24942088E-01  7.89923620E+00  1.03145696E-01
4.25333921E-01  7.85624456E+00  1.02865323E-01
4.25725753E-01  7.91830778E+00  1.03271537E-01
4.26117585E-01  8.17040062E+00  1.06261551E-01
4.26509417E-01  8.04744053E+00  1.05750151E-01
4.26901250E-01  8.26318359E+00  1.05781890E-01
4.27293082E-01  7.90601349E+00  1.04315862E-01
4.27684914E-01  8.07970715E+00  1.05891109E-01
4.28076746E-01  8.16763496E+00  1.07357413E-01
4.28468579E-01  7.97306681E+00  1.05191432E-01
4.28860411E-01  8.00191784E+00  1.05747081E-01
4.29252243E-01  7.88079500E+00  1.06506959E-01
4.29644075E-01  7.69860888E+00  1.05194248E-01
4.30035908E-01  7.97087622E+00  1.05911821E-01
4.30427740E-01  8.01232243E+00  1.07164882E-01


### HEADER:
#
#{
#    "analysis": {},
#    "calibration_params": {
#        "Beam_Center_X": 730.0374262707371,
#        "Beam_Center_Y": 675.3320572331704,
#        "Detector Tilt": 0.026259007459965275,
#        "Detector Tilt Plane Rotation": 73.53223173202183,
#        "Detector_X_Pixel_Size": 172.0,
#        "Detector_Y_Pixel_Size": 172.0,
#        "Integration Method": "nosplit_csr",
#        "Radial_Average_Method": "pyFAI",
#        "Sample-to-detector distance (mm)": 2662.970378639845,
#        "Wavelength (A)": 1.03320164497
#    },
#    "config_file": "C:\\Users\\Administrator\\AppData\\Local\\RAW\\backup.cfg",
#    "counters": {},
#    "filename": "3dac-60_0061_00003.tif",
#    "history": {},
#    "imageHeader": {
#        "Alpha": "0.0000 deg.",
#        "Angle_increment": "0.1000 deg.",
#        "Beam_xy": "(0.00, 0.00) pixels",
#        "Chi": "0.0000 deg.",
#        "Count_cutoff": "1157021 counts",
#        "Detector_2theta": "0.0000 deg.",
#        "Detector_Voffset": "0.00000 m",
#        "Detector_distance": "1.00000 m",
#        "Energy_range": "(0, 0) eV",
#        "Excluded_pixels": "badpix_mask.tif",
#        "Exposure_period": "1.1000000 s",
#        "Exposure_time": "1.0000000 s",
#        "Filter_transmission": "1.0000",
#        "Flat_field": "FF_p24-0163_E12000_T6000_vrf_m0p100.tif",
#        "Flux": "0.000000",
#        "Gain_setting": "autog (vrf = 1.000)",
#        "Image_path": "/user-data/2022/202209/20220910/hongliang/",
#        "Kappa": "0.0000 deg.",
#        "N_excluded_pixels": "61",
#        "N_oscillations": "1",
#        "Oscillation_axis": "X, CW",
#        "Phi": "0.0000 deg.",
#        "Pixel_size": "172e-6 m x 172e-6 m",
#        "Polarization": "0.990",
#        "Ratecorr_lut_directory": "ContinuousStandard_v1.1",
#        "Retrigger_mode": "1",
#        "Silicon": "sensor, thickness 0.000450",
#        "Start_angle": "0.2000 deg.",
#        "Tau": "0 s",
#        "Threshold_setting": "6000 eV",
#        "Trim_file": "p24-0163_E12000_T6000.bin",
#        "Wavelength (A)": "1.54000 A"
#    },
#    "load_path": "C:\\Users\\Administrator\\Desktop\\UserData\\2022\\202209\\20220910\\hongliang\\3dac-60_0061_00003.tif",
#    "normalizations": {
#        "Polarization": {
#            "Used": false
#        },
#        "Solid_Angle_Correction": "On"
#    },
#    "raw_version": "2.1.1"
#}

