### DATA:
#
# 1081
#      Q             I(Q)           Error     
7.24889685E-03  4.76450098E+03  8.25012302E+00
7.64072911E-03  4.06704272E+03  7.56852007E+00
8.03256137E-03  3.53809668E+03  7.01002264E+00
8.42439364E-03  3.06580811E+03  5.74158621E+00
8.81622590E-03  2.68349487E+03  5.43038464E+00
9.20805816E-03  2.35765771E+03  4.80774355E+00
9.59989042E-03  2.08567041E+03  4.43578959E+00
9.99172268E-03  1.84197449E+03  4.00215578E+00
1.03835549E-02  1.63697693E+03  3.61882401E+00
1.07753872E-02  1.46607971E+03  3.41110253E+00
1.11672195E-02  1.30745325E+03  3.08925772E+00
1.15590517E-02  1.17817786E+03  2.89066172E+00
1.19508840E-02  1.06457300E+03  2.64647245E+00
1.23427163E-02  9.59210876E+02  2.51209950E+00
1.27345485E-02  8.74744019E+02  2.33820248E+00
1.31263808E-02  7.89393250E+02  2.16767311E+00
1.35182130E-02  7.19223145E+02  2.02728415E+00
1.39100453E-02  6.59403625E+02  1.88287330E+00
1.43018776E-02  6.02307800E+02  1.81917965E+00
1.46937098E-02  5.52957703E+02  1.71047652E+00
1.50855421E-02  5.10338593E+02  1.55891275E+00
1.54773744E-02  4.68128143E+02  1.51857650E+00
1.58692066E-02  4.33472443E+02  1.41662955E+00
1.62610389E-02  4.00326965E+02  1.37742746E+00
1.66528711E-02  3.71412384E+02  1.27633119E+00
1.70447034E-02  3.46506592E+02  1.21949649E+00
1.74365357E-02  3.22603424E+02  1.16671073E+00
1.78283679E-02  3.02042206E+02  1.12891877E+00
1.82202002E-02  2.82871094E+02  1.10184252E+00
1.86120325E-02  2.64893799E+02  1.03981519E+00
1.90038647E-02  2.49723511E+02  1.00754774E+00
1.93956970E-02  2.36833786E+02  9.91326869E-01
1.97875292E-02  2.21155823E+02  9.40552294E-01
2.01793615E-02  2.13566101E+02  9.26126719E-01
2.05711938E-02  2.01187347E+02  8.86511564E-01
2.09630260E-02  1.90869858E+02  8.66874158E-01
2.13548583E-02  1.83117401E+02  8.47420692E-01
2.17466905E-02  1.73530151E+02  8.10755789E-01
2.21385228E-02  1.65738449E+02  7.92345107E-01
2.25303551E-02  1.57314636E+02  7.63321579E-01
2.29221873E-02  1.50977005E+02  7.56237984E-01
2.33140196E-02  1.44276871E+02  7.35102534E-01
2.37058519E-02  1.40211960E+02  7.03889847E-01
2.40976841E-02  1.34953629E+02  6.93018258E-01
2.44895164E-02  1.28969025E+02  6.65735781E-01
2.48813486E-02  1.23555870E+02  6.47182167E-01
2.52731809E-02  1.19045647E+02  6.22721136E-01
2.56650132E-02  1.14478561E+02  5.94423175E-01
2.60568454E-02  1.08696220E+02  5.86502731E-01
2.64486777E-02  1.05723061E+02  5.64315975E-01
2.68405100E-02  1.02833031E+02  5.54052114E-01
2.72323422E-02  9.87669830E+01  5.36618590E-01
2.76241745E-02  9.68939056E+01  5.20980179E-01
2.80160067E-02  9.25073547E+01  5.13383389E-01
2.84078390E-02  8.96570282E+01  4.94272679E-01
2.87996713E-02  8.64277725E+01  4.82017517E-01
2.91915035E-02  8.42832489E+01  4.65482831E-01
2.95833358E-02  8.07074738E+01  4.61471945E-01
2.99751681E-02  7.84663239E+01  4.53229517E-01
3.03670003E-02  7.62504959E+01  4.34449285E-01
3.07588326E-02  7.34177399E+01  4.25776452E-01
3.11506648E-02  7.17541046E+01  4.12359476E-01
3.15424971E-02  6.86376724E+01  4.10166591E-01
3.19343294E-02  6.73174286E+01  3.97528470E-01
3.23261616E-02  6.47713623E+01  3.87221247E-01
3.27179939E-02  6.30300255E+01  3.78062963E-01
3.31098262E-02  6.14153748E+01  3.71091574E-01
3.35016584E-02  5.93842812E+01  3.66137385E-01
3.38934907E-02  5.85671768E+01  3.54523122E-01
3.42853229E-02  5.69140472E+01  3.50993752E-01
3.46771552E-02  5.53700714E+01  3.42876673E-01
3.50689875E-02  5.45258064E+01  3.37752223E-01
3.54608197E-02  5.29965134E+01  3.32634479E-01
3.58526520E-02  5.14301834E+01  3.19769204E-01
3.62444842E-02  5.03482780E+01  3.19905430E-01
3.66363165E-02  4.91714096E+01  3.14234406E-01
3.70281488E-02  4.76896057E+01  3.05501819E-01
3.74199810E-02  4.62916489E+01  2.96668202E-01
3.78118133E-02  4.47630768E+01  2.85034209E-01
3.82036456E-02  4.33830299E+01  2.85841823E-01
3.85954778E-02  4.26379929E+01  2.77432144E-01
3.89873101E-02  4.14444656E+01  2.72295833E-01
3.93791423E-02  4.03294258E+01  2.66941845E-01
3.97709746E-02  3.97875595E+01  2.63748378E-01
4.01628069E-02  3.86205864E+01  2.63801575E-01
4.05546391E-02  3.77221451E+01  2.52436429E-01
4.09464714E-02  3.68988075E+01  2.50514299E-01
4.13383037E-02  3.64162903E+01  2.46988028E-01
4.17301359E-02  3.54410782E+01  2.42644683E-01
4.21219682E-02  3.42381897E+01  2.40092188E-01
4.25138004E-02  3.39800148E+01  2.33739838E-01
4.29056327E-02  3.31204376E+01  2.31323183E-01
4.32974650E-02  3.25056839E+01  2.27518395E-01
4.36892972E-02  3.17820225E+01  2.23728314E-01
4.40811295E-02  3.12047176E+01  2.22919270E-01
4.44729618E-02  3.03797398E+01  2.14554518E-01
4.48647940E-02  2.99209652E+01  2.16568559E-01
4.52566263E-02  2.93383503E+01  2.12134972E-01
4.56484585E-02  2.87298679E+01  2.06316292E-01
4.60402908E-02  2.82573242E+01  2.05836058E-01
4.64321231E-02  2.79806423E+01  2.01822549E-01
4.68239553E-02  2.75256424E+01  2.02850074E-01
4.72157876E-02  2.68544121E+01  1.97432235E-01
4.76076199E-02  2.65225220E+01  1.94939524E-01
4.79994521E-02  2.61717377E+01  1.92956343E-01
4.83912844E-02  2.52702103E+01  1.87743843E-01
4.87831166E-02  2.54365196E+01  1.89957067E-01
4.91749489E-02  2.48803787E+01  1.84750751E-01
4.95667812E-02  2.46237335E+01  1.83168501E-01
4.99586134E-02  2.44831047E+01  1.84156388E-01
5.03504457E-02  2.38955822E+01  1.79828763E-01
5.07422779E-02  2.38199596E+01  1.78819656E-01
5.11341102E-02  2.33649521E+01  1.74545228E-01
5.15259425E-02  2.30784073E+01  1.75309941E-01
5.19177747E-02  2.24594231E+01  1.72484353E-01
5.23096070E-02  2.24578857E+01  1.70458645E-01
5.27014393E-02  2.21462784E+01  1.67866394E-01
5.30932715E-02  2.17122612E+01  1.65897205E-01
5.34851038E-02  2.15937843E+01  1.66609585E-01
5.38769360E-02  2.09886169E+01  1.62697569E-01
5.42687683E-02  2.07972813E+01  1.60842717E-01
5.46606006E-02  2.06156158E+01  1.59643173E-01
5.50524328E-02  2.05506573E+01  1.58222482E-01
5.54442651E-02  2.02250366E+01  1.58123955E-01
5.58360974E-02  1.99812679E+01  1.53692961E-01
5.62279296E-02  1.98736515E+01  1.54749006E-01
5.66197619E-02  1.94727840E+01  1.52265936E-01
5.70115941E-02  1.95314522E+01  1.51684865E-01
5.74034264E-02  1.89335823E+01  1.50054008E-01
5.77952587E-02  1.92517605E+01  1.49023682E-01
5.81870909E-02  1.88000660E+01  1.47095650E-01
5.85789232E-02  1.85820904E+01  1.46324739E-01
5.89707555E-02  1.83571548E+01  1.44441575E-01
5.93625877E-02  1.81209202E+01  1.43590882E-01
5.97544200E-02  1.79406681E+01  1.40885651E-01
6.01462522E-02  1.76866436E+01  1.41538441E-01
6.05380845E-02  1.77882118E+01  1.40597403E-01
6.09299168E-02  1.74453545E+01  1.39313400E-01
6.13217490E-02  1.76086445E+01  1.42032906E-01
6.17135813E-02  1.70256195E+01  1.39902472E-01
6.21054136E-02  1.72476673E+01  1.42879784E-01
6.24972458E-02  1.69396038E+01  1.39388740E-01
6.28890781E-02  1.67293167E+01  1.39809608E-01
6.32809103E-02  1.64597359E+01  1.38195172E-01
6.36727426E-02  1.64652290E+01  1.38864279E-01
6.40645749E-02  1.62095814E+01  1.38842970E-01
6.44564071E-02  1.61016521E+01  1.36922568E-01
6.48482394E-02  1.63000641E+01  1.38409764E-01
6.52400716E-02  1.58073578E+01  1.35586858E-01
6.56319039E-02  1.56732960E+01  1.35563686E-01
6.60237362E-02  1.55191164E+01  1.34816378E-01
6.64155684E-02  1.53591299E+01  1.33110508E-01
6.68074007E-02  1.54231443E+01  1.34399146E-01
6.71992330E-02  1.51436090E+01  1.32787600E-01
6.75910652E-02  1.52104540E+01  1.32848725E-01
6.79828975E-02  1.52775307E+01  1.31697953E-01
6.83747297E-02  1.48237581E+01  1.27224982E-01
6.87665620E-02  1.49754772E+01  1.28084451E-01
6.91583943E-02  1.45437241E+01  1.24332584E-01
6.95502265E-02  1.48152666E+01  1.25688583E-01
6.99420588E-02  1.45328932E+01  1.22667752E-01
7.03338911E-02  1.44302864E+01  1.21918991E-01
7.07257233E-02  1.45179653E+01  1.22668535E-01
7.11175556E-02  1.40612278E+01  1.18949570E-01
7.15093878E-02  1.41405811E+01  1.19646542E-01
7.19012201E-02  1.42266207E+01  1.18403152E-01
7.22930524E-02  1.39691296E+01  1.17909193E-01
7.26848846E-02  1.40456219E+01  1.17997110E-01
7.30767169E-02  1.38214369E+01  1.15852378E-01
7.34685492E-02  1.39944010E+01  1.16069183E-01
7.38603814E-02  1.37647190E+01  1.14562877E-01
7.42522137E-02  1.36995096E+01  1.14729658E-01
7.46440459E-02  1.37077484E+01  1.14108481E-01
7.50358782E-02  1.33634939E+01  1.11146539E-01
7.54277105E-02  1.33120070E+01  1.12502977E-01
7.58195427E-02  1.31921368E+01  1.10585310E-01
7.62113750E-02  1.34880543E+01  1.11202218E-01
7.66032072E-02  1.33048973E+01  1.10142291E-01
7.69950395E-02  1.32733889E+01  1.09169304E-01
7.73868718E-02  1.33609171E+01  1.11136638E-01
7.77787040E-02  1.30644846E+01  1.07728407E-01
7.81705363E-02  1.30086126E+01  1.08075373E-01
7.85623686E-02  1.29848433E+01  1.06691509E-01
7.89542008E-02  1.28181543E+01  1.06051125E-01
7.93460331E-02  1.28333654E+01  1.06582649E-01
7.97378653E-02  1.27072716E+01  1.05040297E-01
8.01296976E-02  1.28501644E+01  1.05173878E-01
8.05215299E-02  1.25981379E+01  1.04227245E-01
8.09133621E-02  1.25170021E+01  1.03446297E-01
8.13051944E-02  1.25933180E+01  1.03628531E-01
8.16970267E-02  1.24845839E+01  1.02140687E-01
8.20888589E-02  1.25166368E+01  1.03312820E-01
8.24806912E-02  1.23403511E+01  1.01464488E-01
8.28725234E-02  1.24471741E+01  1.01902850E-01
8.32643557E-02  1.24285564E+01  1.00905210E-01
8.36561880E-02  1.24007721E+01  1.00179031E-01
8.40480202E-02  1.22154732E+01  1.00782380E-01
8.44398525E-02  1.21930437E+01  9.91763324E-02
8.48316848E-02  1.20957775E+01  9.93830413E-02
8.52235170E-02  1.21972189E+01  9.85990092E-02
8.56153493E-02  1.20284386E+01  9.82281566E-02
8.60071815E-02  1.20414572E+01  9.84790698E-02
8.63990138E-02  1.19236746E+01  9.66819674E-02
8.67908461E-02  1.18831902E+01  9.70517248E-02
8.71826783E-02  1.21004810E+01  9.67914611E-02
8.75745106E-02  1.18431826E+01  9.65448320E-02
8.79663429E-02  1.20519590E+01  9.67849344E-02
8.83581751E-02  1.16945305E+01  9.49708298E-02
8.87500074E-02  1.18303366E+01  9.53006297E-02
8.91418396E-02  1.17852154E+01  9.47559327E-02
8.95336719E-02  1.15825148E+01  9.41170305E-02
8.99255042E-02  1.16182699E+01  9.35498253E-02
9.03173364E-02  1.16104507E+01  9.33779553E-02
9.07091687E-02  1.13444233E+01  9.25805494E-02
9.11010009E-02  1.15376644E+01  9.25653204E-02
9.14928332E-02  1.13967304E+01  9.21009928E-02
9.18846655E-02  1.14713774E+01  9.16216150E-02
9.22764977E-02  1.14114599E+01  9.17182416E-02
9.26683300E-02  1.13137407E+01  9.27013308E-02
9.30601623E-02  1.13840494E+01  9.31305960E-02
9.34519945E-02  1.11683273E+01  9.26329866E-02
9.38438268E-02  1.09850740E+01  9.10347849E-02
9.42356590E-02  1.13171625E+01  9.33201611E-02
9.46274913E-02  1.10217018E+01  9.20940712E-02
9.50193236E-02  1.11734238E+01  9.21255127E-02
9.54111558E-02  1.12451143E+01  9.30588543E-02
9.58029881E-02  1.11774988E+01  9.10094231E-02
9.61948204E-02  1.12125778E+01  9.07165259E-02
9.65866526E-02  1.10939922E+01  8.96456763E-02
9.69784849E-02  1.12167320E+01  8.95906240E-02
9.73703171E-02  1.09152002E+01  8.88884738E-02
9.77621494E-02  1.09985418E+01  8.87469947E-02
9.81539817E-02  1.09535732E+01  8.84705856E-02
9.85458139E-02  1.09836893E+01  8.84344727E-02
9.89376462E-02  1.10563822E+01  8.93651098E-02
9.93294785E-02  1.09648809E+01  9.12979543E-02
9.97213107E-02  1.11049452E+01  9.19492766E-02
1.00113143E-01  1.08657551E+01  9.15126577E-02
1.00504975E-01  1.07998009E+01  9.13402438E-02
1.00896808E-01  1.08938360E+01  9.18436721E-02
1.01288640E-01  1.07153540E+01  9.22743604E-02
1.01680472E-01  1.08103714E+01  9.22079235E-02
1.02072304E-01  1.06345148E+01  9.04647484E-02
1.02464137E-01  1.07986212E+01  9.11251679E-02
1.02855969E-01  1.05477810E+01  8.98538157E-02
1.03247801E-01  1.06271591E+01  8.96782726E-02
1.03639633E-01  1.06420603E+01  8.97752568E-02
1.04031466E-01  1.06935091E+01  9.03347209E-02
1.04423298E-01  1.06894455E+01  9.02488753E-02
1.04815130E-01  1.04352064E+01  8.90338421E-02
1.05206962E-01  1.05864773E+01  8.95072296E-02
1.05598795E-01  1.06610107E+01  8.94841254E-02
1.05990627E-01  1.04418669E+01  8.87264833E-02
1.06382459E-01  1.06523199E+01  8.82954001E-02
1.06774291E-01  1.05231171E+01  8.75983983E-02
1.07166124E-01  1.04199409E+01  8.60770121E-02
1.07557956E-01  1.02919827E+01  8.53350163E-02
1.07949788E-01  1.03666229E+01  8.57654139E-02
1.08341620E-01  1.04911661E+01  8.52574110E-02
1.08733453E-01  1.04571686E+01  8.55050683E-02
1.09125285E-01  1.03222904E+01  8.36752951E-02
1.09517117E-01  1.03064051E+01  8.40394720E-02
1.09908950E-01  1.03447723E+01  8.39375556E-02
1.10300782E-01  1.04142179E+01  8.33164155E-02
1.10692614E-01  1.04689312E+01  8.38992447E-02
1.11084446E-01  1.03473177E+01  8.26095268E-02
1.11476279E-01  1.03679838E+01  8.26376826E-02
1.11868111E-01  1.00961666E+01  8.10420960E-02
1.12259943E-01  1.02100334E+01  8.13658237E-02
1.12651775E-01  1.02878780E+01  8.16755593E-02
1.13043608E-01  1.01684456E+01  8.05246234E-02
1.13435440E-01  1.01285477E+01  8.04435909E-02
1.13827272E-01  1.01481123E+01  7.99113512E-02
1.14219104E-01  1.01491385E+01  7.96654299E-02
1.14610937E-01  1.01006031E+01  7.98248500E-02
1.15002769E-01  1.00196228E+01  7.87629262E-02
1.15394601E-01  1.01715498E+01  7.98536465E-02
1.15786433E-01  1.01027956E+01  7.88943917E-02
1.16178266E-01  1.00197868E+01  7.89106339E-02
1.16570098E-01  9.87784958E+00  7.78677016E-02
1.16961930E-01  1.00761299E+01  7.79550970E-02
1.17353763E-01  1.00928755E+01  7.87593126E-02
1.17745595E-01  1.00595293E+01  7.76109546E-02
1.18137427E-01  1.01795063E+01  7.85202384E-02
1.18529259E-01  1.00193977E+01  7.72025958E-02
1.18921092E-01  1.00275574E+01  7.68694356E-02
1.19312924E-01  1.00852404E+01  7.76178166E-02
1.19704756E-01  1.00410194E+01  7.67407343E-02
1.20096588E-01  9.99165726E+00  7.69135356E-02
1.20488421E-01  9.86170483E+00  7.60304183E-02
1.20880253E-01  9.93004513E+00  7.58505091E-02
1.21272085E-01  9.76038361E+00  7.57279024E-02
1.21663917E-01  9.94488811E+00  7.57322609E-02
1.22055750E-01  9.86511993E+00  7.59552345E-02
1.22447582E-01  9.84533310E+00  7.50503317E-02
1.22839414E-01  9.80682373E+00  7.52702728E-02
1.23231246E-01  9.90922642E+00  7.56187215E-02
1.23623079E-01  9.74408054E+00  7.41150156E-02
1.24014911E-01  9.88453197E+00  7.51572177E-02
1.24406743E-01  9.69106960E+00  7.37267286E-02
1.24798575E-01  9.78441238E+00  7.45210052E-02
1.25190408E-01  9.78587246E+00  7.40038529E-02
1.25582240E-01  9.76155186E+00  7.37882853E-02
1.25974072E-01  9.78670120E+00  7.40694478E-02
1.26365905E-01  9.76375866E+00  7.33081847E-02
1.26757737E-01  9.68827057E+00  7.36138895E-02
1.27149569E-01  9.76288414E+00  7.33657479E-02
1.27541401E-01  9.61471939E+00  7.22911209E-02
1.27933234E-01  9.59783745E+00  7.25238249E-02
1.28325066E-01  9.66188049E+00  7.25473538E-02
1.28716898E-01  9.81532669E+00  7.31611550E-02
1.29108730E-01  9.62185574E+00  7.18709677E-02
1.29500563E-01  9.47915649E+00  7.12597668E-02
1.29892395E-01  9.48802280E+00  7.18336254E-02
1.30284227E-01  9.63477421E+00  7.16701671E-02
1.30676059E-01  9.68335915E+00  7.19658956E-02
1.31067892E-01  9.60248852E+00  7.11158887E-02
1.31459724E-01  9.62912273E+00  7.12896809E-02
1.31851556E-01  9.65468884E+00  7.16875270E-02
1.32243388E-01  9.57092857E+00  7.06654340E-02
1.32635221E-01  9.57961369E+00  7.07160756E-02
1.33027053E-01  9.53917980E+00  7.05484226E-02
1.33418885E-01  9.46367168E+00  7.03973919E-02
1.33810718E-01  9.52810478E+00  7.01792166E-02
1.34202550E-01  9.45385456E+00  6.94760829E-02
1.34594382E-01  9.46536064E+00  6.99661374E-02
1.34986214E-01  9.47333431E+00  6.98155835E-02
1.35378047E-01  9.48503208E+00  6.97334558E-02
1.35769879E-01  9.44504261E+00  6.91800639E-02
1.36161711E-01  9.32163715E+00  6.86920285E-02
1.36553543E-01  9.41419601E+00  6.89800382E-02
1.36945376E-01  9.38252163E+00  6.85531646E-02
1.37337208E-01  9.44789600E+00  6.88089430E-02
1.37729040E-01  9.39595699E+00  6.81941584E-02
1.38120872E-01  9.33395195E+00  6.80531263E-02
1.38512705E-01  9.45291710E+00  6.87416717E-02
1.38904537E-01  9.35932827E+00  6.75293133E-02
1.39296369E-01  9.38931084E+00  6.81369528E-02
1.39688201E-01  9.42968082E+00  6.79485425E-02
1.40080034E-01  9.56506824E+00  6.82679489E-02
1.40471866E-01  9.41514778E+00  6.77804947E-02
1.40863698E-01  9.46623993E+00  6.75213337E-02
1.41255531E-01  9.37639332E+00  6.72164485E-02
1.41647363E-01  9.33225060E+00  6.71228617E-02
1.42039195E-01  9.24956703E+00  6.65367618E-02
1.42431027E-01  9.33332253E+00  6.70300797E-02
1.42822860E-01  9.22033024E+00  6.61163703E-02
1.43214692E-01  9.25698566E+00  6.67075962E-02
1.43606524E-01  9.25715351E+00  6.65328279E-02
1.43998356E-01  9.24817753E+00  6.58587813E-02
1.44390189E-01  9.33183193E+00  6.73502088E-02
1.44782021E-01  9.17738056E+00  6.68068975E-02
1.45173853E-01  9.30246830E+00  6.77731633E-02
1.45565685E-01  9.41277504E+00  6.78566694E-02
1.45957518E-01  9.22554684E+00  6.77269697E-02
1.46349350E-01  9.14411354E+00  6.74442947E-02
1.46741182E-01  9.13633728E+00  6.75839335E-02
1.47133014E-01  9.19430256E+00  6.79681003E-02
1.47524847E-01  9.24607468E+00  6.78703561E-02
1.47916679E-01  9.26896667E+00  6.81412742E-02
1.48308511E-01  9.41398716E+00  6.86896220E-02
1.48700343E-01  9.21067524E+00  6.83906600E-02
1.49092176E-01  9.22644997E+00  6.80534393E-02
1.49484008E-01  9.19397640E+00  6.76796511E-02
1.49875840E-01  9.20115185E+00  6.83557615E-02
1.50267673E-01  9.11714077E+00  6.78027719E-02
1.50659505E-01  9.17609596E+00  6.80046752E-02
1.51051337E-01  9.19097996E+00  6.80086091E-02
1.51443169E-01  9.25093555E+00  6.70604184E-02
1.51835002E-01  9.25961876E+00  6.74037635E-02
1.52226834E-01  9.16108322E+00  6.62058666E-02
1.52618666E-01  9.22555161E+00  6.64862543E-02
1.53010498E-01  9.17740345E+00  6.57022223E-02
1.53402331E-01  9.15540600E+00  6.61700219E-02
1.53794163E-01  9.14813328E+00  6.55514896E-02
1.54185995E-01  9.03697205E+00  6.47433251E-02
1.54577827E-01  9.09525585E+00  6.48768023E-02
1.54969660E-01  9.14972019E+00  6.49210289E-02
1.55361492E-01  9.02233315E+00  6.48568571E-02
1.55753324E-01  9.16807938E+00  6.46746904E-02
1.56145156E-01  9.04026890E+00  6.41057119E-02
1.56536989E-01  9.08216476E+00  6.42688274E-02
1.56928821E-01  8.99946976E+00  6.38742372E-02
1.57320653E-01  9.08060265E+00  6.43367544E-02
1.57712486E-01  9.11629868E+00  6.36849701E-02
1.58104318E-01  9.04304600E+00  6.35276586E-02
1.58496150E-01  9.19879436E+00  6.42158538E-02
1.58887982E-01  9.03442287E+00  6.32025152E-02
1.59279815E-01  9.07166195E+00  6.35860637E-02
1.59671647E-01  9.00799942E+00  6.26826361E-02
1.60063479E-01  9.08745193E+00  6.35005012E-02
1.60455311E-01  9.01774597E+00  6.29366338E-02
1.60847144E-01  9.15002441E+00  6.32028952E-02
1.61238976E-01  8.98296738E+00  6.25008866E-02
1.61630808E-01  9.06150532E+00  6.23819716E-02
1.62022640E-01  9.03195095E+00  6.29316419E-02
1.62414473E-01  8.99155521E+00  6.22077994E-02
1.62806305E-01  8.96005726E+00  6.19128719E-02
1.63198137E-01  9.03294659E+00  6.23243526E-02
1.63589969E-01  9.02042103E+00  6.19758964E-02
1.63981802E-01  9.02571869E+00  6.22730032E-02
1.64373634E-01  8.93500519E+00  6.14732504E-02
1.64765466E-01  8.95026207E+00  6.13189898E-02
1.65157298E-01  9.01080894E+00  6.17598929E-02
1.65549131E-01  9.02686691E+00  6.16718158E-02
1.65940963E-01  8.99232483E+00  6.16187342E-02
1.66332795E-01  8.96630955E+00  6.08658716E-02
1.66724628E-01  8.94458199E+00  6.11210614E-02
1.67116460E-01  8.93663025E+00  6.11195453E-02
1.67508292E-01  8.89110661E+00  6.06481321E-02
1.67900124E-01  8.84040928E+00  6.04501553E-02
1.68291957E-01  8.95642853E+00  6.04846589E-02
1.68683789E-01  8.92870235E+00  6.10040054E-02
1.69075621E-01  8.97003651E+00  6.05062358E-02
1.69467453E-01  8.89798450E+00  6.02260865E-02
1.69859286E-01  8.83803558E+00  6.00352399E-02
1.70251118E-01  8.94806576E+00  6.02730811E-02
1.70642950E-01  8.82715130E+00  6.01950698E-02
1.71034782E-01  8.84496117E+00  5.96476309E-02
1.71426615E-01  8.86599541E+00  5.95395416E-02
1.71818447E-01  8.90056419E+00  5.97272590E-02
1.72210279E-01  8.91687298E+00  5.97104616E-02
1.72602111E-01  8.90288448E+00  5.96756898E-02
1.72993944E-01  8.89534950E+00  5.92378639E-02
1.73385776E-01  9.00066662E+00  5.97645417E-02
1.73777608E-01  8.88722134E+00  5.94812408E-02
1.74169441E-01  8.94133377E+00  5.91933690E-02
1.74561273E-01  8.87062836E+00  5.90863340E-02
1.74953105E-01  8.79485798E+00  5.84443659E-02
1.75344937E-01  8.97976208E+00  5.94373494E-02
1.75736770E-01  8.81720352E+00  5.86784333E-02
1.76128602E-01  8.88291264E+00  5.84427454E-02
1.76520434E-01  8.89588356E+00  5.86207733E-02
1.76912266E-01  8.86987972E+00  5.83330169E-02
1.77304099E-01  8.88574696E+00  5.87237962E-02
1.77695931E-01  8.78179741E+00  5.79874516E-02
1.78087763E-01  8.87966251E+00  5.81875890E-02
1.78479595E-01  8.88825417E+00  5.84500656E-02
1.78871428E-01  8.73120785E+00  5.76446094E-02
1.79263260E-01  8.66384697E+00  5.75204417E-02
1.79655092E-01  8.81789494E+00  5.77877983E-02
1.80046924E-01  8.77306080E+00  5.76190799E-02
1.80438757E-01  8.82040405E+00  5.80051243E-02
1.80830589E-01  8.73612595E+00  5.73357120E-02
1.81222421E-01  8.86442280E+00  5.78423515E-02
1.81614254E-01  8.87421989E+00  5.74964546E-02
1.82006086E-01  8.84452343E+00  5.77777289E-02
1.82397918E-01  8.83291054E+00  5.81024550E-02
1.82789750E-01  8.76207161E+00  5.77590689E-02
1.83181583E-01  8.84710979E+00  5.83614931E-02
1.83573415E-01  8.78521919E+00  5.82019575E-02
1.83965247E-01  8.83320236E+00  5.88501059E-02
1.84357079E-01  8.77065659E+00  5.81093095E-02
1.84748912E-01  8.82108593E+00  5.85811622E-02
1.85140744E-01  8.79648781E+00  5.84655255E-02
1.85532576E-01  8.70008278E+00  5.83714172E-02
1.85924408E-01  8.80559349E+00  5.89322709E-02
1.86316241E-01  8.76206493E+00  5.83063252E-02
1.86708073E-01  8.72889423E+00  5.85831814E-02
1.87099905E-01  8.81103706E+00  5.88699058E-02
1.87491737E-01  8.84035492E+00  5.88755459E-02
1.87883570E-01  8.68974590E+00  5.84866479E-02
1.88275402E-01  8.69269562E+00  5.82341030E-02
1.88667234E-01  8.73254299E+00  5.89444973E-02
1.89059066E-01  8.85706711E+00  5.88512681E-02
1.89450899E-01  8.66126347E+00  5.79041168E-02
1.89842731E-01  8.61084747E+00  5.74145839E-02
1.90234563E-01  8.74890423E+00  5.76860569E-02
1.90626396E-01  8.77373695E+00  5.81782609E-02
1.91018228E-01  8.71089268E+00  5.70327006E-02
1.91410060E-01  8.72057724E+00  5.71819581E-02
1.91801892E-01  8.67728043E+00  5.67433424E-02
1.92193725E-01  8.65602684E+00  5.67160361E-02
1.92585557E-01  8.62208652E+00  5.67525104E-02
1.92977389E-01  8.65534401E+00  5.61952405E-02
1.93369221E-01  8.71798897E+00  5.67300506E-02
1.93761054E-01  8.69794559E+00  5.64159751E-02
1.94152886E-01  8.72508812E+00  5.64319976E-02
1.94544718E-01  8.74803734E+00  5.65166324E-02
1.94936550E-01  8.60219765E+00  5.54703511E-02
1.95328383E-01  8.59962559E+00  5.60049042E-02
1.95720215E-01  8.64568329E+00  5.58204353E-02
1.96112047E-01  8.67807102E+00  5.57548068E-02
1.96503879E-01  8.64419937E+00  5.57458289E-02
1.96895712E-01  8.72680950E+00  5.55060171E-02
1.97287544E-01  8.62603951E+00  5.58381118E-02
1.97679376E-01  8.74424362E+00  5.55226430E-02
1.98071209E-01  8.58807564E+00  5.50732687E-02
1.98463041E-01  8.71166992E+00  5.54097183E-02
1.98854873E-01  8.65565205E+00  5.50189354E-02
1.99246705E-01  8.54551601E+00  5.51025532E-02
1.99638538E-01  8.57882118E+00  5.45559227E-02
2.00030370E-01  8.64910889E+00  5.49507067E-02
2.00422202E-01  8.61466980E+00  5.50045595E-02
2.00814034E-01  8.65705013E+00  5.48046343E-02
2.01205867E-01  8.60959435E+00  5.45129441E-02
2.01597699E-01  8.75100327E+00  5.47611937E-02
2.01989531E-01  8.53174877E+00  5.43412454E-02
2.02381363E-01  8.64236355E+00  5.45045324E-02
2.02773196E-01  8.66916561E+00  5.44864275E-02
2.03165028E-01  8.67674255E+00  5.45663908E-02
2.03556860E-01  8.58518505E+00  5.40194511E-02
2.03948692E-01  8.69873047E+00  5.44960089E-02
2.04340525E-01  8.60276794E+00  5.39106876E-02
2.04732357E-01  8.61715412E+00  5.39923608E-02
2.05124189E-01  8.66075611E+00  5.39561249E-02
2.05516021E-01  8.64873600E+00  5.39913662E-02
2.05907854E-01  8.59711742E+00  5.36858663E-02
2.06299686E-01  8.57962322E+00  5.35150990E-02
2.06691518E-01  8.59829235E+00  5.36002703E-02
2.07083351E-01  8.58138371E+00  5.33788316E-02
2.07475183E-01  8.55706596E+00  5.34274317E-02
2.07867015E-01  8.60678577E+00  5.32818101E-02
2.08258847E-01  8.59181118E+00  5.32268584E-02
2.08650680E-01  8.54359627E+00  5.29556088E-02
2.09042512E-01  8.65747547E+00  5.32639176E-02
2.09434344E-01  8.52546692E+00  5.28391786E-02
2.09826176E-01  8.49927807E+00  5.25609031E-02
2.10218009E-01  8.56892586E+00  5.28704375E-02
2.10609841E-01  8.58842754E+00  5.31213544E-02
2.11001673E-01  8.52312279E+00  5.24482504E-02
2.11393505E-01  8.48610497E+00  5.24443462E-02
2.11785338E-01  8.55214214E+00  5.24365492E-02
2.12177170E-01  8.70856190E+00  5.32397293E-02
2.12569002E-01  8.50492287E+00  5.24775311E-02
2.12960834E-01  8.53358936E+00  5.22629023E-02
2.13352667E-01  8.55547142E+00  5.24727441E-02
2.13744499E-01  8.57390690E+00  5.21868691E-02
2.14136331E-01  8.48401737E+00  5.23545220E-02
2.14528164E-01  8.56428146E+00  5.22990674E-02
2.14919996E-01  8.62637520E+00  5.23551516E-02
2.15311828E-01  8.56953812E+00  5.24074435E-02
2.15703660E-01  8.50755215E+00  5.18050604E-02
2.16095493E-01  8.49683475E+00  5.20602614E-02
2.16487325E-01  8.44151115E+00  5.16283438E-02
2.16879157E-01  8.60751629E+00  5.20027578E-02
2.17270989E-01  8.42874718E+00  5.18517904E-02
2.17662822E-01  8.51075745E+00  5.14924750E-02
2.18054654E-01  8.53619766E+00  5.19669652E-02
2.18446486E-01  8.50779152E+00  5.13880737E-02
2.18838318E-01  8.50318813E+00  5.13902754E-02
2.19230151E-01  8.51471424E+00  5.17470799E-02
2.19621983E-01  8.53382111E+00  5.13638407E-02
2.20013815E-01  8.44331455E+00  5.14654517E-02
2.20405647E-01  8.55405998E+00  5.13380170E-02
2.20797480E-01  8.58956051E+00  5.15557192E-02
2.21189312E-01  8.50854778E+00  5.12963496E-02
2.21581144E-01  8.49969769E+00  5.09640537E-02
2.21972977E-01  8.49125195E+00  5.11892848E-02
2.22364809E-01  8.51616001E+00  5.10838851E-02
2.22756641E-01  8.44153023E+00  5.09376936E-02
2.23148473E-01  8.51979828E+00  5.10405563E-02
2.23540306E-01  8.42045307E+00  5.05116098E-02
2.23932138E-01  8.43972397E+00  5.07772602E-02
2.24323970E-01  8.54528332E+00  5.09080924E-02
2.24715802E-01  8.45859909E+00  5.07185385E-02
2.25107635E-01  8.45998573E+00  5.05391397E-02
2.25499467E-01  8.46289921E+00  5.04190810E-02
2.25891299E-01  8.63492680E+00  5.11596613E-02
2.26283131E-01  8.47434330E+00  5.03329597E-02
2.26674964E-01  8.52666855E+00  5.07692695E-02
2.27066796E-01  8.32883263E+00  4.98250350E-02
2.27458628E-01  8.46642017E+00  5.07663451E-02
2.27850460E-01  8.57328510E+00  5.14228456E-02
2.28242293E-01  8.41520691E+00  5.06976955E-02
2.28634125E-01  8.53088760E+00  5.13908900E-02
2.29025957E-01  8.52551270E+00  5.13194129E-02
2.29417789E-01  8.47606754E+00  5.14088348E-02
2.29809622E-01  8.37657833E+00  5.12340926E-02
2.30201454E-01  8.47605991E+00  5.12975715E-02
2.30593286E-01  8.51456928E+00  5.17356880E-02
2.30985119E-01  8.58025646E+00  5.17729074E-02
2.31376951E-01  8.45340729E+00  5.16066067E-02
2.31768783E-01  8.47703934E+00  5.15171625E-02
2.32160615E-01  8.44253349E+00  5.14043756E-02
2.32552448E-01  8.46755219E+00  5.18380515E-02
2.32944280E-01  8.42823410E+00  5.14577180E-02
2.33336112E-01  8.45316124E+00  5.17615937E-02
2.33727944E-01  8.49478912E+00  5.16689457E-02
2.34119777E-01  8.47103691E+00  5.18166833E-02
2.34511609E-01  8.54189682E+00  5.14506772E-02
2.34903441E-01  8.34054756E+00  5.05757183E-02
2.35295273E-01  8.39191055E+00  5.05922474E-02
2.35687106E-01  8.42729282E+00  5.05072214E-02
2.36078938E-01  8.37490082E+00  5.04722781E-02
2.36470770E-01  8.46572399E+00  5.05463630E-02
2.36862602E-01  8.51638508E+00  5.03575616E-02
2.37254435E-01  8.43237877E+00  5.02658002E-02
2.37646267E-01  8.39948845E+00  5.00111319E-02
2.38038099E-01  8.37446594E+00  4.98480089E-02
2.38429932E-01  8.48133850E+00  4.98781428E-02
2.38821764E-01  8.44029331E+00  4.99111190E-02
2.39213596E-01  8.43892479E+00  4.98925596E-02
2.39605428E-01  8.43672848E+00  4.95952182E-02
2.39997261E-01  8.42996883E+00  4.98518050E-02
2.40389093E-01  8.38740444E+00  4.91864309E-02
2.40780925E-01  8.34689522E+00  4.94679138E-02
2.41172757E-01  8.43035698E+00  4.93552200E-02
2.41564590E-01  8.36953163E+00  4.91416529E-02
2.41956422E-01  8.42933464E+00  4.93526198E-02
2.42348254E-01  8.40972614E+00  4.90765795E-02
2.42740086E-01  8.36362743E+00  4.92669009E-02
2.43131919E-01  8.42285061E+00  4.90522049E-02
2.43523751E-01  8.40332890E+00  4.88219187E-02
2.43915583E-01  8.39112377E+00  4.89880443E-02
2.44307415E-01  8.38595104E+00  4.87580001E-02
2.44699248E-01  8.39276218E+00  4.89792489E-02
2.45091080E-01  8.40865040E+00  4.86936681E-02
2.45482912E-01  8.34032154E+00  4.84411418E-02
2.45874744E-01  8.29662418E+00  4.84983698E-02
2.46266577E-01  8.31151581E+00  4.81756181E-02
2.46658409E-01  8.46178246E+00  4.87931669E-02
2.47050241E-01  8.34908485E+00  4.81641479E-02
2.47442074E-01  8.37963104E+00  4.84339334E-02
2.47833906E-01  8.44326591E+00  4.85229120E-02
2.48225738E-01  8.29090881E+00  4.77983244E-02
2.48617570E-01  8.42663097E+00  4.83078025E-02
2.49009403E-01  8.35863018E+00  4.79211211E-02
2.49401235E-01  8.46773529E+00  4.85601984E-02
2.49793067E-01  8.34046459E+00  4.78366315E-02
2.50184899E-01  8.35516262E+00  4.76706810E-02
2.50576732E-01  8.36321068E+00  4.79678810E-02
2.50968564E-01  8.39405632E+00  4.77559827E-02
2.51360396E-01  8.31305599E+00  4.77391444E-02
2.51752228E-01  8.42866516E+00  4.77577336E-02
2.52144061E-01  8.34209061E+00  4.76084985E-02
2.52535893E-01  8.39939880E+00  4.79215123E-02
2.52927725E-01  8.43102551E+00  4.77328114E-02
2.53319557E-01  8.34009266E+00  4.76421155E-02
2.53711390E-01  8.30435658E+00  4.71891798E-02
2.54103222E-01  8.27022648E+00  4.72823717E-02
2.54495054E-01  8.31552792E+00  4.74630892E-02
2.54886887E-01  8.37299442E+00  4.73337658E-02
2.55278719E-01  8.24473572E+00  4.70391065E-02
2.55670551E-01  8.31883717E+00  4.71619405E-02
2.56062383E-01  8.28829479E+00  4.72776257E-02
2.56454216E-01  8.33800888E+00  4.72607613E-02
2.56846048E-01  8.33743763E+00  4.70523834E-02
2.57237880E-01  8.40030575E+00  4.72546667E-02
2.57629712E-01  8.24818230E+00  4.68374602E-02
2.58021545E-01  8.33204651E+00  4.70564403E-02
2.58413377E-01  8.24755573E+00  4.66753878E-02
2.58805209E-01  8.22052574E+00  4.65500057E-02
2.59197041E-01  8.26469803E+00  4.68106493E-02
2.59588874E-01  8.25724125E+00  4.66481037E-02
2.59980706E-01  8.23984432E+00  4.65075411E-02
2.60372538E-01  8.32210732E+00  4.65992391E-02
2.60764370E-01  8.36868191E+00  4.68394756E-02
2.61156203E-01  8.30988026E+00  4.67911698E-02
2.61548035E-01  8.22471523E+00  4.62062694E-02
2.61939867E-01  8.32067871E+00  4.66872156E-02
2.62331700E-01  8.30914402E+00  4.63532992E-02
2.62723532E-01  8.25860977E+00  4.63981479E-02
2.63115364E-01  8.31863689E+00  4.64040898E-02
2.63507196E-01  8.25548172E+00  4.61444966E-02
2.63899029E-01  8.21792221E+00  4.61346246E-02
2.64290861E-01  8.20455170E+00  4.59373929E-02
2.64682693E-01  8.26755047E+00  4.62025777E-02
2.65074525E-01  8.22873402E+00  4.58761789E-02
2.65466358E-01  8.30963516E+00  4.64762449E-02
2.65858190E-01  8.26641846E+00  4.65915240E-02
2.66250022E-01  8.26855469E+00  4.64943945E-02
2.66641854E-01  8.19891167E+00  4.65539284E-02
2.67033687E-01  8.28565788E+00  4.66097333E-02
2.67425519E-01  8.20067787E+00  4.67383228E-02
2.67817351E-01  8.31600189E+00  4.70160879E-02
2.68209183E-01  8.30434895E+00  4.68038209E-02
2.68601016E-01  8.31679916E+00  4.70499322E-02
2.68992848E-01  8.17738056E+00  4.66913097E-02
2.69384680E-01  8.31892490E+00  4.73653488E-02
2.69776512E-01  8.29029846E+00  4.69195396E-02
2.70168345E-01  8.32342720E+00  4.71070297E-02
2.70560177E-01  8.29607487E+00  4.72184122E-02
2.70952009E-01  8.19975567E+00  4.68122028E-02
2.71343842E-01  8.30550289E+00  4.73027304E-02
2.71735674E-01  8.28150177E+00  4.71270718E-02
2.72127506E-01  8.30677509E+00  4.72433604E-02
2.72519338E-01  8.29663181E+00  4.72844243E-02
2.72911171E-01  8.23272038E+00  4.70579453E-02
2.73303003E-01  8.29135513E+00  4.72190902E-02
2.73694835E-01  8.27201271E+00  4.70822230E-02
2.74086667E-01  8.19710064E+00  4.72810864E-02
2.74478500E-01  8.19882298E+00  4.68864106E-02
2.74870332E-01  8.24506378E+00  4.71385159E-02
2.75262164E-01  8.28456974E+00  4.71376628E-02
2.75653996E-01  8.19972420E+00  4.70534153E-02
2.76045829E-01  8.17579460E+00  4.72014025E-02
2.76437661E-01  8.30252552E+00  4.72146124E-02
2.76829493E-01  8.33416176E+00  4.74190637E-02
2.77221325E-01  8.24444675E+00  4.71696891E-02
2.77613158E-01  8.24071026E+00  4.71846201E-02
2.78004990E-01  8.17370892E+00  4.70242873E-02
2.78396822E-01  8.27940559E+00  4.71625105E-02
2.78788655E-01  8.22227192E+00  4.72279266E-02
2.79180487E-01  8.24519730E+00  4.72428538E-02
2.79572319E-01  8.24861622E+00  4.71195690E-02
2.79964151E-01  8.26668739E+00  4.72474732E-02
2.80355984E-01  8.19214821E+00  4.68704700E-02
2.80747816E-01  8.19348145E+00  4.72037047E-02
2.81139648E-01  8.22775364E+00  4.70734127E-02
2.81531480E-01  8.23816776E+00  4.72049005E-02
2.81923313E-01  8.23907661E+00  4.70620021E-02
2.82315145E-01  8.15283680E+00  4.68592569E-02
2.82706977E-01  8.21818161E+00  4.72246930E-02
2.83098809E-01  8.17555046E+00  4.67059910E-02
2.83490642E-01  8.28296471E+00  4.73150089E-02
2.83882474E-01  8.22864056E+00  4.69640940E-02
2.84274306E-01  8.27643299E+00  4.71509323E-02
2.84666138E-01  8.23106194E+00  4.70784754E-02
2.85057971E-01  8.27049255E+00  4.70651835E-02
2.85449803E-01  8.21697998E+00  4.70765345E-02
2.85841635E-01  8.14046860E+00  4.66941670E-02
2.86233467E-01  8.15786839E+00  4.67755087E-02
2.86625300E-01  8.31295586E+00  4.74406816E-02
2.87017132E-01  8.19382095E+00  4.72401753E-02
2.87408964E-01  8.14257622E+00  4.76320647E-02
2.87800797E-01  8.19676304E+00  4.74491492E-02
2.88192629E-01  8.18418217E+00  4.79139984E-02
2.88584461E-01  8.19926834E+00  4.77849804E-02
2.88976293E-01  8.21817207E+00  4.80004251E-02
2.89368126E-01  8.24995327E+00  4.84328680E-02
2.89759958E-01  8.13486481E+00  4.77769822E-02
2.90151790E-01  8.18285847E+00  4.83457036E-02
2.90543622E-01  8.17133904E+00  4.81885746E-02
2.90935455E-01  8.15528488E+00  4.84234132E-02
2.91327287E-01  8.05924416E+00  4.80757095E-02
2.91719119E-01  8.21082020E+00  4.83466424E-02
2.92110951E-01  8.15890408E+00  4.86477055E-02
2.92502784E-01  8.08815002E+00  4.85400334E-02
2.92894616E-01  8.13558674E+00  4.91228737E-02
2.93286448E-01  8.16929626E+00  4.94392104E-02
2.93678280E-01  8.13915920E+00  4.92162816E-02
2.94070113E-01  8.23901367E+00  5.03146462E-02
2.94461945E-01  8.22537708E+00  4.99379709E-02
2.94853777E-01  8.12867737E+00  5.00845499E-02
2.95245610E-01  8.08616161E+00  4.99536097E-02
2.95637442E-01  8.18489742E+00  5.04913591E-02
2.96029274E-01  8.18414974E+00  5.08136265E-02
2.96421106E-01  8.13204861E+00  5.03911711E-02
2.96812939E-01  8.15294456E+00  5.09499311E-02
2.97204771E-01  8.17739391E+00  5.10022379E-02
2.97596603E-01  8.12873745E+00  5.11595644E-02
2.97988435E-01  8.20827103E+00  5.14921248E-02
2.98380268E-01  8.16786766E+00  5.12255616E-02
2.98772100E-01  8.12096119E+00  5.16014583E-02
2.99163932E-01  8.13116455E+00  5.15415817E-02
2.99555764E-01  8.08539963E+00  5.14972694E-02
2.99947597E-01  8.08179569E+00  5.14524058E-02
3.00339429E-01  8.10073662E+00  5.16988747E-02
3.00731261E-01  8.19893932E+00  5.23394607E-02
3.01123093E-01  8.08125019E+00  5.17137162E-02
3.01514926E-01  8.07982159E+00  5.21322191E-02
3.01906758E-01  8.09344673E+00  5.19419312E-02
3.02298590E-01  8.10965729E+00  5.24756797E-02
3.02690423E-01  8.03501415E+00  5.21633178E-02
3.03082255E-01  8.12096119E+00  5.23976609E-02
3.03474087E-01  8.08200264E+00  5.27088344E-02
3.03865919E-01  8.06359482E+00  5.24428859E-02
3.04257752E-01  8.14942932E+00  5.32119907E-02
3.04649584E-01  8.08267021E+00  5.25858551E-02
3.05041416E-01  8.16652584E+00  5.30484021E-02
3.05433248E-01  8.16039276E+00  5.32393306E-02
3.05825081E-01  8.10927868E+00  5.30267470E-02
3.06216913E-01  8.07684040E+00  5.33651114E-02
3.06608745E-01  8.09711075E+00  5.30516282E-02
3.07000577E-01  8.16585636E+00  5.36589064E-02
3.07392410E-01  8.04549980E+00  5.35546094E-02
3.07784242E-01  8.07984257E+00  5.33012412E-02
3.08176074E-01  8.02997494E+00  5.36465421E-02
3.08567906E-01  8.08957195E+00  5.35310805E-02
3.08959739E-01  8.10921192E+00  5.41143492E-02
3.09351571E-01  8.13073826E+00  5.41279912E-02
3.09743403E-01  8.18094349E+00  5.39764091E-02
3.10135235E-01  8.13666630E+00  5.43338656E-02
3.10527068E-01  7.92226696E+00  5.40747009E-02
3.10918900E-01  8.16624641E+00  5.58115765E-02
3.11310732E-01  8.16345978E+00  5.56019656E-02
3.11702565E-01  8.13191700E+00  5.60795180E-02
3.12094397E-01  7.93347883E+00  5.59765473E-02
3.12486229E-01  8.13674355E+00  5.65228835E-02
3.12878061E-01  8.04043674E+00  5.68814948E-02
3.13269894E-01  8.09466457E+00  5.68120070E-02
3.13661726E-01  8.06009007E+00  5.75544573E-02
3.14053558E-01  8.12285233E+00  5.79804555E-02
3.14445390E-01  7.97840977E+00  5.70760705E-02
3.14837223E-01  8.02816677E+00  5.81598543E-02
3.15229055E-01  8.04542160E+00  5.79918958E-02
3.15620887E-01  8.08185959E+00  5.91288768E-02
3.16012719E-01  7.99861050E+00  5.83110526E-02
3.16404552E-01  8.12234306E+00  5.91627955E-02
3.16796384E-01  8.10789871E+00  5.95076121E-02
3.17188216E-01  8.03815174E+00  5.94978109E-02
3.17580048E-01  8.05423355E+00  5.91312610E-02
3.17971881E-01  8.06152725E+00  5.81125133E-02
3.18363713E-01  7.98375797E+00  5.82957976E-02
3.18755545E-01  8.07073402E+00  5.86625151E-02
3.19147378E-01  8.15119171E+00  5.87924868E-02
3.19539210E-01  8.07529926E+00  5.84690943E-02
3.19931042E-01  8.02505684E+00  5.80916107E-02
3.20322874E-01  8.00915051E+00  5.85640147E-02
3.20714707E-01  7.97677088E+00  5.79657592E-02
3.21106539E-01  7.98819542E+00  5.80319278E-02
3.21498371E-01  8.00589085E+00  5.81942722E-02
3.21890203E-01  8.03431702E+00  5.84704578E-02
3.22282036E-01  7.98390055E+00  5.87114990E-02
3.22673868E-01  8.04903412E+00  5.78663051E-02
3.23065700E-01  8.06447983E+00  5.86930774E-02
3.23457532E-01  8.08570957E+00  5.84114119E-02
3.23849365E-01  8.02702808E+00  5.86696416E-02
3.24241197E-01  7.97578049E+00  5.82096241E-02
3.24633029E-01  7.95012140E+00  5.80548346E-02
3.25024861E-01  8.01185036E+00  5.86151034E-02
3.25416694E-01  8.00830173E+00  5.83414137E-02
3.25808526E-01  7.84320021E+00  5.79090305E-02
3.26200358E-01  8.08104706E+00  5.88058643E-02
3.26592190E-01  8.03705692E+00  5.86584024E-02
3.26984023E-01  7.96378994E+00  5.86286448E-02
3.27375855E-01  7.98354340E+00  5.83144426E-02
3.27767687E-01  8.00344372E+00  5.85865341E-02
3.28159520E-01  8.09602833E+00  5.88619150E-02
3.28551352E-01  7.96677685E+00  5.86156994E-02
3.28943184E-01  7.89919758E+00  5.85430972E-02
3.29335016E-01  7.99988794E+00  5.85997663E-02
3.29726849E-01  7.90311193E+00  5.87872341E-02
3.30118681E-01  8.01225662E+00  5.89614846E-02
3.30510513E-01  7.88905001E+00  5.86080961E-02
3.30902345E-01  7.99129868E+00  5.90895265E-02
3.31294178E-01  7.89919186E+00  5.87483197E-02
3.31686010E-01  7.89521551E+00  5.93172722E-02
3.32077842E-01  7.96718788E+00  5.91429025E-02
3.32469674E-01  7.96229601E+00  5.91898225E-02
3.32861507E-01  7.92028332E+00  5.93333729E-02
3.33253339E-01  7.95952511E+00  5.94673753E-02
3.33645171E-01  7.94022036E+00  5.99010363E-02
3.34037003E-01  7.88640022E+00  5.91027699E-02
3.34428836E-01  8.03755474E+00  6.01595826E-02
3.34820668E-01  8.04079056E+00  6.02530427E-02
3.35212500E-01  7.98831749E+00  6.01783171E-02
3.35604333E-01  7.90347767E+00  5.99937402E-02
3.35996165E-01  8.04418278E+00  6.01048991E-02
3.36387997E-01  7.93985319E+00  6.04898408E-02
3.36779829E-01  7.87070990E+00  5.97484484E-02
3.37171662E-01  7.93148899E+00  6.02654256E-02
3.37563494E-01  7.90787458E+00  6.01485372E-02
3.37955326E-01  7.87709379E+00  6.00727536E-02
3.38347158E-01  7.98317480E+00  6.11634292E-02
3.38738991E-01  7.87856150E+00  6.00926876E-02
3.39130823E-01  7.86169004E+00  6.03461266E-02
3.39522655E-01  7.97499180E+00  6.09061979E-02
3.39914487E-01  7.90705347E+00  6.03539124E-02
3.40306320E-01  7.81058788E+00  6.08274676E-02
3.40698152E-01  7.84601831E+00  6.00386374E-02
3.41089984E-01  7.93677807E+00  6.11735210E-02
3.41481816E-01  7.77771282E+00  6.02055788E-02
3.41873649E-01  7.92251873E+00  6.09478615E-02
3.42265481E-01  7.93835449E+00  6.12093098E-02
3.42657313E-01  8.00738049E+00  6.09901398E-02
3.43049146E-01  7.95862722E+00  6.15488626E-02
3.43440978E-01  7.92686939E+00  6.10228777E-02
3.43832810E-01  7.94510603E+00  6.13087751E-02
3.44224642E-01  7.89666319E+00  6.12807646E-02
3.44616475E-01  7.84034443E+00  6.08895682E-02
3.45008307E-01  7.99948406E+00  6.21217266E-02
3.45400139E-01  7.87258768E+00  6.08579926E-02
3.45791971E-01  7.86245680E+00  6.14554584E-02
3.46183804E-01  7.92791033E+00  6.15640506E-02
3.46575636E-01  7.94939327E+00  6.15308322E-02
3.46967468E-01  7.77831984E+00  6.13914207E-02
3.47359300E-01  7.85980701E+00  6.11403622E-02
3.47751133E-01  7.82523680E+00  6.17559515E-02
3.48142965E-01  7.83329678E+00  6.12556115E-02
3.48534797E-01  7.83665180E+00  6.14304096E-02
3.48926629E-01  7.91906929E+00  6.21261150E-02
3.49318462E-01  7.95420122E+00  6.19346313E-02
3.49710294E-01  7.91389513E+00  6.23489358E-02
3.50102126E-01  7.88078642E+00  6.17972612E-02
3.50493958E-01  7.83536148E+00  6.22069612E-02
3.50885791E-01  7.88697815E+00  6.20771758E-02
3.51277623E-01  7.83211660E+00  6.20425269E-02
3.51669455E-01  7.87719011E+00  6.23585060E-02
3.52061288E-01  7.82316780E+00  6.19774722E-02
3.52453120E-01  7.79619122E+00  6.27034977E-02
3.52844952E-01  7.85372210E+00  6.21902645E-02
3.53236784E-01  7.85712671E+00  6.26508519E-02
3.53628617E-01  7.97681427E+00  6.32682070E-02
3.54020449E-01  7.79806471E+00  6.22611120E-02
3.54412281E-01  7.82002735E+00  6.31345809E-02
3.54804113E-01  7.81111908E+00  6.22523427E-02
3.55195946E-01  7.68389845E+00  6.26469553E-02
3.55587778E-01  7.82780170E+00  6.27389625E-02
3.55979610E-01  7.78273106E+00  6.27313331E-02
3.56371442E-01  7.81706142E+00  6.34632185E-02
3.56763275E-01  7.81526947E+00  6.28630444E-02
3.57155107E-01  7.76387930E+00  6.34595379E-02
3.57546939E-01  7.86639977E+00  6.31803647E-02
3.57938771E-01  7.82836676E+00  6.34943470E-02
3.58330604E-01  7.80385828E+00  6.37224838E-02
3.58722436E-01  7.87642717E+00  6.33980557E-02
3.59114268E-01  7.77820539E+00  6.38502315E-02
3.59506101E-01  7.88691378E+00  6.37327656E-02
3.59897933E-01  7.88083839E+00  6.46426529E-02
3.60289765E-01  7.85144424E+00  6.38687760E-02
3.60681597E-01  7.79309750E+00  6.35985807E-02
3.61073430E-01  7.80609226E+00  6.43704310E-02
3.61465262E-01  7.72786951E+00  6.35957867E-02
3.61857094E-01  7.64173937E+00  6.39436916E-02
3.62248926E-01  7.71884489E+00  6.36921301E-02
3.62640759E-01  7.81214428E+00  6.43459931E-02
3.63032591E-01  7.84512568E+00  6.49111643E-02
3.63424423E-01  7.79218388E+00  6.41293973E-02
3.63816255E-01  7.92741776E+00  6.54265359E-02
3.64208088E-01  7.65932655E+00  6.37149885E-02
3.64599920E-01  7.80628824E+00  6.53480440E-02
3.64991752E-01  7.71399450E+00  6.43682703E-02
3.65383584E-01  7.64738655E+00  6.40560091E-02
3.65775417E-01  7.84430122E+00  6.54191673E-02
3.66167249E-01  7.82811069E+00  6.49306029E-02
3.66559081E-01  7.68395805E+00  6.54078275E-02
3.66950914E-01  7.69882345E+00  6.39154166E-02
3.67342746E-01  7.80379248E+00  6.53225705E-02
3.67734578E-01  7.70014715E+00  6.49229586E-02
3.68126410E-01  7.80751228E+00  6.53034002E-02
3.68518243E-01  7.75995922E+00  6.54971302E-02
3.68910075E-01  7.69620275E+00  6.45396635E-02
3.69301907E-01  7.66484118E+00  6.52569234E-02
3.69693739E-01  7.71193027E+00  6.50454238E-02
3.70085572E-01  7.73642778E+00  6.50074035E-02
3.70477404E-01  7.73361969E+00  6.55320883E-02
3.70869236E-01  7.70525122E+00  6.51608333E-02
3.71261068E-01  7.69562387E+00  6.59385398E-02
3.71652901E-01  7.71662998E+00  6.51918203E-02
3.72044733E-01  7.69095039E+00  6.52267486E-02
3.72436565E-01  7.77368307E+00  6.58857673E-02
3.72828397E-01  7.67765665E+00  6.51890710E-02
3.73220230E-01  7.76357603E+00  6.62682727E-02
3.73612062E-01  7.80756283E+00  6.55588657E-02
3.74003894E-01  7.65938187E+00  6.58970624E-02
3.74395726E-01  7.69531488E+00  6.57743216E-02
3.74787559E-01  7.68403769E+00  6.54345825E-02
3.75179391E-01  7.71332788E+00  6.60926625E-02
3.75571223E-01  7.75857162E+00  6.59165084E-02
3.75963056E-01  7.77639675E+00  6.68543279E-02
3.76354888E-01  7.74588919E+00  6.62332177E-02
3.76746720E-01  7.60649633E+00  6.53960928E-02
3.77138552E-01  7.68672466E+00  6.66022971E-02
3.77530385E-01  7.68901634E+00  6.59351945E-02
3.77922217E-01  7.83844757E+00  6.78634420E-02
3.78314049E-01  7.69682264E+00  6.62118271E-02
3.78705881E-01  7.73039055E+00  6.67928681E-02
3.79097714E-01  7.67439461E+00  6.68198168E-02
3.79489546E-01  7.54849863E+00  6.60221353E-02
3.79881378E-01  7.64456320E+00  6.69623166E-02
3.80273210E-01  7.72243452E+00  6.65504634E-02
3.80665043E-01  7.71457338E+00  6.75652027E-02
3.81056875E-01  7.72291613E+00  6.74831569E-02
3.81448707E-01  7.75159979E+00  6.71770275E-02
3.81840539E-01  7.60158205E+00  6.74478188E-02
3.82232372E-01  7.72802925E+00  6.68824017E-02
3.82624204E-01  7.58572197E+00  6.77215606E-02
3.83016036E-01  7.58149481E+00  6.70613721E-02
3.83407869E-01  7.82985067E+00  6.80111274E-02
3.83799701E-01  7.66550159E+00  6.81600124E-02
3.84191533E-01  7.57216263E+00  6.68638274E-02
3.84583365E-01  7.58664417E+00  6.80971295E-02
3.84975198E-01  7.63784552E+00  6.73519820E-02
3.85367030E-01  7.68751621E+00  6.85075894E-02
3.85758862E-01  7.63625717E+00  6.81347176E-02
3.86150694E-01  7.59130764E+00  6.78932890E-02
3.86542527E-01  7.72164726E+00  6.88911229E-02
3.86934359E-01  7.70089722E+00  6.81361929E-02
3.87326191E-01  7.60088301E+00  6.86241761E-02
3.87718023E-01  7.63173676E+00  6.84274957E-02
3.88109856E-01  7.78223419E+00  6.89314380E-02
3.88501688E-01  7.61896563E+00  6.87706247E-02
3.88893520E-01  7.63255358E+00  6.86420724E-02
3.89285352E-01  7.70068169E+00  6.96787313E-02
3.89677185E-01  7.47954702E+00  6.78474531E-02
3.90069017E-01  7.67117262E+00  6.94373026E-02
3.90460849E-01  7.71067762E+00  6.94430247E-02
3.90852681E-01  7.53567266E+00  6.86082542E-02
3.91244514E-01  7.64125252E+00  6.95205331E-02
3.91636346E-01  7.65688229E+00  6.90089315E-02
3.92028178E-01  7.53007841E+00  6.91007376E-02
3.92420011E-01  7.59461784E+00  6.92224205E-02
3.92811843E-01  7.62872314E+00  6.94871172E-02
3.93203675E-01  7.61181498E+00  6.94542229E-02
3.93595507E-01  7.53219414E+00  6.87878802E-02
3.93987340E-01  7.64849854E+00  7.23135024E-02
3.94379172E-01  7.77154589E+00  7.28191361E-02
3.94771004E-01  7.82034397E+00  7.44490847E-02
3.95162836E-01  7.63469791E+00  7.36904293E-02
3.95554669E-01  7.67608929E+00  7.47403204E-02
3.95946501E-01  7.59062815E+00  7.59328604E-02
3.96338333E-01  7.62242651E+00  7.44795352E-02
3.96730165E-01  7.52624226E+00  7.62760043E-02
3.97121998E-01  7.54266167E+00  7.57798105E-02
3.97513830E-01  7.61439085E+00  7.70783648E-02
3.97905662E-01  7.76316881E+00  7.81927779E-02
3.98297494E-01  7.63356876E+00  7.72962645E-02
3.98689327E-01  7.65194035E+00  7.94880763E-02
3.99081159E-01  7.86957312E+00  7.96370283E-02
3.99472991E-01  7.54037142E+00  7.83629343E-02
3.99864824E-01  7.59922028E+00  7.90856332E-02
4.00256656E-01  7.75301933E+00  8.05772245E-02
4.00648488E-01  7.71215868E+00  8.19839537E-02
4.01040320E-01  7.73959398E+00  8.01095441E-02
4.01432153E-01  7.79648590E+00  8.22187290E-02
4.01823985E-01  7.69753838E+00  8.15204978E-02
4.02215817E-01  7.72306633E+00  8.24735537E-02
4.02607649E-01  7.60269117E+00  8.19723979E-02
4.02999482E-01  7.56030798E+00  8.15296397E-02
4.03391314E-01  7.48904610E+00  8.30528513E-02
4.03783146E-01  7.67690945E+00  8.32922757E-02
4.04174978E-01  7.69220638E+00  8.41344297E-02
4.04566811E-01  7.67215347E+00  8.31184611E-02
4.04958643E-01  7.54275417E+00  8.38912800E-02
4.05350475E-01  7.54936361E+00  8.45578536E-02
4.05742307E-01  7.72484684E+00  8.45470876E-02
4.06134140E-01  7.65962887E+00  8.52544680E-02
4.06525972E-01  7.72607374E+00  8.51438791E-02
4.06917804E-01  7.71450996E+00  8.59665498E-02
4.07309637E-01  7.62984324E+00  8.60277712E-02
4.07701469E-01  7.62602425E+00  8.54325816E-02
4.08093301E-01  7.54449224E+00  8.67240280E-02
4.08485133E-01  7.85461378E+00  8.78392160E-02
4.08876966E-01  7.75435400E+00  8.83174688E-02
4.09268798E-01  7.61990690E+00  8.64337310E-02
4.09660630E-01  7.54680109E+00  8.74348879E-02
4.10052462E-01  7.73008204E+00  8.92117321E-02
4.10444295E-01  7.62487221E+00  8.87393281E-02
4.10836127E-01  7.54906082E+00  8.83429721E-02
4.11227959E-01  7.64595795E+00  8.87267217E-02
4.11619791E-01  7.56132364E+00  8.92910585E-02
4.12011624E-01  7.55884695E+00  8.97006914E-02
4.12403456E-01  7.73276281E+00  9.05361548E-02
4.12795288E-01  7.72516823E+00  9.12640691E-02
4.13187120E-01  7.56205368E+00  9.09310654E-02
4.13578953E-01  7.68078184E+00  9.14443582E-02
4.13970785E-01  7.59186220E+00  9.12104025E-02
4.14362617E-01  7.79652786E+00  9.28882360E-02
4.14754449E-01  7.57901144E+00  9.22966599E-02
4.15146282E-01  7.70898485E+00  9.36091468E-02
4.15538114E-01  7.66174889E+00  9.30081457E-02
4.15929946E-01  7.56596565E+00  9.27379951E-02
4.16321779E-01  7.68558693E+00  9.47611034E-02
4.16713611E-01  7.64279985E+00  9.40621123E-02
4.17105443E-01  7.65329599E+00  9.52282622E-02
4.17497275E-01  7.69733000E+00  9.45615098E-02
4.17889108E-01  7.53248501E+00  9.48101357E-02
4.18280940E-01  7.71216583E+00  9.70333219E-02
4.18672772E-01  7.66354322E+00  9.59744081E-02
4.19064604E-01  7.68953228E+00  9.63679180E-02
4.19456437E-01  7.81022596E+00  9.86111313E-02
4.19848269E-01  7.63605785E+00  9.67908725E-02
4.20240101E-01  7.71183777E+00  9.90980119E-02
4.20631933E-01  7.67411947E+00  9.72108692E-02
4.21023766E-01  7.52170801E+00  9.78083238E-02
4.21415598E-01  7.61775255E+00  9.93770137E-02
4.21807430E-01  7.71168756E+00  9.97321457E-02
4.22199262E-01  7.56855440E+00  9.85508859E-02
4.22591095E-01  7.60274792E+00  9.95376483E-02
4.22982927E-01  7.82984066E+00  1.01540774E-01
4.23374759E-01  7.50434399E+00  1.00397617E-01
4.23766592E-01  7.65961027E+00  9.98466387E-02
4.24158424E-01  7.65713215E+00  1.01146519E-01
4.24550256E-01  7.69515800E+00  1.02077194E-01
4.24942088E-01  7.59350300E+00  1.01129912E-01
4.25333921E-01  7.68115234E+00  1.01712584E-01
4.25725753E-01  7.67048168E+00  1.01642601E-01
4.26117585E-01  7.72539568E+00  1.03327245E-01
4.26509417E-01  7.69447041E+00  1.03404984E-01
4.26901250E-01  7.69442987E+00  1.02076516E-01
4.27293082E-01  7.64862776E+00  1.02603771E-01
4.27684914E-01  7.51487684E+00  1.02122776E-01
4.28076746E-01  7.70901680E+00  1.04299776E-01
4.28468579E-01  7.55810642E+00  1.02417506E-01
4.28860411E-01  7.75596237E+00  1.04109228E-01
4.29252243E-01  7.45760727E+00  1.03607863E-01
4.29644075E-01  7.68567276E+00  1.05105825E-01
4.30035908E-01  7.55431938E+00  1.03107221E-01
4.30427740E-01  7.64395618E+00  1.04672447E-01


### HEADER:
#
#{
#    "analysis": {},
#    "calibration_params": {
#        "Beam_Center_X": 730.0374262707371,
#        "Beam_Center_Y": 675.3320572331704,
#        "Detector Tilt": 0.026259007459965275,
#        "Detector Tilt Plane Rotation": 73.53223173202183,
#        "Detector_X_Pixel_Size": 172.0,
#        "Detector_Y_Pixel_Size": 172.0,
#        "Integration Method": "nosplit_csr",
#        "Radial_Average_Method": "pyFAI",
#        "Sample-to-detector distance (mm)": 2662.970378639845,
#        "Wavelength (A)": 1.03320164497
#    },
#    "config_file": "C:\\Users\\Administrator\\AppData\\Local\\RAW\\backup.cfg",
#    "counters": {},
#    "filename": "a501-45_0052_00003.tif",
#    "history": {},
#    "imageHeader": {
#        "Alpha": "0.0000 deg.",
#        "Angle_increment": "0.1000 deg.",
#        "Beam_xy": "(0.00, 0.00) pixels",
#        "Chi": "0.0000 deg.",
#        "Count_cutoff": "1157021 counts",
#        "Detector_2theta": "0.0000 deg.",
#        "Detector_Voffset": "0.00000 m",
#        "Detector_distance": "1.00000 m",
#        "Energy_range": "(0, 0) eV",
#        "Excluded_pixels": "badpix_mask.tif",
#        "Exposure_period": "1.1000000 s",
#        "Exposure_time": "1.0000000 s",
#        "Filter_transmission": "1.0000",
#        "Flat_field": "FF_p24-0163_E12000_T6000_vrf_m0p100.tif",
#        "Flux": "0.000000",
#        "Gain_setting": "autog (vrf = 1.000)",
#        "Image_path": "/user-data/2022/202209/20220910/hongliang/",
#        "Kappa": "0.0000 deg.",
#        "N_excluded_pixels": "61",
#        "N_oscillations": "1",
#        "Oscillation_axis": "X, CW",
#        "Phi": "0.0000 deg.",
#        "Pixel_size": "172e-6 m x 172e-6 m",
#        "Polarization": "0.990",
#        "Ratecorr_lut_directory": "ContinuousStandard_v1.1",
#        "Retrigger_mode": "1",
#        "Silicon": "sensor, thickness 0.000450",
#        "Start_angle": "0.2000 deg.",
#        "Tau": "0 s",
#        "Threshold_setting": "6000 eV",
#        "Trim_file": "p24-0163_E12000_T6000.bin",
#        "Wavelength (A)": "1.54000 A"
#    },
#    "load_path": "C:\\Users\\Administrator\\Desktop\\UserData\\2022\\202209\\20220910\\hongliang\\a501-45_0052_00003.tif",
#    "normalizations": {
#        "Polarization": {
#            "Used": false
#        },
#        "Solid_Angle_Correction": "On"
#    },
#    "raw_version": "2.1.1"
#}

