### DATA:
#
# 1081
#      Q             I(Q)           Error     
7.24889685E-03  3.71729785E+03  7.28727865E+00
7.64072911E-03  3.21344800E+03  6.72755480E+00
8.03256137E-03  2.80881616E+03  6.24591732E+00
8.42439364E-03  2.45905298E+03  5.14213324E+00
8.81622590E-03  2.16258057E+03  4.87490749E+00
9.20805816E-03  1.91699890E+03  4.33522701E+00
9.59989042E-03  1.70497046E+03  4.01057386E+00
9.99172268E-03  1.53158167E+03  3.64940667E+00
1.03835549E-02  1.37210352E+03  3.31313872E+00
1.07753872E-02  1.24833252E+03  3.14761138E+00
1.11672195E-02  1.12656897E+03  2.86760902E+00
1.15590517E-02  1.02618396E+03  2.69776702E+00
1.19508840E-02  9.36058899E+02  2.48159695E+00
1.23427163E-02  8.56729858E+02  2.37411499E+00
1.27345485E-02  7.89949646E+02  2.22198606E+00
1.31263808E-02  7.25720093E+02  2.07841229E+00
1.35182130E-02  6.72468506E+02  1.96028292E+00
1.39100453E-02  6.17284973E+02  1.82174790E+00
1.43018776E-02  5.74977905E+02  1.77742755E+00
1.46937098E-02  5.38227356E+02  1.68753994E+00
1.50855421E-02  4.96595581E+02  1.53777933E+00
1.54773744E-02  4.64669983E+02  1.51295710E+00
1.58692066E-02  4.37990997E+02  1.42399395E+00
1.62610389E-02  4.09976349E+02  1.39392924E+00
1.66528711E-02  3.85587982E+02  1.30045986E+00
1.70447034E-02  3.60103333E+02  1.24319255E+00
1.74365357E-02  3.43059387E+02  1.20313227E+00
1.78283679E-02  3.21658508E+02  1.16500127E+00
1.82202002E-02  3.05244812E+02  1.14458847E+00
1.86120325E-02  2.90224792E+02  1.08839738E+00
1.90038647E-02  2.72996246E+02  1.05345082E+00
1.93956970E-02  2.59863220E+02  1.03840661E+00
1.97875292E-02  2.47104279E+02  9.94200289E-01
2.01793615E-02  2.34546402E+02  9.70551610E-01
2.05711938E-02  2.24535431E+02  9.36540365E-01
2.09630260E-02  2.14551422E+02  9.19079483E-01
2.13548583E-02  2.04831558E+02  8.96257281E-01
2.17466905E-02  1.95439697E+02  8.60417008E-01
2.21385228E-02  1.88398026E+02  8.44774723E-01
2.25303551E-02  1.79133636E+02  8.14538360E-01
2.29221873E-02  1.71583542E+02  8.06196511E-01
2.33140196E-02  1.64449631E+02  7.84812748E-01
2.37058519E-02  1.56714127E+02  7.44159877E-01
2.40976841E-02  1.51274323E+02  7.33727872E-01
2.44895164E-02  1.45100021E+02  7.06143439E-01
2.48813486E-02  1.39620712E+02  6.87970459E-01
2.52731809E-02  1.33873413E+02  6.60364926E-01
2.56650132E-02  1.29049957E+02  6.31120980E-01
2.60568454E-02  1.24642891E+02  6.28053427E-01
2.64486777E-02  1.19660225E+02  6.00360870E-01
2.68405100E-02  1.16003586E+02  5.88464141E-01
2.72323422E-02  1.12181404E+02  5.71900189E-01
2.76241745E-02  1.07639351E+02  5.49108922E-01
2.80160067E-02  1.04268433E+02  5.45042157E-01
2.84078390E-02  1.00063385E+02  5.22170126E-01
2.87996713E-02  9.67641525E+01  5.10027289E-01
2.91915035E-02  9.38003006E+01  4.91060674E-01
2.95833358E-02  8.99848633E+01  4.87273902E-01
2.99751681E-02  8.74823685E+01  4.78560448E-01
3.03670003E-02  8.51147003E+01  4.59007800E-01
3.07588326E-02  8.12279282E+01  4.47851270E-01
3.11506648E-02  7.89866257E+01  4.32642728E-01
3.15424971E-02  7.76478577E+01  4.36258316E-01
3.19343294E-02  7.48717422E+01  4.19240713E-01
3.23261616E-02  7.26860657E+01  4.10197705E-01
3.27179939E-02  7.05178909E+01  3.99889559E-01
3.31098262E-02  6.85838623E+01  3.92151147E-01
3.35016584E-02  6.60301895E+01  3.86082053E-01
3.38934907E-02  6.49837952E+01  3.73439252E-01
3.42853229E-02  6.27671471E+01  3.68600458E-01
3.46771552E-02  6.09138756E+01  3.59632164E-01
3.50689875E-02  5.94570236E+01  3.52694571E-01
3.54608197E-02  5.75144958E+01  3.46523166E-01
3.58526520E-02  5.58757477E+01  3.33303034E-01
3.62444842E-02  5.44785843E+01  3.32768500E-01
3.66363165E-02  5.38945618E+01  3.28980297E-01
3.70281488E-02  5.23728485E+01  3.20151120E-01
3.74199810E-02  5.09345055E+01  3.11190069E-01
3.78118133E-02  4.93078079E+01  2.99154043E-01
3.82036456E-02  4.83004646E+01  3.01607043E-01
3.85954778E-02  4.71075783E+01  2.91610956E-01
3.89873101E-02  4.64877129E+01  2.88387775E-01
3.93791423E-02  4.48862534E+01  2.81619251E-01
3.97709746E-02  4.40693092E+01  2.77577519E-01
4.01628069E-02  4.35938873E+01  2.80272663E-01
4.05546391E-02  4.26853218E+01  2.68530190E-01
4.09464714E-02  4.13446922E+01  2.65177220E-01
4.13383037E-02  4.06008377E+01  2.60792762E-01
4.17301359E-02  3.95809097E+01  2.56424904E-01
4.21219682E-02  3.85348015E+01  2.54711866E-01
4.25138004E-02  3.80767822E+01  2.47429267E-01
4.29056327E-02  3.73210793E+01  2.45554671E-01
4.32974650E-02  3.67209740E+01  2.41820976E-01
4.36892972E-02  3.65823975E+01  2.40030408E-01
4.40811295E-02  3.53133240E+01  2.37141088E-01
4.44729618E-02  3.52498322E+01  2.31112897E-01
4.48647940E-02  3.46501961E+01  2.33056083E-01
4.52566263E-02  3.38095856E+01  2.27726907E-01
4.56484585E-02  3.36606598E+01  2.23320216E-01
4.60402908E-02  3.28829117E+01  2.22045034E-01
4.64321231E-02  3.24934120E+01  2.17489615E-01
4.68239553E-02  3.19012222E+01  2.18378618E-01
4.72157876E-02  3.14324799E+01  2.13599160E-01
4.76076199E-02  3.10114784E+01  2.10791796E-01
4.79994521E-02  3.06088543E+01  2.08673030E-01
4.83912844E-02  3.01925793E+01  2.05216080E-01
4.87831166E-02  2.99149704E+01  2.06001744E-01
4.91749489E-02  2.92745037E+01  2.00402200E-01
4.95667812E-02  2.92004871E+01  1.99466005E-01
4.99586134E-02  2.84876690E+01  1.98646992E-01
5.03504457E-02  2.83398857E+01  1.95839092E-01
5.07422779E-02  2.80620155E+01  1.94090456E-01
5.11341102E-02  2.77617702E+01  1.90260723E-01
5.15259425E-02  2.71187916E+01  1.90037280E-01
5.19177747E-02  2.70162163E+01  1.89174533E-01
5.23096070E-02  2.67365036E+01  1.85988843E-01
5.27014393E-02  2.65729904E+01  1.83879614E-01
5.30932715E-02  2.60993328E+01  1.81886822E-01
5.34851038E-02  2.62190037E+01  1.83587745E-01
5.38769360E-02  2.55250931E+01  1.79420814E-01
5.42687683E-02  2.57705173E+01  1.79043964E-01
5.46606006E-02  2.50784588E+01  1.76077008E-01
5.50524328E-02  2.49543705E+01  1.74352676E-01
5.54442651E-02  2.46396828E+01  1.74530193E-01
5.58360974E-02  2.43092422E+01  1.69522822E-01
5.62279296E-02  2.41489029E+01  1.70583770E-01
5.66197619E-02  2.42210236E+01  1.69818506E-01
5.70115941E-02  2.41209908E+01  1.68567002E-01
5.74034264E-02  2.39580402E+01  1.68793947E-01
5.77952587E-02  2.37160358E+01  1.65402144E-01
5.81870909E-02  2.34727497E+01  1.64362267E-01
5.85789232E-02  2.30781097E+01  1.63068697E-01
5.89707555E-02  2.29487171E+01  1.61498591E-01
5.93625877E-02  2.27495708E+01  1.60887897E-01
5.97544200E-02  2.26415749E+01  1.58270791E-01
6.01462522E-02  2.25163479E+01  1.59698442E-01
6.05380845E-02  2.26278229E+01  1.58574209E-01
6.09299168E-02  2.22803459E+01  1.57439590E-01
6.13217490E-02  2.18441124E+01  1.58195168E-01
6.17135813E-02  2.18459053E+01  1.58474341E-01
6.21054136E-02  2.15524826E+01  1.59718141E-01
6.24972458E-02  2.15905685E+01  1.57364994E-01
6.28890781E-02  2.11727848E+01  1.57284856E-01
6.32809103E-02  2.12006416E+01  1.56839684E-01
6.36727426E-02  2.07973213E+01  1.56066746E-01
6.40645749E-02  2.08429298E+01  1.57440826E-01
6.44564071E-02  2.07322292E+01  1.55368447E-01
6.48482394E-02  2.06803608E+01  1.55901805E-01
6.52400716E-02  2.00906506E+01  1.52856871E-01
6.56319039E-02  2.01476955E+01  1.53700724E-01
6.60237362E-02  2.00491848E+01  1.53234839E-01
6.64155684E-02  1.96932335E+01  1.50725782E-01
6.68074007E-02  1.97225113E+01  1.51981652E-01
6.71992330E-02  1.96741161E+01  1.51352793E-01
6.75910652E-02  1.91845036E+01  1.49197519E-01
6.79828975E-02  1.92362690E+01  1.47779047E-01
6.83747297E-02  1.89533577E+01  1.43858761E-01
6.87665620E-02  1.88436852E+01  1.43677577E-01
6.91583943E-02  1.86146488E+01  1.40661284E-01
6.95502265E-02  1.83735313E+01  1.39970794E-01
6.99420588E-02  1.85595703E+01  1.38623968E-01
7.03338911E-02  1.81323662E+01  1.36666209E-01
7.07257233E-02  1.82544727E+01  1.37551382E-01
7.11175556E-02  1.79141293E+01  1.34260759E-01
7.15093878E-02  1.80006924E+01  1.34992957E-01
7.19012201E-02  1.77406559E+01  1.32220030E-01
7.22930524E-02  1.76813602E+01  1.32654145E-01
7.26848846E-02  1.78670540E+01  1.33084461E-01
7.30767169E-02  1.75222378E+01  1.30443707E-01
7.34685492E-02  1.72318764E+01  1.28797084E-01
7.38603814E-02  1.73822956E+01  1.28740087E-01
7.42522137E-02  1.71748295E+01  1.28460452E-01
7.46440459E-02  1.70323353E+01  1.27195567E-01
7.50358782E-02  1.68670654E+01  1.24869309E-01
7.54277105E-02  1.67377033E+01  1.26150846E-01
7.58195427E-02  1.68621292E+01  1.25024766E-01
7.62113750E-02  1.63897457E+01  1.22581497E-01
7.66032072E-02  1.68371868E+01  1.23903371E-01
7.69950395E-02  1.66602001E+01  1.22306556E-01
7.73868718E-02  1.64106407E+01  1.23169139E-01
7.77787040E-02  1.64365368E+01  1.20834030E-01
7.81705363E-02  1.61314697E+01  1.20350592E-01
7.85623686E-02  1.62038784E+01  1.19184829E-01
7.89542008E-02  1.61339054E+01  1.18979536E-01
7.93460331E-02  1.61173897E+01  1.19443789E-01
7.97378653E-02  1.57575378E+01  1.16969861E-01
8.01296976E-02  1.59189510E+01  1.17060602E-01
8.05215299E-02  1.58550282E+01  1.16926134E-01
8.09133621E-02  1.57127237E+01  1.15901895E-01
8.13051944E-02  1.57518806E+01  1.15897872E-01
8.16970267E-02  1.56040592E+01  1.14190646E-01
8.20888589E-02  1.55626535E+01  1.15199931E-01
8.24806912E-02  1.53528576E+01  1.13173544E-01
8.28725234E-02  1.52694788E+01  1.12865984E-01
8.32643557E-02  1.53482962E+01  1.12132967E-01
8.36561880E-02  1.51442699E+01  1.10707395E-01
8.40480202E-02  1.52836838E+01  1.12731032E-01
8.44398525E-02  1.49615860E+01  1.09860308E-01
8.48316848E-02  1.50264301E+01  1.10770293E-01
8.52235170E-02  1.48099413E+01  1.08647265E-01
8.56153493E-02  1.48023186E+01  1.08967319E-01
8.60071815E-02  1.48917494E+01  1.09515920E-01
8.63990138E-02  1.44957695E+01  1.06600955E-01
8.67908461E-02  1.46098557E+01  1.07611753E-01
8.71826783E-02  1.45067959E+01  1.05979405E-01
8.75745106E-02  1.45662966E+01  1.07070394E-01
8.79663429E-02  1.44132290E+01  1.05842374E-01
8.83581751E-02  1.43368483E+01  1.05153970E-01
8.87500074E-02  1.43883305E+01  1.05099931E-01
8.91418396E-02  1.42208824E+01  1.04088061E-01
8.95336719E-02  1.41536875E+01  1.04040302E-01
8.99255042E-02  1.40000763E+01  1.02692194E-01
9.03173364E-02  1.40451918E+01  1.02703117E-01
9.07091687E-02  1.37606373E+01  1.01964220E-01
9.11010009E-02  1.39022322E+01  1.01608865E-01
9.14928332E-02  1.37204370E+01  1.01055078E-01
9.18846655E-02  1.37772150E+01  1.00408591E-01
9.22764977E-02  1.34298429E+01  9.94994342E-02
9.26683300E-02  1.34762259E+01  1.01173557E-01
9.30601623E-02  1.33321829E+01  1.00784704E-01
9.34519945E-02  1.33004208E+01  1.01089090E-01
9.38438268E-02  1.32634153E+01  1.00030757E-01
9.42356590E-02  1.33986826E+01  1.01540141E-01
9.46274913E-02  1.30809126E+01  1.00328974E-01
9.50193236E-02  1.31992245E+01  1.00129262E-01
9.54111558E-02  1.31726942E+01  1.00719392E-01
9.58029881E-02  1.30908041E+01  9.84911546E-02
9.61948204E-02  1.29153452E+01  9.73613784E-02
9.65866526E-02  1.31099625E+01  9.74509642E-02
9.69784849E-02  1.29312639E+01  9.61944163E-02
9.73703171E-02  1.27784357E+01  9.61763859E-02
9.77621494E-02  1.28381968E+01  9.58822221E-02
9.81539817E-02  1.28786116E+01  9.59302410E-02
9.85458139E-02  1.27060766E+01  9.51159149E-02
9.89376462E-02  1.25790091E+01  9.53201428E-02
9.93294785E-02  1.24867668E+01  9.74280685E-02
9.97213107E-02  1.28773518E+01  9.90155488E-02
1.00113143E-01  1.27209034E+01  9.90170911E-02
1.00504975E-01  1.26947880E+01  9.90300551E-02
1.00896808E-01  1.25082827E+01  9.84141752E-02
1.01288640E-01  1.24499931E+01  9.94631797E-02
1.01680472E-01  1.26373987E+01  9.96957794E-02
1.02072304E-01  1.23467798E+01  9.74759310E-02
1.02464137E-01  1.24903507E+01  9.80034843E-02
1.02855969E-01  1.24123964E+01  9.74728763E-02
1.03247801E-01  1.24244604E+01  9.69655365E-02
1.03639633E-01  1.23377314E+01  9.66632590E-02
1.04031466E-01  1.22723913E+01  9.67741087E-02
1.04423298E-01  1.23908873E+01  9.71662477E-02
1.04815130E-01  1.22910128E+01  9.66269821E-02
1.05206962E-01  1.21545076E+01  9.59071741E-02
1.05598795E-01  1.21354065E+01  9.54715461E-02
1.05990627E-01  1.21118116E+01  9.55583751E-02
1.06382459E-01  1.19879761E+01  9.36674997E-02
1.06774291E-01  1.20114183E+01  9.35882106E-02
1.07166124E-01  1.22672873E+01  9.33961123E-02
1.07557956E-01  1.20417480E+01  9.23044235E-02
1.07949788E-01  1.20773640E+01  9.25719962E-02
1.08341620E-01  1.20895758E+01  9.15220603E-02
1.08733453E-01  1.18694496E+01  9.10961628E-02
1.09125285E-01  1.18694801E+01  8.97274017E-02
1.09517117E-01  1.19085579E+01  9.03356746E-02
1.09908950E-01  1.18220129E+01  8.97308066E-02
1.10300782E-01  1.18946314E+01  8.90415534E-02
1.10692614E-01  1.17820864E+01  8.90057310E-02
1.11084446E-01  1.17883835E+01  8.81745815E-02
1.11476279E-01  1.16642284E+01  8.76514241E-02
1.11868111E-01  1.16951599E+01  8.72238949E-02
1.12259943E-01  1.16171064E+01  8.67915452E-02
1.12651775E-01  1.15737009E+01  8.66294056E-02
1.13043608E-01  1.16548777E+01  8.62095281E-02
1.13435440E-01  1.16644726E+01  8.63277465E-02
1.13827272E-01  1.14336958E+01  8.48221257E-02
1.14219104E-01  1.15373755E+01  8.49393308E-02
1.14610937E-01  1.14884825E+01  8.51325765E-02
1.15002769E-01  1.15061893E+01  8.44037905E-02
1.15394601E-01  1.16008949E+01  8.52799565E-02
1.15786433E-01  1.15278330E+01  8.42750818E-02
1.16178266E-01  1.13733253E+01  8.40717405E-02
1.16570098E-01  1.14713678E+01  8.39138776E-02
1.16961930E-01  1.12304792E+01  8.22994187E-02
1.17353763E-01  1.14400673E+01  8.38510916E-02
1.17745595E-01  1.11990099E+01  8.18887055E-02
1.18137427E-01  1.14623175E+01  8.33209977E-02
1.18529259E-01  1.13786764E+01  8.22729319E-02
1.18921092E-01  1.13044996E+01  8.16172138E-02
1.19312924E-01  1.12023048E+01  8.18035230E-02
1.19704756E-01  1.11190214E+01  8.07551667E-02
1.20096588E-01  1.12770271E+01  8.17111507E-02
1.20488421E-01  1.11594830E+01  8.08785632E-02
1.20880253E-01  1.12446651E+01  8.07153508E-02
1.21272085E-01  1.11634531E+01  8.09882060E-02
1.21663917E-01  1.11104307E+01  8.00472498E-02
1.22055750E-01  1.10978947E+01  8.05613622E-02
1.22447582E-01  1.09615078E+01  7.91903958E-02
1.22839414E-01  1.10431480E+01  7.98740610E-02
1.23231246E-01  1.10108290E+01  7.97112212E-02
1.23623079E-01  1.10598278E+01  7.89605081E-02
1.24014911E-01  1.09914484E+01  7.92538077E-02
1.24406743E-01  1.08352861E+01  7.79577494E-02
1.24798575E-01  1.10835896E+01  7.93143064E-02
1.25190408E-01  1.07215919E+01  7.74611905E-02
1.25582240E-01  1.09629908E+01  7.81974345E-02
1.25974072E-01  1.07817411E+01  7.77437314E-02
1.26365905E-01  1.08321085E+01  7.72147775E-02
1.26757737E-01  1.08332319E+01  7.78423026E-02
1.27149569E-01  1.07889023E+01  7.71246031E-02
1.27541401E-01  1.07333298E+01  7.63807446E-02
1.27933234E-01  1.07990742E+01  7.69285038E-02
1.28325066E-01  1.07584229E+01  7.65535012E-02
1.28716898E-01  1.07511063E+01  7.65693113E-02
1.29108730E-01  1.06746073E+01  7.57007226E-02
1.29500563E-01  1.05939417E+01  7.53335357E-02
1.29892395E-01  1.06921082E+01  7.62555748E-02
1.30284227E-01  1.06765156E+01  7.54453391E-02
1.30676059E-01  1.06466131E+01  7.54604638E-02
1.31067892E-01  1.05710592E+01  7.46163502E-02
1.31459724E-01  1.05548782E+01  7.46379867E-02
1.31851556E-01  1.05446796E+01  7.49188587E-02
1.32243388E-01  1.04735508E+01  7.39225596E-02
1.32635221E-01  1.06043415E+01  7.44022354E-02
1.33027053E-01  1.04710283E+01  7.39139542E-02
1.33418885E-01  1.04287863E+01  7.38998577E-02
1.33810718E-01  1.05376196E+01  7.38034248E-02
1.34202550E-01  1.03764677E+01  7.27873072E-02
1.34594382E-01  1.04573050E+01  7.35409409E-02
1.34986214E-01  1.05306711E+01  7.36086741E-02
1.35378047E-01  1.04919291E+01  7.33414441E-02
1.35769879E-01  1.03099937E+01  7.22783506E-02
1.36161711E-01  1.03927526E+01  7.25313127E-02
1.36553543E-01  1.04720678E+01  7.27525204E-02
1.36945376E-01  1.03933010E+01  7.21513480E-02
1.37337208E-01  1.05087986E+01  7.25694522E-02
1.37729040E-01  1.02908106E+01  7.13676587E-02
1.38120872E-01  1.03233156E+01  7.15689957E-02
1.38512705E-01  1.02572393E+01  7.16064945E-02
1.38904537E-01  1.02602291E+01  7.07047358E-02
1.39296369E-01  1.03525200E+01  7.15465769E-02
1.39688201E-01  1.02762413E+01  7.09330738E-02
1.40080034E-01  1.02978821E+01  7.08348230E-02
1.40471866E-01  1.02202787E+01  7.06191584E-02
1.40863698E-01  1.02036009E+01  7.01017678E-02
1.41255531E-01  1.02567406E+01  7.03011304E-02
1.41647363E-01  1.01766434E+01  7.00937957E-02
1.42039195E-01  1.02077885E+01  6.98983297E-02
1.42431027E-01  1.00655270E+01  6.96097165E-02
1.42822860E-01  1.01462507E+01  6.93567246E-02
1.43214692E-01  1.01068764E+01  6.97025955E-02
1.43606524E-01  1.01092768E+01  6.95276111E-02
1.43998356E-01  1.00679865E+01  6.87158555E-02
1.44390189E-01  1.00910950E+01  7.00365305E-02
1.44782021E-01  1.01719093E+01  7.03336522E-02
1.45173853E-01  1.01142120E+01  7.06683099E-02
1.45565685E-01  1.00633821E+01  7.01626092E-02
1.45957518E-01  1.00842113E+01  7.08086938E-02
1.46349350E-01  1.01036930E+01  7.08948150E-02
1.46741182E-01  1.00532207E+01  7.08940849E-02
1.47133014E-01  1.00017376E+01  7.08897486E-02
1.47524847E-01  9.89572620E+00  7.02142492E-02
1.47916679E-01  1.00334072E+01  7.08955228E-02
1.48308511E-01  1.00485029E+01  7.09667653E-02
1.48700343E-01  1.01882114E+01  7.19283372E-02
1.49092176E-01  9.95328236E+00  7.06831515E-02
1.49484008E-01  1.00244932E+01  7.06704110E-02
1.49875840E-01  1.00187387E+01  7.13280812E-02
1.50267673E-01  9.86643982E+00  7.05339760E-02
1.50659505E-01  9.92451763E+00  7.07236230E-02
1.51051337E-01  9.92267513E+00  7.06638619E-02
1.51443169E-01  9.89213371E+00  6.93455189E-02
1.51835002E-01  9.81111336E+00  6.93819895E-02
1.52226834E-01  9.95867634E+00  6.90277740E-02
1.52618666E-01  9.94044304E+00  6.90142140E-02
1.53010498E-01  9.82980824E+00  6.79974556E-02
1.53402331E-01  9.88185120E+00  6.87450841E-02
1.53794163E-01  9.90437126E+00  6.82071373E-02
1.54185995E-01  9.83106422E+00  6.75279871E-02
1.54577827E-01  9.87131882E+00  6.75880015E-02
1.54969660E-01  9.87016392E+00  6.74285218E-02
1.55361492E-01  9.81164742E+00  6.76343739E-02
1.55753324E-01  9.95098209E+00  6.73795566E-02
1.56145156E-01  9.80078411E+00  6.67477250E-02
1.56536989E-01  9.73342514E+00  6.65332153E-02
1.56928821E-01  9.92067909E+00  6.70637712E-02
1.57320653E-01  9.87466049E+00  6.70907795E-02
1.57712486E-01  9.77829933E+00  6.59567639E-02
1.58104318E-01  9.76424026E+00  6.60122782E-02
1.58496150E-01  9.91067028E+00  6.66543171E-02
1.58887982E-01  9.59152985E+00  6.51220530E-02
1.59279815E-01  9.76427078E+00  6.59687817E-02
1.59671647E-01  9.54929924E+00  6.45385012E-02
1.60063479E-01  9.76679230E+00  6.58312440E-02
1.60455311E-01  9.59447765E+00  6.49180114E-02
1.60847144E-01  9.65557003E+00  6.49254248E-02
1.61238976E-01  9.64004517E+00  6.47464320E-02
1.61630808E-01  9.84568977E+00  6.50252476E-02
1.62022640E-01  9.72081375E+00  6.52874336E-02
1.62414473E-01  9.72794056E+00  6.47049993E-02
1.62806305E-01  9.57396412E+00  6.39987439E-02
1.63198137E-01  9.73000526E+00  6.46844059E-02
1.63589969E-01  9.64508820E+00  6.40859082E-02
1.63981802E-01  9.54731750E+00  6.40471131E-02
1.64373634E-01  9.62101269E+00  6.37894943E-02
1.64765466E-01  9.61486340E+00  6.35548458E-02
1.65157298E-01  9.59623432E+00  6.37345687E-02
1.65549131E-01  9.56576538E+00  6.34860173E-02
1.65940963E-01  9.57036400E+00  6.35683611E-02
1.66332795E-01  9.71250343E+00  6.33479506E-02
1.66724628E-01  9.62996006E+00  6.34195432E-02
1.67116460E-01  9.51975441E+00  6.30820915E-02
1.67508292E-01  9.54598427E+00  6.28419816E-02
1.67900124E-01  9.52533722E+00  6.27482235E-02
1.68291957E-01  9.45312214E+00  6.21391721E-02
1.68683789E-01  9.50305367E+00  6.29355162E-02
1.69075621E-01  9.56387615E+00  6.24769777E-02
1.69467453E-01  9.58037472E+00  6.24928176E-02
1.69859286E-01  9.61124134E+00  6.26063123E-02
1.70251118E-01  9.45555592E+00  6.19587041E-02
1.70642950E-01  9.40101433E+00  6.21209368E-02
1.71034782E-01  9.48533440E+00  6.17691390E-02
1.71426615E-01  9.59050083E+00  6.19244799E-02
1.71818447E-01  9.64525032E+00  6.21756837E-02
1.72210279E-01  9.47305298E+00  6.15444817E-02
1.72602111E-01  9.51209068E+00  6.16836473E-02
1.72993944E-01  9.47958851E+00  6.11522757E-02
1.73385776E-01  9.50465012E+00  6.14149794E-02
1.73777608E-01  9.42346478E+00  6.12494648E-02
1.74169441E-01  9.48015785E+00  6.09508380E-02
1.74561273E-01  9.39092445E+00  6.07944652E-02
1.74953105E-01  9.49122238E+00  6.07140660E-02
1.75344937E-01  9.42235756E+00  6.08845092E-02
1.75736770E-01  9.37367249E+00  6.05017543E-02
1.76128602E-01  9.38008213E+00  6.00559749E-02
1.76520434E-01  9.39226627E+00  6.02340698E-02
1.76912266E-01  9.33407116E+00  5.98399341E-02
1.77304099E-01  9.34059048E+00  6.02080151E-02
1.77695931E-01  9.32628059E+00  5.97580709E-02
1.78087763E-01  9.37382412E+00  5.97847663E-02
1.78479595E-01  9.38909340E+00  6.00742809E-02
1.78871428E-01  9.29179859E+00  5.94663695E-02
1.79263260E-01  9.23743916E+00  5.93940094E-02
1.79655092E-01  9.19887829E+00  5.90229742E-02
1.80046924E-01  9.24609375E+00  5.91520630E-02
1.80438757E-01  9.32201767E+00  5.96316904E-02
1.80830589E-01  9.53237247E+00  5.98916449E-02
1.81222421E-01  9.34225464E+00  5.93808703E-02
1.81614254E-01  9.30485535E+00  5.88749796E-02
1.82006086E-01  9.40690708E+00  5.95863387E-02
1.82397918E-01  9.21510601E+00  5.93461730E-02
1.82789750E-01  9.27303123E+00  5.94193153E-02
1.83181583E-01  9.35029411E+00  5.99982142E-02
1.83573415E-01  9.26681709E+00  5.97759672E-02
1.83965247E-01  9.16059017E+00  5.99307716E-02
1.84357079E-01  9.27616024E+00  5.97604364E-02
1.84748912E-01  9.35329247E+00  6.03224821E-02
1.85140744E-01  9.34323215E+00  6.02550991E-02
1.85532576E-01  9.24444962E+00  6.01698719E-02
1.85924408E-01  9.21380806E+00  6.02828041E-02
1.86316241E-01  9.41467094E+00  6.04386851E-02
1.86708073E-01  9.19402122E+00  6.01237565E-02
1.87099905E-01  9.40929604E+00  6.08356819E-02
1.87491737E-01  9.30774117E+00  6.04118668E-02
1.87883570E-01  9.23691463E+00  6.02999106E-02
1.88275402E-01  9.14055538E+00  5.97154126E-02
1.88667234E-01  9.14116001E+00  6.03078082E-02
1.89059066E-01  9.19062519E+00  5.99492006E-02
1.89450899E-01  9.18502712E+00  5.96292093E-02
1.89842731E-01  9.15675354E+00  5.92065863E-02
1.90234563E-01  9.18821335E+00  5.91166131E-02
1.90626396E-01  9.28373528E+00  5.98452650E-02
1.91018228E-01  9.15524960E+00  5.84692731E-02
1.91410060E-01  9.23238277E+00  5.88360243E-02
1.91801892E-01  9.22348309E+00  5.85019849E-02
1.92193725E-01  9.13503838E+00  5.82641959E-02
1.92585557E-01  9.09239578E+00  5.82798012E-02
1.92977389E-01  9.19021416E+00  5.79055510E-02
1.93369221E-01  9.12516880E+00  5.80397360E-02
1.93761054E-01  9.20291615E+00  5.80305234E-02
1.94152886E-01  9.01854038E+00  5.73731437E-02
1.94544718E-01  9.10111332E+00  5.76458760E-02
1.94936550E-01  9.18595505E+00  5.73216081E-02
1.95328383E-01  9.09128284E+00  5.75836077E-02
1.95720215E-01  9.06266785E+00  5.71507066E-02
1.96112047E-01  9.12691212E+00  5.71784861E-02
1.96503879E-01  8.95876217E+00  5.67510650E-02
1.96895712E-01  9.07667255E+00  5.66077158E-02
1.97287544E-01  9.18231392E+00  5.76104224E-02
1.97679376E-01  9.08339405E+00  5.65891378E-02
1.98071209E-01  9.08110332E+00  5.66320457E-02
1.98463041E-01  9.07431793E+00  5.65512553E-02
1.98854873E-01  9.06762600E+00  5.63130565E-02
1.99246705E-01  9.08878231E+00  5.68270907E-02
1.99638538E-01  9.08396816E+00  5.61391599E-02
2.00030370E-01  9.06944942E+00  5.62701523E-02
2.00422202E-01  9.02838707E+00  5.63098639E-02
2.00814034E-01  9.18406487E+00  5.64481579E-02
2.01205867E-01  9.16598701E+00  5.62468134E-02
2.01597699E-01  9.06078529E+00  5.57220243E-02
2.01989531E-01  9.06130505E+00  5.60023077E-02
2.02381363E-01  9.08372784E+00  5.58789745E-02
2.02773196E-01  9.08181953E+00  5.57681359E-02
2.03165028E-01  9.07068729E+00  5.57913668E-02
2.03556860E-01  9.07497978E+00  5.55390157E-02
2.03948692E-01  8.97253990E+00  5.53470440E-02
2.04340525E-01  8.96324348E+00  5.50285913E-02
2.04732357E-01  8.97575092E+00  5.51043414E-02
2.05124189E-01  9.06715488E+00  5.52075356E-02
2.05516021E-01  9.00095463E+00  5.50797917E-02
2.05907854E-01  8.94376469E+00  5.47575131E-02
2.06299686E-01  8.97150326E+00  5.47236204E-02
2.06691518E-01  8.98655701E+00  5.47970980E-02
2.07083351E-01  8.90644360E+00  5.43804206E-02
2.07475183E-01  8.94102001E+00  5.46129160E-02
2.07867015E-01  8.96335411E+00  5.43743111E-02
2.08258847E-01  9.03432751E+00  5.45803607E-02
2.08650680E-01  8.94535446E+00  5.41864112E-02
2.09042512E-01  9.03498459E+00  5.44128120E-02
2.09434344E-01  8.98427582E+00  5.42423502E-02
2.09826176E-01  9.04632950E+00  5.42260520E-02
2.10218009E-01  8.96168518E+00  5.40685281E-02
2.10609841E-01  9.06353569E+00  5.45709059E-02
2.11001673E-01  8.85394001E+00  5.34564257E-02
2.11393505E-01  9.00273228E+00  5.40171489E-02
2.11785338E-01  8.89165592E+00  5.34672625E-02
2.12177170E-01  8.90645409E+00  5.38412407E-02
2.12569002E-01  8.98576546E+00  5.39405979E-02
2.12960834E-01  8.85014629E+00  5.32234311E-02
2.13352667E-01  8.98897362E+00  5.37857004E-02
2.13744499E-01  8.93665886E+00  5.32794148E-02
2.14136331E-01  8.94343376E+00  5.37533537E-02
2.14528164E-01  8.82776356E+00  5.30974679E-02
2.14919996E-01  8.95080185E+00  5.33305667E-02
2.15311828E-01  8.92753792E+00  5.34909256E-02
2.15703660E-01  8.85739326E+00  5.28594740E-02
2.16095493E-01  8.94913960E+00  5.34279384E-02
2.16487325E-01  8.87599564E+00  5.29403314E-02
2.16879157E-01  8.96285152E+00  5.30652888E-02
2.17270989E-01  8.80354977E+00  5.29921018E-02
2.17662822E-01  8.78803158E+00  5.23245446E-02
2.18054654E-01  8.92564392E+00  5.31391911E-02
2.18446486E-01  8.86070538E+00  5.24430610E-02
2.18838318E-01  8.87744331E+00  5.25090285E-02
2.19230151E-01  8.91065216E+00  5.29365428E-02
2.19621983E-01  8.86028481E+00  5.23370914E-02
2.20013815E-01  8.92171192E+00  5.29033765E-02
2.20405647E-01  8.91639709E+00  5.24140410E-02
2.20797480E-01  8.87641525E+00  5.24095222E-02
2.21189312E-01  8.87841797E+00  5.23994267E-02
2.21581144E-01  8.78816509E+00  5.18216603E-02
2.21972977E-01  8.83255577E+00  5.22079207E-02
2.22364809E-01  8.86027527E+00  5.21057434E-02
2.22756641E-01  8.85002041E+00  5.21555878E-02
2.23148473E-01  8.82312679E+00  5.19412011E-02
2.23540306E-01  8.80466080E+00  5.16511239E-02
2.23932138E-01  8.73758602E+00  5.16655259E-02
2.24323970E-01  8.80610657E+00  5.16791716E-02
2.24715802E-01  8.81349945E+00  5.17716147E-02
2.25107635E-01  8.82802200E+00  5.16267419E-02
2.25499467E-01  8.83026314E+00  5.15017696E-02
2.25891299E-01  8.81648827E+00  5.16947173E-02
2.26283131E-01  8.66866016E+00  5.09067625E-02
2.26674964E-01  8.78573036E+00  5.15347496E-02
2.27066796E-01  8.79232407E+00  5.11926264E-02
2.27458628E-01  8.79091644E+00  5.17300703E-02
2.27850460E-01  8.77099228E+00  5.20123951E-02
2.28242293E-01  8.83303452E+00  5.19410595E-02
2.28634125E-01  8.81632423E+00  5.22435643E-02
2.29025957E-01  8.91969109E+00  5.24923913E-02
2.29417789E-01  8.81094456E+00  5.24145402E-02
2.29809622E-01  8.88799095E+00  5.27749136E-02
2.30201454E-01  8.75174522E+00  5.21251261E-02
2.30593286E-01  8.78994274E+00  5.25656343E-02
2.30985119E-01  8.86391163E+00  5.26217297E-02
2.31376951E-01  8.87305355E+00  5.28720245E-02
2.31768783E-01  8.84491158E+00  5.26231192E-02
2.32160615E-01  8.82093525E+00  5.25437444E-02
2.32552448E-01  8.83060074E+00  5.29376753E-02
2.32944280E-01  8.86021709E+00  5.27599566E-02
2.33336112E-01  8.79642296E+00  5.28020896E-02
2.33727944E-01  8.78800583E+00  5.25531135E-02
2.34119777E-01  8.73633099E+00  5.26218191E-02
2.34511609E-01  8.82793903E+00  5.23050465E-02
2.34903441E-01  8.85362816E+00  5.21081202E-02
2.35295273E-01  8.71369076E+00  5.15530817E-02
2.35687106E-01  8.77510071E+00  5.15389405E-02
2.36078938E-01  8.77823925E+00  5.16733676E-02
2.36470770E-01  8.80916882E+00  5.15614748E-02
2.36862602E-01  8.80283546E+00  5.11974506E-02
2.37254435E-01  8.72811985E+00  5.11396676E-02
2.37646267E-01  8.76336288E+00  5.10829166E-02
2.38038099E-01  8.75277615E+00  5.09614982E-02
2.38429932E-01  8.69370937E+00  5.04987538E-02
2.38821764E-01  8.76524925E+00  5.08628488E-02
2.39213596E-01  8.72711468E+00  5.07373251E-02
2.39605428E-01  8.77666950E+00  5.05845211E-02
2.39997261E-01  8.71504593E+00  5.06877191E-02
2.40389093E-01  8.77882385E+00  5.03210500E-02
2.40780925E-01  8.71805096E+00  5.05557805E-02
2.41172757E-01  8.72826290E+00  5.02196886E-02
2.41564590E-01  8.69586468E+00  5.00905216E-02
2.41956422E-01  8.75960827E+00  5.03101833E-02
2.42348254E-01  8.71874809E+00  4.99701202E-02
2.42740086E-01  8.79836559E+00  5.05311154E-02
2.43131919E-01  8.71737194E+00  4.99024391E-02
2.43523751E-01  8.66343307E+00  4.95717414E-02
2.43915583E-01  8.71687412E+00  4.99298647E-02
2.44307415E-01  8.67000866E+00  4.95769158E-02
2.44699248E-01  8.71032810E+00  4.98972833E-02
2.45091080E-01  8.77776241E+00  4.97509353E-02
2.45482912E-01  8.69679070E+00  4.94655110E-02
2.45874744E-01  8.75135803E+00  4.98097241E-02
2.46266577E-01  8.64325047E+00  4.91276197E-02
2.46658409E-01  8.66267014E+00  4.93689626E-02
2.47050241E-01  8.69667435E+00  4.91565093E-02
2.47442074E-01  8.67945290E+00  4.92927991E-02
2.47833906E-01  8.67750645E+00  4.91913930E-02
2.48225738E-01  8.70728588E+00  4.89838608E-02
2.48617570E-01  8.59473228E+00  4.87872623E-02
2.49009403E-01  8.59078407E+00  4.85820472E-02
2.49401235E-01  8.74649334E+00  4.93530296E-02
2.49793067E-01  8.64610863E+00  4.87052538E-02
2.50184899E-01  8.65489197E+00  4.85182069E-02
2.50576732E-01  8.66089439E+00  4.88141105E-02
2.50968564E-01  8.65434170E+00  4.84907478E-02
2.51360396E-01  8.73744106E+00  4.89425287E-02
2.51752228E-01  8.62782764E+00  4.83186767E-02
2.52144061E-01  8.66052628E+00  4.85086478E-02
2.52535893E-01  8.66487885E+00  4.86729480E-02
2.52927725E-01  8.72775173E+00  4.85655181E-02
2.53319557E-01  8.74723148E+00  4.87911366E-02
2.53711390E-01  8.67279625E+00  4.82246391E-02
2.54103222E-01  8.63894463E+00  4.83248942E-02
2.54495054E-01  8.64576530E+00  4.83963713E-02
2.54886887E-01  8.66412640E+00  4.81496416E-02
2.55278719E-01  8.62394905E+00  4.81087193E-02
2.55670551E-01  8.65492725E+00  4.81052063E-02
2.56062383E-01  8.65155220E+00  4.83025499E-02
2.56454216E-01  8.66508961E+00  4.81788069E-02
2.56846048E-01  8.65289974E+00  4.79342751E-02
2.57237880E-01  8.73125744E+00  4.81765307E-02
2.57629712E-01  8.66442108E+00  4.80047278E-02
2.58021545E-01  8.70703125E+00  4.81036752E-02
2.58413377E-01  8.61842251E+00  4.77132723E-02
2.58805209E-01  8.55186653E+00  4.74788733E-02
2.59197041E-01  8.63508797E+00  4.78480831E-02
2.59588874E-01  8.52472591E+00  4.73976396E-02
2.59980706E-01  8.63543129E+00  4.76108417E-02
2.60372538E-01  8.47109890E+00  4.70145233E-02
2.60764370E-01  8.54249382E+00  4.73233871E-02
2.61156203E-01  8.68058395E+00  4.78234626E-02
2.61548035E-01  8.56762886E+00  4.71596718E-02
2.61939867E-01  8.66279984E+00  4.76373695E-02
2.62331700E-01  8.60444927E+00  4.71698008E-02
2.62723532E-01  8.53022957E+00  4.71549779E-02
2.63115364E-01  8.65308094E+00  4.73277159E-02
2.63507196E-01  8.64882088E+00  4.72310036E-02
2.63899029E-01  8.50566578E+00  4.69353572E-02
2.64290861E-01  8.62790966E+00  4.71076779E-02
2.64682693E-01  8.58565235E+00  4.70830314E-02
2.65074525E-01  8.62849522E+00  4.69773225E-02
2.65466358E-01  8.63040638E+00  4.73647937E-02
2.65858190E-01  8.59335613E+00  4.75039408E-02
2.66250022E-01  8.73365593E+00  4.77841459E-02
2.66641854E-01  8.59462261E+00  4.76641245E-02
2.67033687E-01  8.66505623E+00  4.76649106E-02
2.67425519E-01  8.58399391E+00  4.78181690E-02
2.67817351E-01  8.52785587E+00  4.76111993E-02
2.68209183E-01  8.50667477E+00  4.73705530E-02
2.68601016E-01  8.54331112E+00  4.76863421E-02
2.68992848E-01  8.57221317E+00  4.78052311E-02
2.69384680E-01  8.58132744E+00  4.81065661E-02
2.69776512E-01  8.54442501E+00  4.76332307E-02
2.70168345E-01  8.53404522E+00  4.76993136E-02
2.70560177E-01  8.48661900E+00  4.77575921E-02
2.70952009E-01  8.54343796E+00  4.77831699E-02
2.71343842E-01  8.57894897E+00  4.80751097E-02
2.71735674E-01  8.61056232E+00  4.80542332E-02
2.72127506E-01  8.57788181E+00  4.80081066E-02
2.72519338E-01  8.54617500E+00  4.79902588E-02
2.72911171E-01  8.46431351E+00  4.77152430E-02
2.73303003E-01  8.50540829E+00  4.78247218E-02
2.73694835E-01  8.53999329E+00  4.78387810E-02
2.74086667E-01  8.58817959E+00  4.83958200E-02
2.74478500E-01  8.53183842E+00  4.78291363E-02
2.74870332E-01  8.52480412E+00  4.79315072E-02
2.75262164E-01  8.52300358E+00  4.78111729E-02
2.75653996E-01  8.47837639E+00  4.78462465E-02
2.76045829E-01  8.58728218E+00  4.83746417E-02
2.76437661E-01  8.55625725E+00  4.79306430E-02
2.76829493E-01  8.49954987E+00  4.78872582E-02
2.77221325E-01  8.58961868E+00  4.81469966E-02
2.77613158E-01  8.52709007E+00  4.79974970E-02
2.78004990E-01  8.54840088E+00  4.80900370E-02
2.78396822E-01  8.49486637E+00  4.77722436E-02
2.78788655E-01  8.53586388E+00  4.81201187E-02
2.79180487E-01  8.50343513E+00  4.79769669E-02
2.79572319E-01  8.42815113E+00  4.76295948E-02
2.79964151E-01  8.57912159E+00  4.81320359E-02
2.80355984E-01  8.60056210E+00  4.80246060E-02
2.80747816E-01  8.44911098E+00  4.79344092E-02
2.81139648E-01  8.47391319E+00  4.77723964E-02
2.81531480E-01  8.49458790E+00  4.79339175E-02
2.81923313E-01  8.49069309E+00  4.77752201E-02
2.82315145E-01  8.49272919E+00  4.78260629E-02
2.82706977E-01  8.57910442E+00  4.82505448E-02
2.83098809E-01  8.42850113E+00  4.74230275E-02
2.83490642E-01  8.50486374E+00  4.79445979E-02
2.83882474E-01  8.50123978E+00  4.77356724E-02
2.84274306E-01  8.45264721E+00  4.76502366E-02
2.84666138E-01  8.42574501E+00  4.76319753E-02
2.85057971E-01  8.42342663E+00  4.74983454E-02
2.85449803E-01  8.52876377E+00  4.79613543E-02
2.85841635E-01  8.44687843E+00  4.75648418E-02
2.86233467E-01  8.53308201E+00  4.78391126E-02
2.86625300E-01  8.51898575E+00  4.80249748E-02
2.87017132E-01  8.40598679E+00  4.78478670E-02
2.87408964E-01  8.43291473E+00  4.84738313E-02
2.87800797E-01  8.51236153E+00  4.83539850E-02
2.88192629E-01  8.45908260E+00  4.87120487E-02
2.88584461E-01  8.47552872E+00  4.85833324E-02
2.88976293E-01  8.44918728E+00  4.86704037E-02
2.89368126E-01  8.52632618E+00  4.92374338E-02
2.89759958E-01  8.54678440E+00  4.89716716E-02
2.90151790E-01  8.52761936E+00  4.93536480E-02
2.90543622E-01  8.47143364E+00  4.90654670E-02
2.90935455E-01  8.44309425E+00  4.92704660E-02
2.91327287E-01  8.41084290E+00  4.91132066E-02
2.91719119E-01  8.43115711E+00  4.89910394E-02
2.92110951E-01  8.41579056E+00  4.94072959E-02
2.92502784E-01  8.40557766E+00  4.94822264E-02
2.92894616E-01  8.43551064E+00  5.00194393E-02
2.93286448E-01  8.27192116E+00  4.97487746E-02
2.93678280E-01  8.45313072E+00  5.01565710E-02
2.94070113E-01  8.41169643E+00  5.08391894E-02
2.94461945E-01  8.42881298E+00  5.05517535E-02
2.94853777E-01  8.26445866E+00  5.05011231E-02
2.95245610E-01  8.38642597E+00  5.08726239E-02
2.95637442E-01  8.40915775E+00  5.11783995E-02
2.96029274E-01  8.33179951E+00  5.12699410E-02
2.96421106E-01  8.38310146E+00  5.11630960E-02
2.96812939E-01  8.49745274E+00  5.20152561E-02
2.97204771E-01  8.46082115E+00  5.18785715E-02
2.97596603E-01  8.45619297E+00  5.21798357E-02
2.97988435E-01  8.37527275E+00  5.20133041E-02
2.98380268E-01  8.41973972E+00  5.20093851E-02
2.98772100E-01  8.38654518E+00  5.24384417E-02
2.99163932E-01  8.40854168E+00  5.24133258E-02
2.99555764E-01  8.33401966E+00  5.22830263E-02
2.99947597E-01  8.37333202E+00  5.23722097E-02
3.00339429E-01  8.47687054E+00  5.28854989E-02
3.00731261E-01  8.45955181E+00  5.31647876E-02
3.01123093E-01  8.39894104E+00  5.27204014E-02
3.01514926E-01  8.35765839E+00  5.30209690E-02
3.01906758E-01  8.40513039E+00  5.29326424E-02
3.02298590E-01  8.35176182E+00  5.32532223E-02
3.02690423E-01  8.33776188E+00  5.31369522E-02
3.03082255E-01  8.39784718E+00  5.32834269E-02
3.03474087E-01  8.33328629E+00  5.35219721E-02
3.03865919E-01  8.40057278E+00  5.35274670E-02
3.04257752E-01  8.38048363E+00  5.39610572E-02
3.04649584E-01  8.35089493E+00  5.34512699E-02
3.05041416E-01  8.32228184E+00  5.35518974E-02
3.05433248E-01  8.31704235E+00  5.37478998E-02
3.05825081E-01  8.37696457E+00  5.38948402E-02
3.06216913E-01  8.40122604E+00  5.44261970E-02
3.06608745E-01  8.28202915E+00  5.36539927E-02
3.07000577E-01  8.45392990E+00  5.45971878E-02
3.07392410E-01  8.38950729E+00  5.46875633E-02
3.07784242E-01  8.41739655E+00  5.44032380E-02
3.08176074E-01  8.37977409E+00  5.48025519E-02
3.08567906E-01  8.33469963E+00  5.43360710E-02
3.08959739E-01  8.36921501E+00  5.49750291E-02
3.09351571E-01  8.30802631E+00  5.47149330E-02
3.09743403E-01  8.37111568E+00  5.46001643E-02
3.10135235E-01  8.29086590E+00  5.48462942E-02
3.10527068E-01  8.26663303E+00  5.52374646E-02
3.10918900E-01  8.38442993E+00  5.65522425E-02
3.11310732E-01  8.44484043E+00  5.65521009E-02
3.11702565E-01  8.42313004E+00  5.70748188E-02
3.12094397E-01  8.47417355E+00  5.78526109E-02
3.12486229E-01  8.32010841E+00  5.71562201E-02
3.12878061E-01  8.35068989E+00  5.79685420E-02
3.13269894E-01  8.20232201E+00  5.71885519E-02
3.13661726E-01  8.29927921E+00  5.84021993E-02
3.14053558E-01  8.34137154E+00  5.87551668E-02
3.14445390E-01  8.36181450E+00  5.84313832E-02
3.14837223E-01  8.34501266E+00  5.92964366E-02
3.15229055E-01  8.35015106E+00  5.90799414E-02
3.15620887E-01  8.48677540E+00  6.05920032E-02
3.16012719E-01  8.41435432E+00  5.98072745E-02
3.16404552E-01  8.27963638E+00  5.97329065E-02
3.16796384E-01  8.42934990E+00  6.06757849E-02
3.17188216E-01  8.36668968E+00  6.07015379E-02
3.17580048E-01  8.31383705E+00  6.00766614E-02
3.17971881E-01  8.27684784E+00  5.88834807E-02
3.18363713E-01  8.37111187E+00  5.96932396E-02
3.18755545E-01  8.25024509E+00  5.93113191E-02
3.19147378E-01  8.28095245E+00  5.92586026E-02
3.19539210E-01  8.28654861E+00  5.92289269E-02
3.19931042E-01  8.28997993E+00  5.90426847E-02
3.20322874E-01  8.32347012E+00  5.97021282E-02
3.20714707E-01  8.27120781E+00  5.90258762E-02
3.21106539E-01  8.29974747E+00  5.91527708E-02
3.21498371E-01  8.32864761E+00  5.93557321E-02
3.21890203E-01  8.22622871E+00  5.91646619E-02
3.22282036E-01  8.27964878E+00  5.97890392E-02
3.22673868E-01  8.27077007E+00  5.86579405E-02
3.23065700E-01  8.19775581E+00  5.91760799E-02
3.23457532E-01  8.27601624E+00  5.90948053E-02
3.23849365E-01  8.36707973E+00  5.98994754E-02
3.24241197E-01  8.17502689E+00  5.89322150E-02
3.24633029E-01  8.26765156E+00  5.92028461E-02
3.25024861E-01  8.29573727E+00  5.96445277E-02
3.25416694E-01  8.31219387E+00  5.94380498E-02
3.25808526E-01  8.29342365E+00  5.95479123E-02
3.26200358E-01  8.27832317E+00  5.95193282E-02
3.26592190E-01  8.17020226E+00  5.91422841E-02
3.26984023E-01  8.16276646E+00  5.93565442E-02
3.27375855E-01  8.22888947E+00  5.92037067E-02
3.27767687E-01  8.23245621E+00  5.94188273E-02
3.28159520E-01  8.24238777E+00  5.93915880E-02
3.28551352E-01  8.27081966E+00  5.97237237E-02
3.28943184E-01  8.26235390E+00  5.98737039E-02
3.29335016E-01  8.22781849E+00  5.94287068E-02
3.29726849E-01  8.18866158E+00  5.98398373E-02
3.30118681E-01  8.15847778E+00  5.94970696E-02
3.30510513E-01  8.18033409E+00  5.96802682E-02
3.30902345E-01  8.33734035E+00  6.03553243E-02
3.31294178E-01  8.13644314E+00  5.96240424E-02
3.31686010E-01  8.07124901E+00  5.99749014E-02
3.32077842E-01  8.31183147E+00  6.04085550E-02
3.32469674E-01  8.28833866E+00  6.03895225E-02
3.32861507E-01  8.22031021E+00  6.04467280E-02
3.33253339E-01  8.34161758E+00  6.08779937E-02
3.33645171E-01  8.22355747E+00  6.09604158E-02
3.34037003E-01  8.27750874E+00  6.05505742E-02
3.34428836E-01  8.20415878E+00  6.07798882E-02
3.34820668E-01  8.28731060E+00  6.11697100E-02
3.35212500E-01  8.18869400E+00  6.09283894E-02
3.35604333E-01  8.14666176E+00  6.09097257E-02
3.35996165E-01  8.11648655E+00  6.03744164E-02
3.36387997E-01  8.23479176E+00  6.16030917E-02
3.36779829E-01  8.16870213E+00  6.08690046E-02
3.37171662E-01  8.25294304E+00  6.14745431E-02
3.37563494E-01  8.17551136E+00  6.11579157E-02
3.37955326E-01  8.10066128E+00  6.09192811E-02
3.38347158E-01  8.24137688E+00  6.21446706E-02
3.38738991E-01  8.12148666E+00  6.10120930E-02
3.39130823E-01  8.16046429E+00  6.14821278E-02
3.39522655E-01  8.16849422E+00  6.16406724E-02
3.39914487E-01  8.15167332E+00  6.12803809E-02
3.40306320E-01  8.07444668E+00  6.18463755E-02
3.40698152E-01  8.17772198E+00  6.12946153E-02
3.41089984E-01  8.09095860E+00  6.17648438E-02
3.41481816E-01  8.20553589E+00  6.18392564E-02
3.41873649E-01  8.05286503E+00  6.14471920E-02
3.42265481E-01  8.23427296E+00  6.23397231E-02
3.42657313E-01  8.20434761E+00  6.17357083E-02
3.43049146E-01  8.19043636E+00  6.24387898E-02
3.43440978E-01  8.16598129E+00  6.19364083E-02
3.43832810E-01  8.10311890E+00  6.19154274E-02
3.44224642E-01  8.06691360E+00  6.19378388E-02
3.44616475E-01  8.10090160E+00  6.18930645E-02
3.45008307E-01  8.15385818E+00  6.27182722E-02
3.45400139E-01  8.18308735E+00  6.20465241E-02
3.45791971E-01  8.09206676E+00  6.23463504E-02
3.46183804E-01  8.09619236E+00  6.22140169E-02
3.46575636E-01  8.21610355E+00  6.25545308E-02
3.46967468E-01  8.03221893E+00  6.23853430E-02
3.47359300E-01  8.08191299E+00  6.19982108E-02
3.47751133E-01  8.11863422E+00  6.29030317E-02
3.48142965E-01  8.05891228E+00  6.21314906E-02
3.48534797E-01  8.12461567E+00  6.25488758E-02
3.48926629E-01  8.04042912E+00  6.26003444E-02
3.49318462E-01  8.21027470E+00  6.29236847E-02
3.49710294E-01  8.09711647E+00  6.30665496E-02
3.50102126E-01  8.11532497E+00  6.27100915E-02
3.50493958E-01  8.13316917E+00  6.33781254E-02
3.50885791E-01  8.06043053E+00  6.27560765E-02
3.51277623E-01  8.00953865E+00  6.27413243E-02
3.51669455E-01  8.06527138E+00  6.30985722E-02
3.52061288E-01  8.07407093E+00  6.29634932E-02
3.52453120E-01  8.13105583E+00  6.40359744E-02
3.52844952E-01  8.08862400E+00  6.31134585E-02
3.53236784E-01  8.06744289E+00  6.34838194E-02
3.53628617E-01  8.05610085E+00  6.35818616E-02
3.54020449E-01  8.00684834E+00  6.30890876E-02
3.54412281E-01  7.94541693E+00  6.36387318E-02
3.54804113E-01  8.00659561E+00  6.30264729E-02
3.55195946E-01  8.04245377E+00  6.40919432E-02
3.55587778E-01  8.03899670E+00  6.35796860E-02
3.55979610E-01  8.08004475E+00  6.39183223E-02
3.56371442E-01  8.13804913E+00  6.47530928E-02
3.56763275E-01  8.08983517E+00  6.39577582E-02
3.57155107E-01  8.02270985E+00  6.45086616E-02
3.57546939E-01  7.97296286E+00  6.36068657E-02
3.57938771E-01  7.91797495E+00  6.38567135E-02
3.58330604E-01  8.05933857E+00  6.47571459E-02
3.58722436E-01  7.99328518E+00  6.38666227E-02
3.59114268E-01  7.93806744E+00  6.45030364E-02
3.59506101E-01  8.03163242E+00  6.43148348E-02
3.59897933E-01  8.06111717E+00  6.53778464E-02
3.60289765E-01  8.01510239E+00  6.45309910E-02
3.60681597E-01  8.09828186E+00  6.48319125E-02
3.61073430E-01  7.99559164E+00  6.51470646E-02
3.61465262E-01  8.01571560E+00  6.47693574E-02
3.61857094E-01  7.93762827E+00  6.51698858E-02
3.62248926E-01  8.02419281E+00  6.49397001E-02
3.62640759E-01  7.97432280E+00  6.50104657E-02
3.63032591E-01  8.00034142E+00  6.55501485E-02
3.63424423E-01  8.10885334E+00  6.54195100E-02
3.63816255E-01  8.00841427E+00  6.57599270E-02
3.64208088E-01  8.06161213E+00  6.53668121E-02
3.64599920E-01  8.11044312E+00  6.66089505E-02
3.64991752E-01  7.99436665E+00  6.55275956E-02
3.65383584E-01  8.02994347E+00  6.56386465E-02
3.65775417E-01  7.99269772E+00  6.60350621E-02
3.66167249E-01  7.94821167E+00  6.54268041E-02
3.66559081E-01  8.00020218E+00  6.67402297E-02
3.66950914E-01  8.00074863E+00  6.51566461E-02
3.67342746E-01  8.06570530E+00  6.64097145E-02
3.67734578E-01  8.06087780E+00  6.64262846E-02
3.68126410E-01  8.12540627E+00  6.66195974E-02
3.68518243E-01  7.96837330E+00  6.63708523E-02
3.68910075E-01  7.92243433E+00  6.54813722E-02
3.69301907E-01  7.85429573E+00  6.60584867E-02
3.69693739E-01  8.06085110E+00  6.65006191E-02
3.70085572E-01  7.98114443E+00  6.60275519E-02
3.70477404E-01  7.99960709E+00  6.66495040E-02
3.70869236E-01  7.91740322E+00  6.60517961E-02
3.71261068E-01  7.90749216E+00  6.68400526E-02
3.71652901E-01  7.99916744E+00  6.63745627E-02
3.72044733E-01  7.84252357E+00  6.58663586E-02
3.72436565E-01  7.97694540E+00  6.67415857E-02
3.72828397E-01  7.87525749E+00  6.60226345E-02
3.73220230E-01  8.12106800E+00  6.77768365E-02
3.73612062E-01  7.91931200E+00  6.60263672E-02
3.74003894E-01  7.90600157E+00  6.69495463E-02
3.74395726E-01  7.89826679E+00  6.66360259E-02
3.74787559E-01  7.87349176E+00  6.62363321E-02
3.75179391E-01  7.86453629E+00  6.67373464E-02
3.75571223E-01  7.94953966E+00  6.67228028E-02
3.75963056E-01  7.92640734E+00  6.74960688E-02
3.76354888E-01  7.95770216E+00  6.71326891E-02
3.76746720E-01  7.92528439E+00  6.67524040E-02
3.77138552E-01  7.82637835E+00  6.72045946E-02
3.77530385E-01  8.00112343E+00  6.72600791E-02
3.77922217E-01  7.85666132E+00  6.79422393E-02
3.78314049E-01  7.92978334E+00  6.72063828E-02
3.78705881E-01  7.99413013E+00  6.79227039E-02
3.79097714E-01  7.99379778E+00  6.81961402E-02
3.79489546E-01  7.88688755E+00  6.74857572E-02
3.79881378E-01  8.03403568E+00  6.86469153E-02
3.80273210E-01  7.84229994E+00  6.70649633E-02
3.80665043E-01  7.88144541E+00  6.82920367E-02
3.81056875E-01  7.77421761E+00  6.77069277E-02
3.81448707E-01  7.93323708E+00  6.79595172E-02
3.81840539E-01  7.97142744E+00  6.90691322E-02
3.82232372E-01  8.00471210E+00  6.80691525E-02
3.82624204E-01  7.87289953E+00  6.89915419E-02
3.83016036E-01  7.91486454E+00  6.85199052E-02
3.83407869E-01  7.87120342E+00  6.81904927E-02
3.83799701E-01  7.91701794E+00  6.92692026E-02
3.84191533E-01  7.89630461E+00  6.82799518E-02
3.84583365E-01  7.86047697E+00  6.93151876E-02
3.84975198E-01  7.84096718E+00  6.82416931E-02
3.85367030E-01  7.73513603E+00  6.87194467E-02
3.85758862E-01  7.84964180E+00  6.90801218E-02
3.86150694E-01  7.92466497E+00  6.93679750E-02
3.86542527E-01  7.92632055E+00  6.97981864E-02
3.86934359E-01  7.92998266E+00  6.91422224E-02
3.87326191E-01  7.86358070E+00  6.97999820E-02
3.87718023E-01  7.86671972E+00  6.94729611E-02
3.88109856E-01  7.86221790E+00  6.92847595E-02
3.88501688E-01  7.80953312E+00  6.96253628E-02
3.88893520E-01  7.82145405E+00  6.94862977E-02
3.89285352E-01  7.79777575E+00  7.01166242E-02
3.89677185E-01  7.81558180E+00  6.93548024E-02
3.90069017E-01  7.73968172E+00  6.97466806E-02
3.90460849E-01  7.92957067E+00  7.04218075E-02
3.90852681E-01  7.86860609E+00  7.01074600E-02
3.91244514E-01  7.91069794E+00  7.07356334E-02
3.91636346E-01  7.85342026E+00  6.98889866E-02
3.92028178E-01  7.88644934E+00  7.07169771E-02
3.92420011E-01  7.97696733E+00  7.09435195E-02
3.92811843E-01  7.92746687E+00  7.08346218E-02
3.93203675E-01  7.82538414E+00  7.04218373E-02
3.93595507E-01  7.68673325E+00  6.94899634E-02
3.93987340E-01  7.90830278E+00  7.35314190E-02
3.94379172E-01  7.78382730E+00  7.28766546E-02
3.94771004E-01  7.93657875E+00  7.50003159E-02
3.95162836E-01  7.84594297E+00  7.47029409E-02
3.95554669E-01  7.78961515E+00  7.52909780E-02
3.95946501E-01  7.77141142E+00  7.68317729E-02
3.96338333E-01  7.81819057E+00  7.54298866E-02
3.96730165E-01  7.88261032E+00  7.80609548E-02
3.97121998E-01  7.96597004E+00  7.78772458E-02
3.97513830E-01  7.78526402E+00  7.79384226E-02
3.97905662E-01  7.96006346E+00  7.91781619E-02
3.98297494E-01  7.80262995E+00  7.81475231E-02
3.98689327E-01  7.86002159E+00  8.05616006E-02
3.99081159E-01  7.94129801E+00  7.99991190E-02
3.99472991E-01  7.76025486E+00  7.94972852E-02
3.99864824E-01  7.87164974E+00  8.04907531E-02
4.00256656E-01  7.88533497E+00  8.12618881E-02
4.00648488E-01  7.97187424E+00  8.33529755E-02
4.01040320E-01  7.98669052E+00  8.13783035E-02
4.01432153E-01  7.97162962E+00  8.31370950E-02
4.01823985E-01  7.98589373E+00  8.30333680E-02
4.02215817E-01  7.87719297E+00  8.32924396E-02
4.02607649E-01  7.87225914E+00  8.34129825E-02
4.02999482E-01  7.79681492E+00  8.27950537E-02
4.03391314E-01  8.04812241E+00  8.60971063E-02
4.03783146E-01  7.92994452E+00  8.46538246E-02
4.04174978E-01  7.96735525E+00  8.56259465E-02
4.04566811E-01  7.95130444E+00  8.46170783E-02
4.04958643E-01  7.78348064E+00  8.52194577E-02
4.05350475E-01  7.94525290E+00  8.67466331E-02
4.05742307E-01  7.91546965E+00  8.55838954E-02
4.06134140E-01  7.75641775E+00  8.57914239E-02
4.06525972E-01  7.84523964E+00  8.57979879E-02
4.06917804E-01  7.94250631E+00  8.72276351E-02
4.07309637E-01  7.83547878E+00  8.71793479E-02
4.07701469E-01  7.76671505E+00  8.62170383E-02
4.08093301E-01  7.88343620E+00  8.86507109E-02
4.08485133E-01  7.83889675E+00  8.77512842E-02
4.08876966E-01  7.80464840E+00  8.86034146E-02
4.09268798E-01  7.90913391E+00  8.80588293E-02
4.09660630E-01  7.85272503E+00  8.91894549E-02
4.10052462E-01  7.93496847E+00  9.03862864E-02
4.10444295E-01  7.71575499E+00  8.92666131E-02
4.10836127E-01  7.90469980E+00  9.03999582E-02
4.11227959E-01  7.94454813E+00  9.04426128E-02
4.11619791E-01  7.73741388E+00  9.03247893E-02
4.12011624E-01  7.72916317E+00  9.07056332E-02
4.12403456E-01  7.87374401E+00  9.13577378E-02
4.12795288E-01  7.76721716E+00  9.15121138E-02
4.13187120E-01  7.83650064E+00  9.25664231E-02
4.13578953E-01  7.91594124E+00  9.28336605E-02
4.13970785E-01  7.97101688E+00  9.34602842E-02
4.14362617E-01  7.91051531E+00  9.35648009E-02
4.14754449E-01  8.02860451E+00  9.49947760E-02
4.15146282E-01  7.86584711E+00  9.45567340E-02
4.15538114E-01  7.90788221E+00  9.44902748E-02
4.15929946E-01  7.93085051E+00  9.49479118E-02
4.16321779E-01  7.96366072E+00  9.64601561E-02
4.16713611E-01  7.90905905E+00  9.56865475E-02
4.17105443E-01  7.95189190E+00  9.70681682E-02
4.17497275E-01  7.95290089E+00  9.61185247E-02
4.17889108E-01  8.00982857E+00  9.77681205E-02
4.18280940E-01  7.98563814E+00  9.87387300E-02
4.18672772E-01  7.94119024E+00  9.76974964E-02
4.19064604E-01  7.88035154E+00  9.75563005E-02
4.19456437E-01  7.86127329E+00  9.89328697E-02
4.19848269E-01  7.79064369E+00  9.77656916E-02
4.20240101E-01  7.80479765E+00  9.96934995E-02
4.20631933E-01  7.90562391E+00  9.86662507E-02
4.21023766E-01  7.79642725E+00  9.95784551E-02
4.21415598E-01  7.81480789E+00  1.00654148E-01
4.21807430E-01  7.93998146E+00  1.01197593E-01
4.22199262E-01  8.14857960E+00  1.02257468E-01
4.22591095E-01  7.79952812E+00  1.00817576E-01
4.22982927E-01  7.85617733E+00  1.01711407E-01
4.23374759E-01  7.99191809E+00  1.03607818E-01
4.23766592E-01  7.71297407E+00  1.00193843E-01
4.24158424E-01  7.72660875E+00  1.01604357E-01
4.24550256E-01  7.75609112E+00  1.02480538E-01
4.24942088E-01  7.81573200E+00  1.02599062E-01
4.25333921E-01  7.75388288E+00  1.02192998E-01
4.25725753E-01  7.98699856E+00  1.03718504E-01
4.26117585E-01  7.82213593E+00  1.03972182E-01
4.26509417E-01  7.76395273E+00  1.03870817E-01
4.26901250E-01  7.81495142E+00  1.02872841E-01
4.27293082E-01  7.76699781E+00  1.03394672E-01
4.27684914E-01  7.78272009E+00  1.03926763E-01
4.28076746E-01  7.78098440E+00  1.04785495E-01
4.28468579E-01  7.97584248E+00  1.05209745E-01
4.28860411E-01  7.84679794E+00  1.04717098E-01
4.29252243E-01  7.74549007E+00  1.05588689E-01
4.29644075E-01  7.94727612E+00  1.06879644E-01
4.30035908E-01  7.90332651E+00  1.05462089E-01
4.30427740E-01  7.89765549E+00  1.06395289E-01


### HEADER:
#
#{
#    "analysis": {},
#    "calibration_params": {
#        "Beam_Center_X": 730.0374262707371,
#        "Beam_Center_Y": 675.3320572331704,
#        "Detector Tilt": 0.026259007459965275,
#        "Detector Tilt Plane Rotation": 73.53223173202183,
#        "Detector_X_Pixel_Size": 172.0,
#        "Detector_Y_Pixel_Size": 172.0,
#        "Integration Method": "nosplit_csr",
#        "Radial_Average_Method": "pyFAI",
#        "Sample-to-detector distance (mm)": 2662.970378639845,
#        "Wavelength (A)": 1.03320164497
#    },
#    "config_file": "C:\\Users\\Administrator\\AppData\\Local\\RAW\\backup.cfg",
#    "counters": {},
#    "filename": "a501-60_0059_00003.tif",
#    "history": {},
#    "imageHeader": {
#        "Alpha": "0.0000 deg.",
#        "Angle_increment": "0.1000 deg.",
#        "Beam_xy": "(0.00, 0.00) pixels",
#        "Chi": "0.0000 deg.",
#        "Count_cutoff": "1157021 counts",
#        "Detector_2theta": "0.0000 deg.",
#        "Detector_Voffset": "0.00000 m",
#        "Detector_distance": "1.00000 m",
#        "Energy_range": "(0, 0) eV",
#        "Excluded_pixels": "badpix_mask.tif",
#        "Exposure_period": "1.1000000 s",
#        "Exposure_time": "1.0000000 s",
#        "Filter_transmission": "1.0000",
#        "Flat_field": "FF_p24-0163_E12000_T6000_vrf_m0p100.tif",
#        "Flux": "0.000000",
#        "Gain_setting": "autog (vrf = 1.000)",
#        "Image_path": "/user-data/2022/202209/20220910/hongliang/",
#        "Kappa": "0.0000 deg.",
#        "N_excluded_pixels": "61",
#        "N_oscillations": "1",
#        "Oscillation_axis": "X, CW",
#        "Phi": "0.0000 deg.",
#        "Pixel_size": "172e-6 m x 172e-6 m",
#        "Polarization": "0.990",
#        "Ratecorr_lut_directory": "ContinuousStandard_v1.1",
#        "Retrigger_mode": "1",
#        "Silicon": "sensor, thickness 0.000450",
#        "Start_angle": "0.2000 deg.",
#        "Tau": "0 s",
#        "Threshold_setting": "6000 eV",
#        "Trim_file": "p24-0163_E12000_T6000.bin",
#        "Wavelength (A)": "1.54000 A"
#    },
#    "load_path": "C:\\Users\\Administrator\\Desktop\\UserData\\2022\\202209\\20220910\\hongliang\\a501-60_0059_00003.tif",
#    "normalizations": {
#        "Polarization": {
#            "Used": false
#        },
#        "Solid_Angle_Correction": "On"
#    },
#    "raw_version": "2.1.1"
#}

