### DATA:
#
# 1081
#      Q             I(Q)           Error     
7.24889685E-03  3.46549707E+03  7.03613949E+00
7.64072911E-03  2.97467261E+03  6.47278500E+00
8.03256137E-03  2.62746826E+03  6.04092312E+00
8.42439364E-03  2.28934253E+03  4.96152067E+00
8.81622590E-03  2.01133813E+03  4.70135212E+00
9.20805816E-03  1.77896887E+03  4.17623663E+00
9.59989042E-03  1.58773401E+03  3.87023187E+00
9.99172268E-03  1.43372900E+03  3.53090239E+00
1.03835549E-02  1.28055103E+03  3.20069742E+00
1.07753872E-02  1.15895898E+03  3.03284335E+00
1.11672195E-02  1.04737866E+03  2.76498580E+00
1.15590517E-02  9.53630249E+02  2.60064960E+00
1.19508840E-02  8.68571594E+02  2.39046550E+00
1.23427163E-02  7.95887329E+02  2.28826118E+00
1.27345485E-02  7.36986755E+02  2.14620638E+00
1.31263808E-02  6.74779236E+02  2.00413942E+00
1.35182130E-02  6.25262390E+02  1.89022696E+00
1.39100453E-02  5.82585754E+02  1.76980472E+00
1.43018776E-02  5.39538025E+02  1.72177875E+00
1.46937098E-02  5.03629150E+02  1.63240004E+00
1.50855421E-02  4.67119110E+02  1.49144208E+00
1.54773744E-02  4.38403687E+02  1.46957386E+00
1.58692066E-02  4.09013824E+02  1.37608278E+00
1.62610389E-02  3.86217804E+02  1.35293663E+00
1.66528711E-02  3.61535065E+02  1.25924551E+00
1.70447034E-02  3.41176056E+02  1.21008003E+00
1.74365357E-02  3.21675140E+02  1.16503096E+00
1.78283679E-02  3.04531708E+02  1.13356161E+00
1.82202002E-02  2.88055725E+02  1.11189425E+00
1.86120325E-02  2.74918457E+02  1.05930781E+00
1.90038647E-02  2.60471649E+02  1.02900183E+00
1.93956970E-02  2.46746811E+02  1.01186097E+00
1.97875292E-02  2.34848068E+02  9.69230890E-01
2.01793615E-02  2.24200836E+02  9.48905289E-01
2.05711938E-02  2.12402390E+02  9.10885453E-01
2.09630260E-02  2.03803192E+02  8.95762444E-01
2.13548583E-02  1.94850967E+02  8.74149203E-01
2.17466905E-02  1.85818283E+02  8.38970721E-01
2.21385228E-02  1.77659149E+02  8.20345044E-01
2.25303551E-02  1.69481567E+02  7.92290092E-01
2.29221873E-02  1.61314362E+02  7.81699121E-01
2.33140196E-02  1.56000000E+02  7.64384508E-01
2.37058519E-02  1.50643311E+02  7.29603767E-01
2.40976841E-02  1.44025040E+02  7.15931356E-01
2.44895164E-02  1.38264801E+02  6.89310670E-01
2.48813486E-02  1.32895111E+02  6.71195984E-01
2.52731809E-02  1.27817879E+02  6.45256877E-01
2.56650132E-02  1.24506622E+02  6.19911790E-01
2.60568454E-02  1.18721832E+02  6.12954319E-01
2.64486777E-02  1.15648056E+02  5.90210140E-01
2.68405100E-02  1.10364601E+02  5.73983252E-01
2.72323422E-02  1.07108353E+02  5.58819413E-01
2.76241745E-02  1.03177025E+02  5.37606418E-01
2.80160067E-02  9.93423386E+01  5.32011330E-01
2.84078390E-02  9.59651489E+01  5.11365235E-01
2.87996713E-02  9.23849716E+01  4.98352706E-01
2.91915035E-02  8.96202011E+01  4.79994208E-01
2.95833358E-02  8.72538910E+01  4.79822725E-01
2.99751681E-02  8.34167709E+01  4.67308015E-01
3.03670003E-02  8.03471909E+01  4.45967406E-01
3.07588326E-02  7.89710464E+01  4.41585779E-01
3.11506648E-02  7.72448502E+01  4.27845925E-01
3.15424971E-02  7.35741577E+01  4.24660265E-01
3.19343294E-02  7.13668976E+01  4.09310490E-01
3.23261616E-02  6.90655365E+01  3.99851143E-01
3.27179939E-02  6.72547073E+01  3.90527606E-01
3.31098262E-02  6.51554565E+01  3.82223964E-01
3.35016584E-02  6.32535362E+01  3.77877235E-01
3.38934907E-02  6.18291359E+01  3.64262134E-01
3.42853229E-02  6.05116272E+01  3.61917078E-01
3.46771552E-02  5.83765907E+01  3.52062494E-01
3.50689875E-02  5.59484749E+01  3.42130125E-01
3.54608197E-02  5.52513275E+01  3.39636981E-01
3.58526520E-02  5.43130417E+01  3.28609169E-01
3.62444842E-02  5.24683113E+01  3.26571167E-01
3.66363165E-02  5.14245453E+01  3.21353197E-01
3.70281488E-02  4.98834686E+01  3.12449813E-01
3.74199810E-02  4.82195168E+01  3.02782744E-01
3.78118133E-02  4.70898933E+01  2.92348504E-01
3.82036456E-02  4.61063576E+01  2.94676989E-01
3.85954778E-02  4.47139320E+01  2.84105629E-01
3.89873101E-02  4.41476746E+01  2.81035811E-01
3.93791423E-02  4.29497375E+01  2.75477350E-01
3.97709746E-02  4.20831642E+01  2.71250367E-01
4.01628069E-02  4.17126808E+01  2.74158686E-01
4.05546391E-02  4.02020454E+01  2.60602087E-01
4.09464714E-02  3.92748222E+01  2.58454114E-01
4.13383037E-02  3.83611488E+01  2.53497601E-01
4.17301359E-02  3.78033752E+01  2.50600874E-01
4.21219682E-02  3.66205177E+01  2.48304665E-01
4.25138004E-02  3.65123596E+01  2.42293015E-01
4.29056327E-02  3.59978790E+01  2.41162375E-01
4.32974650E-02  3.52097130E+01  2.36792594E-01
4.36892972E-02  3.44404984E+01  2.32897535E-01
4.40811295E-02  3.38976059E+01  2.32338950E-01
4.44729618E-02  3.34042282E+01  2.24981278E-01
4.48647940E-02  3.32613678E+01  2.28337705E-01
4.52566263E-02  3.25011940E+01  2.23277047E-01
4.56484585E-02  3.21642380E+01  2.18299791E-01
4.60402908E-02  3.10776596E+01  2.15863928E-01
4.64321231E-02  3.07086849E+01  2.11432353E-01
4.68239553E-02  3.04122982E+01  2.13221535E-01
4.72157876E-02  3.00114498E+01  2.08715022E-01
4.76076199E-02  2.98222561E+01  2.06710592E-01
4.79994521E-02  2.92787151E+01  2.04088613E-01
4.83912844E-02  2.91255322E+01  2.01557159E-01
4.87831166E-02  2.82609081E+01  2.00225621E-01
4.91749489E-02  2.80233498E+01  1.96072981E-01
4.95667812E-02  2.79197044E+01  1.95042491E-01
4.99586134E-02  2.72825603E+01  1.94399923E-01
5.03504457E-02  2.69459667E+01  1.90962121E-01
5.07422779E-02  2.68055077E+01  1.89695388E-01
5.11341102E-02  2.66078014E+01  1.86264485E-01
5.15259425E-02  2.62145653E+01  1.86842203E-01
5.19177747E-02  2.56491776E+01  1.84326231E-01
5.23096070E-02  2.57545052E+01  1.82541326E-01
5.27014393E-02  2.52267818E+01  1.79161340E-01
5.30932715E-02  2.52031593E+01  1.78736821E-01
5.34851038E-02  2.47908173E+01  1.78517595E-01
5.38769360E-02  2.46674881E+01  1.76380917E-01
5.42687683E-02  2.43151188E+01  1.73914716E-01
5.46606006E-02  2.41537476E+01  1.72800288E-01
5.50524328E-02  2.38092823E+01  1.70305416E-01
5.54442651E-02  2.38188133E+01  1.71598345E-01
5.58360974E-02  2.35479164E+01  1.66847125E-01
5.62279296E-02  2.32536068E+01  1.67391792E-01
5.66197619E-02  2.28779907E+01  1.65043220E-01
5.70115941E-02  2.28817196E+01  1.64179653E-01
5.74034264E-02  2.23597260E+01  1.63066402E-01
5.77952587E-02  2.27851143E+01  1.62123382E-01
5.81870909E-02  2.23540668E+01  1.60397798E-01
5.85789232E-02  2.22508049E+01  1.60119176E-01
5.89707555E-02  2.21645145E+01  1.58715248E-01
5.93625877E-02  2.21658688E+01  1.58810481E-01
5.97544200E-02  2.16181965E+01  1.54652581E-01
6.01462522E-02  2.13814125E+01  1.55621618E-01
6.05380845E-02  2.13420753E+01  1.54003114E-01
6.09299168E-02  2.12000923E+01  1.53575480E-01
6.13217490E-02  2.09035339E+01  1.54751852E-01
6.17135813E-02  2.09457645E+01  1.55175105E-01
6.21054136E-02  2.04552689E+01  1.55599505E-01
6.24972458E-02  2.06477585E+01  1.53890759E-01
6.28890781E-02  2.02030029E+01  1.53640553E-01
6.32809103E-02  2.00821304E+01  1.52646333E-01
6.36727426E-02  2.00173340E+01  1.53112203E-01
6.40645749E-02  1.99272022E+01  1.53943419E-01
6.44564071E-02  1.96668587E+01  1.51323825E-01
6.48482394E-02  1.96108494E+01  1.51816949E-01
6.52400716E-02  1.91346722E+01  1.49175838E-01
6.56319039E-02  1.89505367E+01  1.49064407E-01
6.60237362E-02  1.88686504E+01  1.48655027E-01
6.64155684E-02  1.89768429E+01  1.47958875E-01
6.68074007E-02  1.85595379E+01  1.47432640E-01
6.71992330E-02  1.84725018E+01  1.46657974E-01
6.75910652E-02  1.84732342E+01  1.46405637E-01
6.79828975E-02  1.81395836E+01  1.43504694E-01
6.83747297E-02  1.81082211E+01  1.40614837E-01
6.87665620E-02  1.78161068E+01  1.39705181E-01
6.91583943E-02  1.77058659E+01  1.37184709E-01
6.95502265E-02  1.74959621E+01  1.36587203E-01
6.99420588E-02  1.75749035E+01  1.34896547E-01
7.03338911E-02  1.73989544E+01  1.33873761E-01
7.07257233E-02  1.72635994E+01  1.33766070E-01
7.11175556E-02  1.70236053E+01  1.30881131E-01
7.15093878E-02  1.70592022E+01  1.31415278E-01
7.19012201E-02  1.70715504E+01  1.29702657E-01
7.22930524E-02  1.69140320E+01  1.29743785E-01
7.26848846E-02  1.68063717E+01  1.29073739E-01
7.30767169E-02  1.67414856E+01  1.27504453E-01
7.34685492E-02  1.64386330E+01  1.25797674E-01
7.38603814E-02  1.64535885E+01  1.25253692E-01
7.42522137E-02  1.64676590E+01  1.25787973E-01
7.46440459E-02  1.63227730E+01  1.24517910E-01
7.50358782E-02  1.62523232E+01  1.22572675E-01
7.54277105E-02  1.59533014E+01  1.23159386E-01
7.58195427E-02  1.59165897E+01  1.21468835E-01
7.62113750E-02  1.60661144E+01  1.21365212E-01
7.66032072E-02  1.57275333E+01  1.19750865E-01
7.69950395E-02  1.57982330E+01  1.19100586E-01
7.73868718E-02  1.56156235E+01  1.20148621E-01
7.77787040E-02  1.55659857E+01  1.17590547E-01
7.81705363E-02  1.54535637E+01  1.17794655E-01
7.85623686E-02  1.53079481E+01  1.15843058E-01
7.89542008E-02  1.55346317E+01  1.16748951E-01
7.93460331E-02  1.53756075E+01  1.16662793E-01
7.97378653E-02  1.51974974E+01  1.14872433E-01
8.01296976E-02  1.50848265E+01  1.13952458E-01
8.05215299E-02  1.50375719E+01  1.13871999E-01
8.09133621E-02  1.49296093E+01  1.12976737E-01
8.13051944E-02  1.48437090E+01  1.12507239E-01
8.16970267E-02  1.46372137E+01  1.10596389E-01
8.20888589E-02  1.46826172E+01  1.11895375E-01
8.24806912E-02  1.45669861E+01  1.10238977E-01
8.28725234E-02  1.44610796E+01  1.09837674E-01
8.32643557E-02  1.43988075E+01  1.08609170E-01
8.36561880E-02  1.46538391E+01  1.08900078E-01
8.40480202E-02  1.44031324E+01  1.09435424E-01
8.44398525E-02  1.42057219E+01  1.07049257E-01
8.48316848E-02  1.40620661E+01  1.07156858E-01
8.52235170E-02  1.40272408E+01  1.05737306E-01
8.56153493E-02  1.39768925E+01  1.05885550E-01
8.60071815E-02  1.41089058E+01  1.06598489E-01
8.63990138E-02  1.38842993E+01  1.04328372E-01
8.67908461E-02  1.38948984E+01  1.04945645E-01
8.71826783E-02  1.36172028E+01  1.02678537E-01
8.75745106E-02  1.36808910E+01  1.03765272E-01
8.79663429E-02  1.36585245E+01  1.03034064E-01
8.83581751E-02  1.35285740E+01  1.02146819E-01
8.87500074E-02  1.35975933E+01  1.02171145E-01
8.91418396E-02  1.34095011E+01  1.01075046E-01
8.95336719E-02  1.33621454E+01  1.01089232E-01
8.99255042E-02  1.32023745E+01  9.97236669E-02
9.03173364E-02  1.33039551E+01  9.99563038E-02
9.07091687E-02  1.32846479E+01  1.00185201E-01
9.11010009E-02  1.30481949E+01  9.84384045E-02
9.14928332E-02  1.29783697E+01  9.82843190E-02
9.18846655E-02  1.29342041E+01  9.72881690E-02
9.22764977E-02  1.29720583E+01  9.77889001E-02
9.26683300E-02  1.28640156E+01  9.88487378E-02
9.30601623E-02  1.27485809E+01  9.85541567E-02
9.34519945E-02  1.28140726E+01  9.92236510E-02
9.38438268E-02  1.26802502E+01  9.78069678E-02
9.42356590E-02  1.27915401E+01  9.92128998E-02
9.46274913E-02  1.25245562E+01  9.81721953E-02
9.50193236E-02  1.25345917E+01  9.75757465E-02
9.54111558E-02  1.24048967E+01  9.77400020E-02
9.58029881E-02  1.23342257E+01  9.56026688E-02
9.61948204E-02  1.25513048E+01  9.59794223E-02
9.65866526E-02  1.22015800E+01  9.40142050E-02
9.69784849E-02  1.23452024E+01  9.39893201E-02
9.73703171E-02  1.23622122E+01  9.45970714E-02
9.77621494E-02  1.20927391E+01  9.30568650E-02
9.81539817E-02  1.22026329E+01  9.33786854E-02
9.85458139E-02  1.20702391E+01  9.27054808E-02
9.89376462E-02  1.21795721E+01  9.37945247E-02
9.93294785E-02  1.21074362E+01  9.59367901E-02
9.97213107E-02  1.18198462E+01  9.48628187E-02
1.00113143E-01  1.20704069E+01  9.64522064E-02
1.00504975E-01  1.19392653E+01  9.60379988E-02
1.00896808E-01  1.20537596E+01  9.66095552E-02
1.01288640E-01  1.19064779E+01  9.72678810E-02
1.01680472E-01  1.18414660E+01  9.65051875E-02
1.02072304E-01  1.17365208E+01  9.50364545E-02
1.02464137E-01  1.19143934E+01  9.57172439E-02
1.02855969E-01  1.16997709E+01  9.46334377E-02
1.03247801E-01  1.18508377E+01  9.47006941E-02
1.03639633E-01  1.16849098E+01  9.40711498E-02
1.04031466E-01  1.18313112E+01  9.50191244E-02
1.04423298E-01  1.15748348E+01  9.39121172E-02
1.04815130E-01  1.17531862E+01  9.44892466E-02
1.05206962E-01  1.14333048E+01  9.30182785E-02
1.05598795E-01  1.17208033E+01  9.38264877E-02
1.05990627E-01  1.13571320E+01  9.25334021E-02
1.06382459E-01  1.15634937E+01  9.19942185E-02
1.06774291E-01  1.14973307E+01  9.15635228E-02
1.07166124E-01  1.13827229E+01  8.99658352E-02
1.07557956E-01  1.12924547E+01  8.93865004E-02
1.07949788E-01  1.14841747E+01  9.02699977E-02
1.08341620E-01  1.12630033E+01  8.83379579E-02
1.08733453E-01  1.12576942E+01  8.87175500E-02
1.09125285E-01  1.13404102E+01  8.77048522E-02
1.09517117E-01  1.12849655E+01  8.79386514E-02
1.09908950E-01  1.12540007E+01  8.75486284E-02
1.10300782E-01  1.11807537E+01  8.63282159E-02
1.10692614E-01  1.11211386E+01  8.64731893E-02
1.11084446E-01  1.10272894E+01  8.52806792E-02
1.11476279E-01  1.11478376E+01  8.56892467E-02
1.11868111E-01  1.09242859E+01  8.43002647E-02
1.12259943E-01  1.10225039E+01  8.45412314E-02
1.12651775E-01  1.10329161E+01  8.45813006E-02
1.13043608E-01  1.09170818E+01  8.34362358E-02
1.13435440E-01  1.10006514E+01  8.38353261E-02
1.13827272E-01  1.09403543E+01  8.29719976E-02
1.14219104E-01  1.07882280E+01  8.21354017E-02
1.14610937E-01  1.08841238E+01  8.28630999E-02
1.15002769E-01  1.09260511E+01  8.22484568E-02
1.15394601E-01  1.07577066E+01  8.21222886E-02
1.15786433E-01  1.08772326E+01  8.18624124E-02
1.16178266E-01  1.09240103E+01  8.23943317E-02
1.16570098E-01  1.09041834E+01  8.18130821E-02
1.16961930E-01  1.07377396E+01  8.04737210E-02
1.17353763E-01  1.07898264E+01  8.14332291E-02
1.17745595E-01  1.06858540E+01  7.99905732E-02
1.18137427E-01  1.06549578E+01  8.03330243E-02
1.18529259E-01  1.07933235E+01  8.01288113E-02
1.18921092E-01  1.07040367E+01  7.94200003E-02
1.19312924E-01  1.06156960E+01  7.96329007E-02
1.19704756E-01  1.05811939E+01  7.87778944E-02
1.20096588E-01  1.06050348E+01  7.92391971E-02
1.20488421E-01  1.06753073E+01  7.91045725E-02
1.20880253E-01  1.05163813E+01  7.80577511E-02
1.21272085E-01  1.06458216E+01  7.90882707E-02
1.21663917E-01  1.05135298E+01  7.78673217E-02
1.22055750E-01  1.05961294E+01  7.87191018E-02
1.22447582E-01  1.04551954E+01  7.73398727E-02
1.22839414E-01  1.04018774E+01  7.75202513E-02
1.23231246E-01  1.04158831E+01  7.75278062E-02
1.23623079E-01  1.03303604E+01  7.63121173E-02
1.24014911E-01  1.03285561E+01  7.68267512E-02
1.24406743E-01  1.04740725E+01  7.66473040E-02
1.24798575E-01  1.04410954E+01  7.69811422E-02
1.25190408E-01  1.02878704E+01  7.58782476E-02
1.25582240E-01  1.03276892E+01  7.58978724E-02
1.25974072E-01  1.03198185E+01  7.60601088E-02
1.26365905E-01  1.04358110E+01  7.57891536E-02
1.26757737E-01  1.02671833E+01  7.57813454E-02
1.27149569E-01  1.02105608E+01  7.50289932E-02
1.27541401E-01  1.02968655E+01  7.48116374E-02
1.27933234E-01  1.03201132E+01  7.52031878E-02
1.28325066E-01  1.01123724E+01  7.42193758E-02
1.28716898E-01  1.00923519E+01  7.41864145E-02
1.29108730E-01  1.01581631E+01  7.38467947E-02
1.29500563E-01  1.01493130E+01  7.37357140E-02
1.29892395E-01  1.01765375E+01  7.43943527E-02
1.30284227E-01  1.00719423E+01  7.32781142E-02
1.30676059E-01  1.00636330E+01  7.33653754E-02
1.31067892E-01  1.01386528E+01  7.30743334E-02
1.31459724E-01  1.00159979E+01  7.27077052E-02
1.31851556E-01  1.00720053E+01  7.32204542E-02
1.32243388E-01  1.00243263E+01  7.23198652E-02
1.32635221E-01  1.00196781E+01  7.23221004E-02
1.33027053E-01  1.00103216E+01  7.22696260E-02
1.33418885E-01  9.99833298E+00  7.23586604E-02
1.33810718E-01  9.89872551E+00  7.15310946E-02
1.34202550E-01  9.87559128E+00  7.10088387E-02
1.34594382E-01  9.86668968E+00  7.14340061E-02
1.34986214E-01  9.96881580E+00  7.16180876E-02
1.35378047E-01  9.84851933E+00  7.10570663E-02
1.35769879E-01  9.81949997E+00  7.05380887E-02
1.36161711E-01  9.94729805E+00  7.09598660E-02
1.36553543E-01  9.93226528E+00  7.08526298E-02
1.36945376E-01  9.82630253E+00  7.01556727E-02
1.37337208E-01  9.88789272E+00  7.03929514E-02
1.37729040E-01  9.84140396E+00  6.97919279E-02
1.38120872E-01  9.88916683E+00  7.00479075E-02
1.38512705E-01  9.71485901E+00  6.96875826E-02
1.38904537E-01  9.84900093E+00  6.92733303E-02
1.39296369E-01  9.64395809E+00  6.90547377E-02
1.39688201E-01  9.62699986E+00  6.86557814E-02
1.40080034E-01  9.84523296E+00  6.92605376E-02
1.40471866E-01  9.74354362E+00  6.89524412E-02
1.40863698E-01  9.73353958E+00  6.84679970E-02
1.41255531E-01  9.65538692E+00  6.82091266E-02
1.41647363E-01  9.64944172E+00  6.82540387E-02
1.42039195E-01  9.63055801E+00  6.78932592E-02
1.42431027E-01  9.74443531E+00  6.84904382E-02
1.42822860E-01  9.63422108E+00  6.75840303E-02
1.43214692E-01  9.57088757E+00  6.78291842E-02
1.43606524E-01  9.55506134E+00  6.75949156E-02
1.43998356E-01  9.62290668E+00  6.71798065E-02
1.44390189E-01  9.66528606E+00  6.85429573E-02
1.44782021E-01  9.59950829E+00  6.83260635E-02
1.45173853E-01  9.60267544E+00  6.88580573E-02
1.45565685E-01  9.58349800E+00  6.84692785E-02
1.45957518E-01  9.55568790E+00  6.89281449E-02
1.46349350E-01  9.62763405E+00  6.92044795E-02
1.46741182E-01  9.42380142E+00  6.86389208E-02
1.47133014E-01  9.54702187E+00  6.92595541E-02
1.47524847E-01  9.49866199E+00  6.87911585E-02
1.47916679E-01  9.52595139E+00  6.90794364E-02
1.48308511E-01  9.44355774E+00  6.87974170E-02
1.48700343E-01  9.59153366E+00  6.97902963E-02
1.49092176E-01  9.44982052E+00  6.88722953E-02
1.49484008E-01  9.51033974E+00  6.88342303E-02
1.49875840E-01  9.57642937E+00  6.97358027E-02
1.50267673E-01  9.47162056E+00  6.91083074E-02
1.50659505E-01  9.40843391E+00  6.88602328E-02
1.51051337E-01  9.45718861E+00  6.89864829E-02
1.51443169E-01  9.43809319E+00  6.77353814E-02
1.51835002E-01  9.40485191E+00  6.79303035E-02
1.52226834E-01  9.45485783E+00  6.72590211E-02
1.52618666E-01  9.44979382E+00  6.72894269E-02
1.53010498E-01  9.37072563E+00  6.63906261E-02
1.53402331E-01  9.40887260E+00  6.70797229E-02
1.53794163E-01  9.29045582E+00  6.60594404E-02
1.54185995E-01  9.39598274E+00  6.60168305E-02
1.54577827E-01  9.41873169E+00  6.60204068E-02
1.54969660E-01  9.34134674E+00  6.55973405E-02
1.55361492E-01  9.22001076E+00  6.55635148E-02
1.55753324E-01  9.27073288E+00  6.50357604E-02
1.56145156E-01  9.24755859E+00  6.48365021E-02
1.56536989E-01  9.35685825E+00  6.52334988E-02
1.56928821E-01  9.25833321E+00  6.47863746E-02
1.57320653E-01  9.34270573E+00  6.52586520E-02
1.57712486E-01  9.23508549E+00  6.40985444E-02
1.58104318E-01  9.31036949E+00  6.44598007E-02
1.58496150E-01  9.26827812E+00  6.44579232E-02
1.58887982E-01  9.18961716E+00  6.37430474E-02
1.59279815E-01  9.13896179E+00  6.38214946E-02
1.59671647E-01  9.27624989E+00  6.36091158E-02
1.60063479E-01  9.19172668E+00  6.38637841E-02
1.60455311E-01  9.15654755E+00  6.34191483E-02
1.60847144E-01  9.17621899E+00  6.32933006E-02
1.61238976E-01  9.25910568E+00  6.34542629E-02
1.61630808E-01  9.05764008E+00  6.23686649E-02
1.62022640E-01  9.17007446E+00  6.34110123E-02
1.62414473E-01  9.18953133E+00  6.28889129E-02
1.62806305E-01  8.99299812E+00  6.20265789E-02
1.63198137E-01  9.09830952E+00  6.25494346E-02
1.63589969E-01  9.16136551E+00  6.24582097E-02
1.63981802E-01  9.09876060E+00  6.25244677E-02
1.64373634E-01  9.23063946E+00  6.24819659E-02
1.64765466E-01  9.13468742E+00  6.19475245E-02
1.65157298E-01  9.07176399E+00  6.19684346E-02
1.65549131E-01  9.05846691E+00  6.17796704E-02
1.65940963E-01  9.17135239E+00  6.22290932E-02
1.66332795E-01  9.08902168E+00  6.12809584E-02
1.66724628E-01  9.10746956E+00  6.16750792E-02
1.67116460E-01  9.06537724E+00  6.15582354E-02
1.67508292E-01  9.07147789E+00  6.12602159E-02
1.67900124E-01  9.15125179E+00  6.15037344E-02
1.68291957E-01  8.98910522E+00  6.05948977E-02
1.68683789E-01  9.08583641E+00  6.15384616E-02
1.69075621E-01  9.04186916E+00  6.07480220E-02
1.69467453E-01  9.12911606E+00  6.10032827E-02
1.69859286E-01  8.99748898E+00  6.05743900E-02
1.70251118E-01  9.16892624E+00  6.10123873E-02
1.70642950E-01  8.86204243E+00  6.03139214E-02
1.71034782E-01  9.01470852E+00  6.02172688E-02
1.71426615E-01  8.90038109E+00  5.96548878E-02
1.71818447E-01  9.04364967E+00  6.02054335E-02
1.72210279E-01  8.90447807E+00  5.96689470E-02
1.72602111E-01  8.89888477E+00  5.96622787E-02
1.72993944E-01  9.01843071E+00  5.96462786E-02
1.73385776E-01  8.91693401E+00  5.94858974E-02
1.73777608E-01  8.86373425E+00  5.94025850E-02
1.74169441E-01  8.96798134E+00  5.92815094E-02
1.74561273E-01  8.92612076E+00  5.92708625E-02
1.74953105E-01  9.02827358E+00  5.92148453E-02
1.75344937E-01  9.02185822E+00  5.95765039E-02
1.75736770E-01  8.99293041E+00  5.92602827E-02
1.76128602E-01  8.91482735E+00  5.85476384E-02
1.76520434E-01  8.86382103E+00  5.85150383E-02
1.76912266E-01  9.00760269E+00  5.87841421E-02
1.77304099E-01  8.97888851E+00  5.90307713E-02
1.77695931E-01  8.84957027E+00  5.82107827E-02
1.78087763E-01  8.90254021E+00  5.82625009E-02
1.78479595E-01  8.96897316E+00  5.87148704E-02
1.78871428E-01  8.86555195E+00  5.80863953E-02
1.79263260E-01  8.91665459E+00  5.83536215E-02
1.79655092E-01  9.02656460E+00  5.84675521E-02
1.80046924E-01  8.84079933E+00  5.78410961E-02
1.80438757E-01  8.88181782E+00  5.82067147E-02
1.80830589E-01  8.88702202E+00  5.78287579E-02
1.81222421E-01  8.89725971E+00  5.79493865E-02
1.81614254E-01  8.82132149E+00  5.73248342E-02
1.82006086E-01  8.89585495E+00  5.79451509E-02
1.82397918E-01  8.74959183E+00  5.78277707E-02
1.82789750E-01  8.81956387E+00  5.79482540E-02
1.83181583E-01  8.82940006E+00  5.83030544E-02
1.83573415E-01  8.90513611E+00  5.85978366E-02
1.83965247E-01  8.86378479E+00  5.89518920E-02
1.84357079E-01  8.78220654E+00  5.81475571E-02
1.84748912E-01  8.83586979E+00  5.86302318E-02
1.85140744E-01  8.85361004E+00  5.86550497E-02
1.85532576E-01  8.80974007E+00  5.87381236E-02
1.85924408E-01  8.90853500E+00  5.92757426E-02
1.86316241E-01  8.79194069E+00  5.84056415E-02
1.86708073E-01  8.89481449E+00  5.91373406E-02
1.87099905E-01  8.80159760E+00  5.88383600E-02
1.87491737E-01  8.80545712E+00  5.87592237E-02
1.87883570E-01  8.72123814E+00  5.85925318E-02
1.88275402E-01  8.76369762E+00  5.84714487E-02
1.88667234E-01  8.72299385E+00  5.89122586E-02
1.89059066E-01  8.78316021E+00  5.86052164E-02
1.89450899E-01  8.73404121E+00  5.81468828E-02
1.89842731E-01  8.76742268E+00  5.79342283E-02
1.90234563E-01  8.79416656E+00  5.78350835E-02
1.90626396E-01  8.84317684E+00  5.84080331E-02
1.91018228E-01  8.63919830E+00  5.67975119E-02
1.91410060E-01  8.77944374E+00  5.73746338E-02
1.91801892E-01  8.65464497E+00  5.66692874E-02
1.92193725E-01  8.69393158E+00  5.68400808E-02
1.92585557E-01  8.68633842E+00  5.69635779E-02
1.92977389E-01  8.76187992E+00  5.65400273E-02
1.93369221E-01  8.71429729E+00  5.67180365E-02
1.93761054E-01  8.64891243E+00  5.62567301E-02
1.94152886E-01  8.71961308E+00  5.64142913E-02
1.94544718E-01  8.70312691E+00  5.63713759E-02
1.94936550E-01  8.73096752E+00  5.58839887E-02
1.95328383E-01  8.77141380E+00  5.65615222E-02
1.95720215E-01  8.69577885E+00  5.59819229E-02
1.96112047E-01  8.60714436E+00  5.55264987E-02
1.96503879E-01  8.70171928E+00  5.59309945E-02
1.96895712E-01  8.73316479E+00  5.55262230E-02
1.97287544E-01  8.66326904E+00  5.59584796E-02
1.97679376E-01  8.66245174E+00  5.52623607E-02
1.98071209E-01  8.54110432E+00  5.49224541E-02
1.98463041E-01  8.64823246E+00  5.52076101E-02
1.98854873E-01  8.62382698E+00  5.49176969E-02
1.99246705E-01  8.67769051E+00  5.55270575E-02
1.99638538E-01  8.62149525E+00  5.46914451E-02
2.00030370E-01  8.70042992E+00  5.51134944E-02
2.00422202E-01  8.67613029E+00  5.52004240E-02
2.00814034E-01  8.59425259E+00  5.46054952E-02
2.01205867E-01  8.58405304E+00  5.44320233E-02
2.01597699E-01  8.65676594E+00  5.44655398E-02
2.01989531E-01  8.53209496E+00  5.43423481E-02
2.02381363E-01  8.66126919E+00  5.45641147E-02
2.02773196E-01  8.52670574E+00  5.40368855E-02
2.03165028E-01  8.53570461E+00  5.41210957E-02
2.03556860E-01  8.57158852E+00  5.39766587E-02
2.03948692E-01  8.58845615E+00  5.41494787E-02
2.04340525E-01  8.53013229E+00  5.36826141E-02
2.04732357E-01  8.60565186E+00  5.39563149E-02
2.05124189E-01  8.64226818E+00  5.38985059E-02
2.05516021E-01  8.65311813E+00  5.40050417E-02
2.05907854E-01  8.55487633E+00  5.35538122E-02
2.06299686E-01  8.54056931E+00  5.33931591E-02
2.06691518E-01  8.54015255E+00  5.34187481E-02
2.07083351E-01  8.64812183E+00  5.35859950E-02
2.07475183E-01  8.64346409E+00  5.36964722E-02
2.07867015E-01  8.57083225E+00  5.31704053E-02
2.08258847E-01  8.49915314E+00  5.29390685E-02
2.08650680E-01  8.56099224E+00  5.30094951E-02
2.09042512E-01  8.57555103E+00  5.30113019E-02
2.09434344E-01  8.49730301E+00  5.27518280E-02
2.09826176E-01  8.50187874E+00  5.25689423E-02
2.10218009E-01  8.61720562E+00  5.30191697E-02
2.10609841E-01  8.48755646E+00  5.28084822E-02
2.11001673E-01  8.43404484E+00  5.21734543E-02
2.11393505E-01  8.51332951E+00  5.25284037E-02
2.11785338E-01  8.46372700E+00  5.21647893E-02
2.12177170E-01  8.45956898E+00  5.24731018E-02
2.12569002E-01  8.46639061E+00  5.23585193E-02
2.12960834E-01  8.49037838E+00  5.21304160E-02
2.13352667E-01  8.51524258E+00  5.23492321E-02
2.13744499E-01  8.50783634E+00  5.19854017E-02
2.14136331E-01  8.43910980E+00  5.22157773E-02
2.14528164E-01  8.56587887E+00  5.23039438E-02
2.14919996E-01  8.45383453E+00  5.18289171E-02
2.15311828E-01  8.49197769E+00  5.21697402E-02
2.15703660E-01  8.48578548E+00  5.17387465E-02
2.16095493E-01  8.50034332E+00  5.20710088E-02
2.16487325E-01  8.47561264E+00  5.17325252E-02
2.16879157E-01  8.43032074E+00  5.14647029E-02
2.17270989E-01  8.45298958E+00  5.19263037E-02
2.17662822E-01  8.47368336E+00  5.13801984E-02
2.18054654E-01  8.45457458E+00  5.17179184E-02
2.18446486E-01  8.42802143E+00  5.11465929E-02
2.18838318E-01  8.42833710E+00  5.11635877E-02
2.19230151E-01  8.48389435E+00  5.16533442E-02
2.19621983E-01  8.36564255E+00  5.08552007E-02
2.20013815E-01  8.47186184E+00  5.15523814E-02
2.20405647E-01  8.52078438E+00  5.12380637E-02
2.20797480E-01  8.43762302E+00  5.10977134E-02
2.21189312E-01  8.40804005E+00  5.09924777E-02
2.21581144E-01  8.41108036E+00  5.06976806E-02
2.21972977E-01  8.40299416E+00  5.09225614E-02
2.22364809E-01  8.39879894E+00  5.07306717E-02
2.22756641E-01  8.34839821E+00  5.06559275E-02
2.23148473E-01  8.39840603E+00  5.06756306E-02
2.23540306E-01  8.41530228E+00  5.04961573E-02
2.23932138E-01  8.41986656E+00  5.07174879E-02
2.24323970E-01  8.40850353E+00  5.04990183E-02
2.24715802E-01  8.45677471E+00  5.07130697E-02
2.25107635E-01  8.43130398E+00  5.04533947E-02
2.25499467E-01  8.36137104E+00  5.01157306E-02
2.25891299E-01  8.37576962E+00  5.03860973E-02
2.26283131E-01  8.34908295E+00  4.99595888E-02
2.26674964E-01  8.42358780E+00  5.04614562E-02
2.27066796E-01  8.37652302E+00  4.99674790E-02
2.27458628E-01  8.42867374E+00  5.06530516E-02
2.27850460E-01  8.37526894E+00  5.08255251E-02
2.28242293E-01  8.45735550E+00  5.08245006E-02
2.28634125E-01  8.45380116E+00  5.11581749E-02
2.29025957E-01  8.47237873E+00  5.11592440E-02
2.29417789E-01  8.35508823E+00  5.10406345E-02
2.29809622E-01  8.44520569E+00  5.14435396E-02
2.30201454E-01  8.47388744E+00  5.12909964E-02
2.30593286E-01  8.35299206E+00  5.12424558E-02
2.30985119E-01  8.31440735E+00  5.09645380E-02
2.31376951E-01  8.35322189E+00  5.12998849E-02
2.31768783E-01  8.38561916E+00  5.12386188E-02
2.32160615E-01  8.28916931E+00  5.09353392E-02
2.32552448E-01  8.38472366E+00  5.15838936E-02
2.32944280E-01  8.30382252E+00  5.10765165E-02
2.33336112E-01  8.39135551E+00  5.15720174E-02
2.33727944E-01  8.38699436E+00  5.13400696E-02
2.34119777E-01  8.29068756E+00  5.12621216E-02
2.34511609E-01  8.30482006E+00  5.07316552E-02
2.34903441E-01  8.33288097E+00  5.05524650E-02
2.35295273E-01  8.40929604E+00  5.06446250E-02
2.35687106E-01  8.41306591E+00  5.04645705E-02
2.36078938E-01  8.34600353E+00  5.03851287E-02
2.36470770E-01  8.29973507E+00  5.00483736E-02
2.36862602E-01  8.33832169E+00  4.98283356E-02
2.37254435E-01  8.27656746E+00  4.97992374E-02
2.37646267E-01  8.32236576E+00  4.97810096E-02
2.38038099E-01  8.34271717E+00  4.97534312E-02
2.38429932E-01  8.29302025E+00  4.93212938E-02
2.38821764E-01  8.36030865E+00  4.96740639E-02
2.39213596E-01  8.24837112E+00  4.93260510E-02
2.39605428E-01  8.31544590E+00  4.92374487E-02
2.39997261E-01  8.25072670E+00  4.93189730E-02
2.40389093E-01  8.28846741E+00  4.88954708E-02
2.40780925E-01  8.20646572E+00  4.90500219E-02
2.41172757E-01  8.23762894E+00  4.87877987E-02
2.41564590E-01  8.29249287E+00  4.89149615E-02
2.41956422E-01  8.24382687E+00  4.88065369E-02
2.42348254E-01  8.27683926E+00  4.86872867E-02
2.42740086E-01  8.29629803E+00  4.90681939E-02
2.43131919E-01  8.26944828E+00  4.86034676E-02
2.43523751E-01  8.30490303E+00  4.85351570E-02
2.43915583E-01  8.33020687E+00  4.88099009E-02
2.44307415E-01  8.23853588E+00  4.83275466E-02
2.44699248E-01  8.30729675E+00  4.87292260E-02
2.45091080E-01  8.24651146E+00  4.82219160E-02
2.45482912E-01  8.26829624E+00  4.82315272E-02
2.45874744E-01  8.30002594E+00  4.85083126E-02
2.46266577E-01  8.31039906E+00  4.81723808E-02
2.46658409E-01  8.26426983E+00  4.82203476E-02
2.47050241E-01  8.31546497E+00  4.80670743E-02
2.47442074E-01  8.24581623E+00  4.80456576E-02
2.47833906E-01  8.26423836E+00  4.80057299E-02
2.48225738E-01  8.19528770E+00  4.75218892E-02
2.48617570E-01  8.25022221E+00  4.77994755E-02
2.49009403E-01  8.27373695E+00  4.76771481E-02
2.49401235E-01  8.20150852E+00  4.77907322E-02
2.49793067E-01  8.34073925E+00  4.78374176E-02
2.50184899E-01  8.22678471E+00  4.73030321E-02
2.50576732E-01  8.24655819E+00  4.76321690E-02
2.50968564E-01  8.25223160E+00  4.73508239E-02
2.51360396E-01  8.21573353E+00  4.74588759E-02
2.51752228E-01  8.27307034E+00  4.73148711E-02
2.52144061E-01  8.23096371E+00  4.72903326E-02
2.52535893E-01  8.27363014E+00  4.75613847E-02
2.52927725E-01  8.28104115E+00  4.73063327E-02
2.53319557E-01  8.16646004E+00  4.71435785E-02
2.53711390E-01  8.27700520E+00  4.71114032E-02
2.54103222E-01  8.25265503E+00  4.72321175E-02
2.54495054E-01  8.16517353E+00  4.70320396E-02
2.54886887E-01  8.25097561E+00  4.69876081E-02
2.55278719E-01  8.28660202E+00  4.71583866E-02
2.55670551E-01  8.12712955E+00  4.66153473E-02
2.56062383E-01  8.14293861E+00  4.68612239E-02
2.56454216E-01  8.29595184E+00  4.71414179E-02
2.56846048E-01  8.22936344E+00  4.67464291E-02
2.57237880E-01  8.25569820E+00  4.68461625E-02
2.57629712E-01  8.15003967E+00  4.65579778E-02
2.58021545E-01  8.15664673E+00  4.65585068E-02
2.58413377E-01  8.16012192E+00  4.64273244E-02
2.58805209E-01  8.19838333E+00  4.64872718E-02
2.59197041E-01  8.17826462E+00  4.65652309E-02
2.59588874E-01  8.18371582E+00  4.64399531E-02
2.59980706E-01  8.23958206E+00  4.65067998E-02
2.60372538E-01  8.22373676E+00  4.63230088E-02
2.60764370E-01  8.16734314E+00  4.62725982E-02
2.61156203E-01  8.12729454E+00  4.62742671E-02
2.61548035E-01  8.18993092E+00  4.61084545E-02
2.61939867E-01  8.05085850E+00  4.59240004E-02
2.62331700E-01  8.13408184E+00  4.58623990E-02
2.62723532E-01  8.10220623E+00  4.59566973E-02
2.63115364E-01  8.18299580E+00  4.60242108E-02
2.63507196E-01  8.22917271E+00  4.60709147E-02
2.63899029E-01  8.21429634E+00  4.61244471E-02
2.64290861E-01  8.09446812E+00  4.56281714E-02
2.64682693E-01  8.12683201E+00  4.58076932E-02
2.65074525E-01  8.09343433E+00  4.54974584E-02
2.65466358E-01  8.12273502E+00  4.59505990E-02
2.65858190E-01  8.22624016E+00  4.64781597E-02
2.66250022E-01  8.16450119E+00  4.62009199E-02
2.66641854E-01  8.13917160E+00  4.63840142E-02
2.67033687E-01  8.09058475E+00  4.60577831E-02
2.67425519E-01  8.05869865E+00  4.63319644E-02
2.67817351E-01  8.15252590E+00  4.65516709E-02
2.68209183E-01  8.05665112E+00  4.61005159E-02
2.68601016E-01  8.13899612E+00  4.65442799E-02
2.68992848E-01  8.15871811E+00  4.66380008E-02
2.69384680E-01  8.08483982E+00  4.66941893E-02
2.69776512E-01  8.11079025E+00  4.64087874E-02
2.70168345E-01  8.15439892E+00  4.66262661E-02
2.70560177E-01  8.18508053E+00  4.69014794E-02
2.70952009E-01  8.18612576E+00  4.67732772E-02
2.71343842E-01  8.15894604E+00  4.68835272E-02
2.71735674E-01  8.15625954E+00  4.67693619E-02
2.72127506E-01  8.10740757E+00  4.66729850E-02
2.72519338E-01  8.18991566E+00  4.69793417E-02
2.72911171E-01  8.12727928E+00  4.67556268E-02
2.73303003E-01  8.13162136E+00  4.67620380E-02
2.73694835E-01  8.08978653E+00  4.65607420E-02
2.74086667E-01  8.17582893E+00  4.72196974E-02
2.74478500E-01  8.13286400E+00  4.66974303E-02
2.74870332E-01  8.12217236E+00  4.67858985E-02
2.75262164E-01  8.13249779E+00  4.67030257E-02
2.75653996E-01  8.21619511E+00  4.71006483E-02
2.76045829E-01  8.20059299E+00  4.72729318E-02
2.76437661E-01  8.10571575E+00  4.66516502E-02
2.76829493E-01  8.18334293E+00  4.69880477E-02
2.77221325E-01  8.09979343E+00  4.67540473E-02
2.77613158E-01  8.06293869E+00  4.66729030E-02
2.78004990E-01  8.15558243E+00  4.69721183E-02
2.78396822E-01  8.12385464E+00  4.67173718E-02
2.78788655E-01  8.16991711E+00  4.70773242E-02
2.79180487E-01  8.09090424E+00  4.67987359E-02
2.79572319E-01  8.06100750E+00  4.65806350E-02
2.79964151E-01  8.07874107E+00  4.67072874E-02
2.80355984E-01  8.08220100E+00  4.65548821E-02
2.80747816E-01  8.14670658E+00  4.70687747E-02
2.81139648E-01  8.06077480E+00  4.65932935E-02
2.81531480E-01  8.10130310E+00  4.68111373E-02
2.81923313E-01  8.11058044E+00  4.66935709E-02
2.82315145E-01  8.09223843E+00  4.66847830E-02
2.82706977E-01  8.08819580E+00  4.68497276E-02
2.83098809E-01  8.10484123E+00  4.65035774E-02
2.83490642E-01  8.03565979E+00  4.66033109E-02
2.83882474E-01  8.05494881E+00  4.64657880E-02
2.84274306E-01  8.09618855E+00  4.66346815E-02
2.84666138E-01  8.00756741E+00  4.64349240E-02
2.85057971E-01  8.04899216E+00  4.64306585E-02
2.85449803E-01  8.06890869E+00  4.66504432E-02
2.85841635E-01  8.04485035E+00  4.64191213E-02
2.86233467E-01  8.10154629E+00  4.66137603E-02
2.86625300E-01  8.03220272E+00  4.66326922E-02
2.87017132E-01  8.11565495E+00  4.70143072E-02
2.87408964E-01  8.05647755E+00  4.73795682E-02
2.87800797E-01  8.01465607E+00  4.69191000E-02
2.88192629E-01  8.03298664E+00  4.74693514E-02
2.88584461E-01  8.05668163E+00  4.73676659E-02
2.88976293E-01  8.06873989E+00  4.75620255E-02
2.89368126E-01  7.98808146E+00  4.76579890E-02
2.89759958E-01  8.06106663E+00  4.75597791E-02
2.90151790E-01  8.05689335E+00  4.79721464E-02
2.90543622E-01  8.03862572E+00  4.77956496E-02
2.90935455E-01  8.03740025E+00  4.80721593E-02
2.91327287E-01  8.10541630E+00  4.82132286E-02
2.91719119E-01  8.08983421E+00  4.79891300E-02
2.92110951E-01  7.94811773E+00  4.80154529E-02
2.92502784E-01  8.02123165E+00  4.83390577E-02
2.92894616E-01  7.96517563E+00  4.86060940E-02
2.93286448E-01  7.98499060E+00  4.88783345E-02
2.93678280E-01  7.97101307E+00  4.87052538E-02
2.94070113E-01  7.99258709E+00  4.95564863E-02
2.94461945E-01  7.99677610E+00  4.92391400E-02
2.94853777E-01  7.89167738E+00  4.93490137E-02
2.95245610E-01  7.97444916E+00  4.96073514E-02
2.95637442E-01  8.03476715E+00  5.00261523E-02
2.96029274E-01  8.03050518E+00  5.03343940E-02
2.96421106E-01  8.02806759E+00  5.00679724E-02
2.96812939E-01  8.00648022E+00  5.04902117E-02
2.97204771E-01  7.97540045E+00  5.03683835E-02
2.97596603E-01  7.88177824E+00  5.03764302E-02
2.97988435E-01  7.87749863E+00  5.04439548E-02
2.98380268E-01  7.98635197E+00  5.06531671E-02
2.98772100E-01  8.01505566E+00  5.12638837E-02
2.99163932E-01  7.96976995E+00  5.10274954E-02
2.99555764E-01  7.98109674E+00  5.11640310E-02
2.99947597E-01  8.03396988E+00  5.12999408E-02
3.00339429E-01  8.00604343E+00  5.13958186E-02
3.00731261E-01  7.95636940E+00  5.15594035E-02
3.01123093E-01  7.94325352E+00  5.12702763E-02
3.01514926E-01  8.00413895E+00  5.18874899E-02
3.01906758E-01  7.95043850E+00  5.14809899E-02
3.02298590E-01  7.90558338E+00  5.18112145E-02
3.02690423E-01  8.01537228E+00  5.20995259E-02
3.03082255E-01  7.95564127E+00  5.18615842E-02
3.03474087E-01  7.93831301E+00  5.22381812E-02
3.03865919E-01  7.88691998E+00  5.18651865E-02
3.04257752E-01  7.93957043E+00  5.25223799E-02
3.04649584E-01  8.00432396E+00  5.23303747E-02
3.05041416E-01  7.88292503E+00  5.21191545E-02
3.05433248E-01  8.02736187E+00  5.28035909E-02
3.05825081E-01  7.90019274E+00  5.23386709E-02
3.06216913E-01  7.98587179E+00  5.30637354E-02
3.06608745E-01  7.94521379E+00  5.25516644E-02
3.07000577E-01  7.98779297E+00  5.30706458E-02
3.07392410E-01  8.00093937E+00  5.34060970E-02
3.07784242E-01  8.02041912E+00  5.31048775E-02
3.08176074E-01  8.01850605E+00  5.36082163E-02
3.08567906E-01  7.83062935E+00  5.26673645E-02
3.08959739E-01  7.93804264E+00  5.35401814E-02
3.09351571E-01  7.96858454E+00  5.35855293E-02
3.09743403E-01  7.92809343E+00  5.31357341E-02
3.10135235E-01  7.96867943E+00  5.37700616E-02
3.10527068E-01  7.83146906E+00  5.37639335E-02
3.10918900E-01  7.88131094E+00  5.48292473E-02
3.11310732E-01  7.86503649E+00  5.45762144E-02
3.11702565E-01  7.84534454E+00  5.50825223E-02
3.12094397E-01  7.93110895E+00  5.59681877E-02
3.12486229E-01  7.87485075E+00  5.56058101E-02
3.12878061E-01  7.96116304E+00  5.66003956E-02
3.13269894E-01  7.91204453E+00  5.61674982E-02
3.13661726E-01  8.01241684E+00  5.73839955E-02
3.14053558E-01  7.95441103E+00  5.73761426E-02
3.14445390E-01  7.91144705E+00  5.68360463E-02
3.14837223E-01  7.93041611E+00  5.78046925E-02
3.15229055E-01  7.92294550E+00  5.75487949E-02
3.15620887E-01  8.00702000E+00  5.88544682E-02
3.16012719E-01  7.94419813E+00  5.81123792E-02
3.16404552E-01  7.96849775E+00  5.85998185E-02
3.16796384E-01  8.02229500E+00  5.91926388E-02
3.17188216E-01  7.92276764E+00  5.90692349E-02
3.17580048E-01  7.93485022E+00  5.86913899E-02
3.17971881E-01  7.92202997E+00  5.76075278E-02
3.18363713E-01  7.83222151E+00  5.77399023E-02
3.18755545E-01  7.85881805E+00  5.78872301E-02
3.19147378E-01  7.95315790E+00  5.80739118E-02
3.19539210E-01  8.01687813E+00  5.82572073E-02
3.19931042E-01  7.89301586E+00  5.76117225E-02
3.20322874E-01  7.86098385E+00  5.80197759E-02
3.20714707E-01  7.88283730E+00  5.76234497E-02
3.21106539E-01  7.92032051E+00  5.77848554E-02
3.21498371E-01  7.89717722E+00  5.77978082E-02
3.21890203E-01  7.87857580E+00  5.79009727E-02
3.22282036E-01  7.74125767E+00  5.78124523E-02
3.22673868E-01  7.95751143E+00  5.75363748E-02
3.23065700E-01  7.86371183E+00  5.79578802E-02
3.23457532E-01  7.82240295E+00  5.74524738E-02
3.23849365E-01  7.92797089E+00  5.83065152E-02
3.24241197E-01  7.91587925E+00  5.79906218E-02
3.24633029E-01  7.85431147E+00  5.77039532E-02
3.25024861E-01  7.98869371E+00  5.85303344E-02
3.25416694E-01  7.87229443E+00  5.78438751E-02
3.25808526E-01  7.84277296E+00  5.79074509E-02
3.26200358E-01  7.95566320E+00  5.83478734E-02
3.26592190E-01  7.95143366E+00  5.83451018E-02
3.26984023E-01  7.77733088E+00  5.79382330E-02
3.27375855E-01  7.85022163E+00  5.78254797E-02
3.27767687E-01  7.84304905E+00  5.79965040E-02
3.28159520E-01  7.87691593E+00  5.80599271E-02
3.28551352E-01  7.87923002E+00  5.82927428E-02
3.28943184E-01  7.83238029E+00  5.82949705E-02
3.29335016E-01  7.85050964E+00  5.80500849E-02
3.29726849E-01  7.84276628E+00  5.85623607E-02
3.30118681E-01  7.72718906E+00  5.79030924E-02
3.30510513E-01  7.80850077E+00  5.83081245E-02
3.30902345E-01  7.70686245E+00  5.80284037E-02
3.31294178E-01  7.82010794E+00  5.84534965E-02
3.31686010E-01  7.81054115E+00  5.89983314E-02
3.32077842E-01  7.73537683E+00  5.82761467E-02
3.32469674E-01  7.86109543E+00  5.88124655E-02
3.32861507E-01  7.84249830E+00  5.90412989E-02
3.33253339E-01  7.80668831E+00  5.88936657E-02
3.33645171E-01  7.81685352E+00  5.94338737E-02
3.34037003E-01  7.84033537E+00  5.89299053E-02
3.34428836E-01  7.85023642E+00  5.94544299E-02
3.34820668E-01  7.71977329E+00  5.90380318E-02
3.35212500E-01  7.67415190E+00  5.89830987E-02
3.35604333E-01  7.75000763E+00  5.94084039E-02
3.35996165E-01  7.84478426E+00  5.93552887E-02
3.36387997E-01  7.76934147E+00  5.98367900E-02
3.36779829E-01  7.68883038E+00  5.90540655E-02
3.37171662E-01  7.74511862E+00  5.95531762E-02
3.37563494E-01  7.78755236E+00  5.96891902E-02
3.37955326E-01  7.75294018E+00  5.95974624E-02
3.38347158E-01  7.87352085E+00  6.07419163E-02
3.38738991E-01  7.78276682E+00  5.97262383E-02
3.39130823E-01  7.71438789E+00  5.97781092E-02
3.39522655E-01  7.71078682E+00  5.98888136E-02
3.39914487E-01  7.77898550E+00  5.98631501E-02
3.40306320E-01  7.80016613E+00  6.07868731E-02
3.40698152E-01  7.80237341E+00  5.98714128E-02
3.41089984E-01  7.78731203E+00  6.05947711E-02
3.41481816E-01  7.82385063E+00  6.03838861E-02
3.41873649E-01  7.78842163E+00  6.04298562E-02
3.42265481E-01  7.76750517E+00  6.05470538E-02
3.42657313E-01  7.64782190E+00  5.96050806E-02
3.43049146E-01  7.69254637E+00  6.05112314E-02
3.43440978E-01  7.72252035E+00  6.02311790E-02
3.43832810E-01  7.71471024E+00  6.04133047E-02
3.44224642E-01  7.74781275E+00  6.07004538E-02
3.44616475E-01  7.74624157E+00  6.05230518E-02
3.45008307E-01  7.75103760E+00  6.11494370E-02
3.45400139E-01  7.69569635E+00  6.01703897E-02
3.45791971E-01  7.76158190E+00  6.10599518E-02
3.46183804E-01  7.66257906E+00  6.05250709E-02
3.46575636E-01  7.73459625E+00  6.06938414E-02
3.46967468E-01  7.67705107E+00  6.09904751E-02
3.47359300E-01  7.67860222E+00  6.04314692E-02
3.47751133E-01  7.72337627E+00  6.13526963E-02
3.48142965E-01  7.70061016E+00  6.07345961E-02
3.48534797E-01  7.77019882E+00  6.11693971E-02
3.48926629E-01  7.65880442E+00  6.10966794E-02
3.49318462E-01  7.64749146E+00  6.07288107E-02
3.49710294E-01  7.73460293E+00  6.16386198E-02
3.50102126E-01  7.72426605E+00  6.11805059E-02
3.50493958E-01  7.56916189E+00  6.11411184E-02
3.50885791E-01  7.58209181E+00  6.08654954E-02
3.51277623E-01  7.78395224E+00  6.18514642E-02
3.51669455E-01  7.63727570E+00  6.14015423E-02
3.52061288E-01  7.64837027E+00  6.12811632E-02
3.52453120E-01  7.66809559E+00  6.21862411E-02
3.52844952E-01  7.70893908E+00  6.16143607E-02
3.53236784E-01  7.74422503E+00  6.21991009E-02
3.53628617E-01  7.70533371E+00  6.21822625E-02
3.54020449E-01  7.47295904E+00  6.09494448E-02
3.54412281E-01  7.68087530E+00  6.25703409E-02
3.54804113E-01  7.77093220E+00  6.20919988E-02
3.55195946E-01  7.72169495E+00  6.28008395E-02
3.55587778E-01  7.71717548E+00  6.22940585E-02
3.55979610E-01  7.66744614E+00  6.22649789E-02
3.56371442E-01  7.70525646E+00  6.30077422E-02
3.56763275E-01  7.81324673E+00  6.28549084E-02
3.57155107E-01  7.65287781E+00  6.30042553E-02
3.57546939E-01  7.70756960E+00  6.25392795E-02
3.57938771E-01  7.60949564E+00  6.26004487E-02
3.58330604E-01  7.71071959E+00  6.33410811E-02
3.58722436E-01  7.68047333E+00  6.26044646E-02
3.59114268E-01  7.54968119E+00  6.29052743E-02
3.59506101E-01  7.61550188E+00  6.26265481E-02
3.59897933E-01  7.69790840E+00  6.38880059E-02
3.60289765E-01  7.74805403E+00  6.34468570E-02
3.60681597E-01  7.57666540E+00  6.27092272E-02
3.61073430E-01  7.80131483E+00  6.43507317E-02
3.61465262E-01  7.55725574E+00  6.28898442E-02
3.61857094E-01  7.58769846E+00  6.37171939E-02
3.62248926E-01  7.52964449E+00  6.29066899E-02
3.62640759E-01  7.63618517E+00  6.36172071E-02
3.63032591E-01  7.64049816E+00  6.40590191E-02
3.63424423E-01  7.64493227E+00  6.35205731E-02
3.63816255E-01  7.50785494E+00  6.36716336E-02
3.64208088E-01  7.63653564E+00  6.36201277E-02
3.64599920E-01  7.61099434E+00  6.45254478E-02
3.64991752E-01  7.73118210E+00  6.44399449E-02
3.65383584E-01  7.62699795E+00  6.39705658E-02
3.65775417E-01  7.60479307E+00  6.44127131E-02
3.66167249E-01  7.55290174E+00  6.37790263E-02
3.66559081E-01  7.71346664E+00  6.55332953E-02
3.66950914E-01  7.67123079E+00  6.38007745E-02
3.67342746E-01  7.49977684E+00  6.40375316E-02
3.67734578E-01  7.55946779E+00  6.43271580E-02
3.68126410E-01  7.65348148E+00  6.46560192E-02
3.68518243E-01  7.57863379E+00  6.47273809E-02
3.68910075E-01  7.63233852E+00  6.42713234E-02
3.69301907E-01  7.56705856E+00  6.48393333E-02
3.69693739E-01  7.63238049E+00  6.47090822E-02
3.70085572E-01  7.55125141E+00  6.42246976E-02
3.70477404E-01  7.55814600E+00  6.47843704E-02
3.70869236E-01  7.68320942E+00  6.50675669E-02
3.71261068E-01  7.51256943E+00  6.51495829E-02
3.71652901E-01  7.69955683E+00  6.51196614E-02
3.72044733E-01  7.63673830E+00  6.49964586E-02
3.72436565E-01  7.60895061E+00  6.51839375E-02
3.72828397E-01  7.56750917E+00  6.47197664E-02
3.73220230E-01  7.51695156E+00  6.52072057E-02
3.73612062E-01  7.67985010E+00  6.50204644E-02
3.74003894E-01  7.54485941E+00  6.54025599E-02
3.74395726E-01  7.60873699E+00  6.54032752E-02
3.74787559E-01  7.59878302E+00  6.50705695E-02
3.75179391E-01  7.56608391E+00  6.54587820E-02
3.75571223E-01  7.53624201E+00  6.49651885E-02
3.75963056E-01  7.67983866E+00  6.64379671E-02
3.76354888E-01  7.45535469E+00  6.49792030E-02
3.76746720E-01  7.60368490E+00  6.53840080E-02
3.77138552E-01  7.46974182E+00  6.56555369E-02
3.77530385E-01  7.57423830E+00  6.54412210E-02
3.77922217E-01  7.56700134E+00  6.66780248E-02
3.78314049E-01  7.66150808E+00  6.60597607E-02
3.78705881E-01  7.49319839E+00  6.57601804E-02
3.79097714E-01  7.52487469E+00  6.61656931E-02
3.79489546E-01  7.57852650E+00  6.61533251E-02
3.79881378E-01  7.37181520E+00  6.57569021E-02
3.80273210E-01  7.44141006E+00  6.53283298E-02
3.80665043E-01  7.55480242E+00  6.68618977E-02
3.81056875E-01  7.52360773E+00  6.66066855E-02
3.81448707E-01  7.42965984E+00  6.57672286E-02
3.81840539E-01  7.42204523E+00  6.66465610E-02
3.82232372E-01  7.56884956E+00  6.61900043E-02
3.82624204E-01  7.63408852E+00  6.79371133E-02
3.83016036E-01  7.52276945E+00  6.68011382E-02
3.83407869E-01  7.51379728E+00  6.66243508E-02
3.83799701E-01  7.39459085E+00  6.69447333E-02
3.84191533E-01  7.38558912E+00  6.60349503E-02
3.84583365E-01  7.50107098E+00  6.77119941E-02
3.84975198E-01  7.49767971E+00  6.67311177E-02
3.85367030E-01  7.50070095E+00  6.76700622E-02
3.85758862E-01  7.53655624E+00  6.76884577E-02
3.86150694E-01  7.46379423E+00  6.73206598E-02
3.86542527E-01  7.50959873E+00  6.79386109E-02
3.86934359E-01  7.45010853E+00  6.70175403E-02
3.87326191E-01  7.44970798E+00  6.79383129E-02
3.87718023E-01  7.46608257E+00  6.76807761E-02
3.88109856E-01  7.41528606E+00  6.72866851E-02
3.88501688E-01  7.49854231E+00  6.82249740E-02
3.88893520E-01  7.32451057E+00  6.72426373E-02
3.89285352E-01  7.43651056E+00  6.84731379E-02
3.89677185E-01  7.51093483E+00  6.79896623E-02
3.90069017E-01  7.45118809E+00  6.84344471E-02
3.90460849E-01  7.58747149E+00  6.88859895E-02
3.90852681E-01  7.34578133E+00  6.77383095E-02
3.91244514E-01  7.51032448E+00  6.89223632E-02
3.91636346E-01  7.41058826E+00  6.78899810E-02
3.92028178E-01  7.46349669E+00  6.87945634E-02
3.92420011E-01  7.49682236E+00  6.87752888E-02
3.92811843E-01  7.56479692E+00  6.91953599E-02
3.93203675E-01  7.35071516E+00  6.82526231E-02
3.93595507E-01  7.42854023E+00  6.83129281E-02
3.93987340E-01  7.50082064E+00  7.16119781E-02
3.94379172E-01  7.38126278E+00  7.09671155E-02
3.94771004E-01  7.61480665E+00  7.34642223E-02
3.95162836E-01  7.56783915E+00  7.33670518E-02
3.95554669E-01  7.43011665E+00  7.35330805E-02
3.95946501E-01  7.47896767E+00  7.53722936E-02
3.96338333E-01  7.47760487E+00  7.37686083E-02
3.96730165E-01  7.41028738E+00  7.56861418E-02
3.97121998E-01  7.45358372E+00  7.53310099E-02
3.97513830E-01  7.55509233E+00  7.67776519E-02
3.97905662E-01  7.51901913E+00  7.69533888E-02
3.98297494E-01  7.56390953E+00  7.69427791E-02
3.98689327E-01  7.55120277E+00  7.89631158E-02
3.99081159E-01  7.50611401E+00  7.77762607E-02
3.99472991E-01  7.46952009E+00  7.79939070E-02
3.99864824E-01  7.47905493E+00  7.84578621E-02
4.00256656E-01  7.47666407E+00  7.91281089E-02
4.00648488E-01  7.59014463E+00  8.13328326E-02
4.01040320E-01  7.55966139E+00  7.91728646E-02
4.01432153E-01  7.39591026E+00  8.00787210E-02
4.01823985E-01  7.48429346E+00  8.03833902E-02
4.02215817E-01  7.35404301E+00  8.04790631E-02
4.02607649E-01  7.50547028E+00  8.14465880E-02
4.02999482E-01  7.38710403E+00  8.05903226E-02
4.03391314E-01  7.50562525E+00  8.31447244E-02
4.03783146E-01  7.36784458E+00  8.15984234E-02
4.04174978E-01  7.58085823E+00  8.35232735E-02
4.04566811E-01  7.46053886E+00  8.19641501E-02
4.04958643E-01  7.54368734E+00  8.38964656E-02
4.05350475E-01  7.51810884E+00  8.43826309E-02
4.05742307E-01  7.73780203E+00  8.46179575E-02
4.06134140E-01  7.55809498E+00  8.46875310E-02
4.06525972E-01  7.40423250E+00  8.33516121E-02
4.06917804E-01  7.55644512E+00  8.50812942E-02
4.07309637E-01  7.40383863E+00  8.47440660E-02
4.07701469E-01  7.59635448E+00  8.52662250E-02
4.08093301E-01  7.41988039E+00  8.60048383E-02
4.08485133E-01  7.60608721E+00  8.64383951E-02
4.08876966E-01  7.47572470E+00  8.67162421E-02
4.09268798E-01  7.51500082E+00  8.58366936E-02
4.09660630E-01  7.43131971E+00  8.67633447E-02
4.10052462E-01  7.40473509E+00  8.73141587E-02
4.10444295E-01  7.48338413E+00  8.79121423E-02
4.10836127E-01  7.55216217E+00  8.83611217E-02
4.11227959E-01  7.49563360E+00  8.78501832E-02
4.11619791E-01  7.48329592E+00  8.88291523E-02
4.12011624E-01  7.56842756E+00  8.97575244E-02
4.12403456E-01  7.38508034E+00  8.84773880E-02
4.12795288E-01  7.58176994E+00  9.04130638E-02
4.13187120E-01  7.50410271E+00  9.05819759E-02
4.13578953E-01  7.57844400E+00  9.08331200E-02
4.13970785E-01  7.44830942E+00  9.03439522E-02
4.14362617E-01  7.37709761E+00  9.03551430E-02
4.14754449E-01  7.65993834E+00  9.27881077E-02
4.15146282E-01  7.46800804E+00  9.21344608E-02
4.15538114E-01  7.45513201E+00  9.17454883E-02
4.15929946E-01  7.42842293E+00  9.18911844E-02
4.16321779E-01  7.52435112E+00  9.37618390E-02
4.16713611E-01  7.39506292E+00  9.25250724E-02
4.17105443E-01  7.57746220E+00  9.47552994E-02
4.17497275E-01  7.45105267E+00  9.30364504E-02
4.17889108E-01  7.46088362E+00  9.43584442E-02
4.18280940E-01  7.46555233E+00  9.54692960E-02
4.18672772E-01  7.49767590E+00  9.49301049E-02
4.19064604E-01  7.42141914E+00  9.46729705E-02
4.19456437E-01  7.47655153E+00  9.64816734E-02
4.19848269E-01  7.58820963E+00  9.64871496E-02
4.20240101E-01  7.45078659E+00  9.74063054E-02
4.20631933E-01  7.51773119E+00  9.62152556E-02
4.21023766E-01  7.52297974E+00  9.78165939E-02
4.21415598E-01  7.46866417E+00  9.83997509E-02
4.21807430E-01  7.39568758E+00  9.76674184E-02
4.22199262E-01  7.44407988E+00  9.77371335E-02
4.22591095E-01  7.49328089E+00  9.88184586E-02
4.22982927E-01  7.59807968E+00  1.00026697E-01
4.23374759E-01  7.32435799E+00  9.91863236E-02
4.23766592E-01  7.57370806E+00  9.92851704E-02
4.24158424E-01  7.61571360E+00  1.00872591E-01
4.24550256E-01  7.46090460E+00  1.00511484E-01
4.24942088E-01  7.37666130E+00  9.96755064E-02
4.25333921E-01  7.42255497E+00  9.99857783E-02
4.25725753E-01  7.58428144E+00  1.01069860E-01
4.26117585E-01  7.45314121E+00  1.01490207E-01
4.26509417E-01  7.55828476E+00  1.02485806E-01
4.26901250E-01  7.32338524E+00  9.95849147E-02
4.27293082E-01  7.45317936E+00  1.01284355E-01
4.27684914E-01  7.56067371E+00  1.02433480E-01
4.28076746E-01  7.53403616E+00  1.03109278E-01
4.28468579E-01  7.68439865E+00  1.03269629E-01
4.28860411E-01  7.49184036E+00  1.02321200E-01
4.29252243E-01  7.57563925E+00  1.04424544E-01
4.29644075E-01  7.47294044E+00  1.03641003E-01
4.30035908E-01  7.56417036E+00  1.03174426E-01
4.30427740E-01  7.41032314E+00  1.03060409E-01


### HEADER:
#
#{
#    "analysis": {},
#    "calibration_params": {
#        "Beam_Center_X": 730.0374262707371,
#        "Beam_Center_Y": 675.3320572331704,
#        "Detector Tilt": 0.026259007459965275,
#        "Detector Tilt Plane Rotation": 73.53223173202183,
#        "Detector_X_Pixel_Size": 172.0,
#        "Detector_Y_Pixel_Size": 172.0,
#        "Integration Method": "nosplit_csr",
#        "Radial_Average_Method": "pyFAI",
#        "Sample-to-detector distance (mm)": 2662.970378639845,
#        "Wavelength (A)": 1.03320164497
#    },
#    "config_file": "C:\\Users\\Administrator\\AppData\\Local\\RAW\\backup.cfg",
#    "counters": {},
#    "filename": "a501-70_0072_00003.tif",
#    "history": {},
#    "imageHeader": {
#        "Alpha": "0.0000 deg.",
#        "Angle_increment": "0.1000 deg.",
#        "Beam_xy": "(0.00, 0.00) pixels",
#        "Chi": "0.0000 deg.",
#        "Count_cutoff": "1157021 counts",
#        "Detector_2theta": "0.0000 deg.",
#        "Detector_Voffset": "0.00000 m",
#        "Detector_distance": "1.00000 m",
#        "Energy_range": "(0, 0) eV",
#        "Excluded_pixels": "badpix_mask.tif",
#        "Exposure_period": "1.1000000 s",
#        "Exposure_time": "1.0000000 s",
#        "Filter_transmission": "1.0000",
#        "Flat_field": "FF_p24-0163_E12000_T6000_vrf_m0p100.tif",
#        "Flux": "0.000000",
#        "Gain_setting": "autog (vrf = 1.000)",
#        "Image_path": "/user-data/2022/202209/20220910/hongliang/",
#        "Kappa": "0.0000 deg.",
#        "N_excluded_pixels": "61",
#        "N_oscillations": "1",
#        "Oscillation_axis": "X, CW",
#        "Phi": "0.0000 deg.",
#        "Pixel_size": "172e-6 m x 172e-6 m",
#        "Polarization": "0.990",
#        "Ratecorr_lut_directory": "ContinuousStandard_v1.1",
#        "Retrigger_mode": "1",
#        "Silicon": "sensor, thickness 0.000450",
#        "Start_angle": "0.2000 deg.",
#        "Tau": "0 s",
#        "Threshold_setting": "6000 eV",
#        "Trim_file": "p24-0163_E12000_T6000.bin",
#        "Wavelength (A)": "1.54000 A"
#    },
#    "load_path": "C:\\Users\\Administrator\\Desktop\\UserData\\2022\\202209\\20220910\\hongliang\\a501-70_0072_00003.tif",
#    "normalizations": {
#        "Polarization": {
#            "Used": false
#        },
#        "Solid_Angle_Correction": "On"
#    },
#    "raw_version": "2.1.1"
#}

