### DATA:
#
# 1081
#      Q             I(Q)           Error     
7.24889685E-03  3.49768286E+03  7.06873798E+00
7.64072911E-03  3.01153174E+03  6.51276398E+00
8.03256137E-03  2.64321826E+03  6.05900192E+00
8.42439364E-03  2.31310620E+03  4.98720455E+00
8.81622590E-03  2.04598669E+03  4.74167299E+00
9.20805816E-03  1.81002783E+03  4.21253490E+00
9.59989042E-03  1.61035681E+03  3.89770675E+00
9.99172268E-03  1.45575513E+03  3.55792141E+00
1.03835549E-02  1.29935913E+03  3.22411704E+00
1.07753872E-02  1.18233215E+03  3.06327295E+00
1.11672195E-02  1.07437158E+03  2.80038857E+00
1.15590517E-02  9.78176514E+02  2.63390708E+00
1.19508840E-02  8.94190186E+02  2.42546272E+00
1.23427163E-02  8.19584900E+02  2.32207775E+00
1.27345485E-02  7.56411926E+02  2.17430687E+00
1.31263808E-02  6.95005554E+02  2.03395462E+00
1.35182130E-02  6.43439697E+02  1.91750586E+00
1.39100453E-02  5.97225647E+02  1.79190373E+00
1.43018776E-02  5.53296387E+02  1.74359345E+00
1.46937098E-02  5.16814453E+02  1.65363061E+00
1.50855421E-02  4.81962097E+02  1.51495254E+00
1.54773744E-02  4.46443207E+02  1.48298717E+00
1.58692066E-02  4.23231567E+02  1.39979541E+00
1.62610389E-02  3.95843506E+02  1.36969244E+00
1.66528711E-02  3.73741364E+02  1.28032660E+00
1.70447034E-02  3.49583893E+02  1.22489965E+00
1.74365357E-02  3.32198486E+02  1.18393409E+00
1.78283679E-02  3.11358795E+02  1.14619744E+00
1.82202002E-02  2.96665283E+02  1.12838840E+00
1.86120325E-02  2.80755280E+02  1.07049394E+00
1.90038647E-02  2.64333496E+02  1.03660190E+00
1.93956970E-02  2.52535294E+02  1.02366090E+00
1.97875292E-02  2.38924133E+02  9.77605820E-01
2.01793615E-02  2.28072388E+02  9.57063198E-01
2.05711938E-02  2.17554840E+02  9.21867371E-01
2.09630260E-02  2.06063080E+02  9.00715172E-01
2.13548583E-02  1.98976547E+02  8.83354843E-01
2.17466905E-02  1.87962265E+02  8.43796909E-01
2.21385228E-02  1.79333435E+02  8.24201465E-01
2.25303551E-02  1.71940887E+02  7.98017740E-01
2.29221873E-02  1.64806870E+02  7.90115833E-01
2.33140196E-02  1.58112411E+02  7.69542396E-01
2.37058519E-02  1.51685730E+02  7.32123792E-01
2.40976841E-02  1.46672791E+02  7.22482204E-01
2.44895164E-02  1.41099915E+02  6.96341991E-01
2.48813486E-02  1.33654449E+02  6.73110783E-01
2.52731809E-02  1.28645264E+02  6.47341907E-01
2.56650132E-02  1.25052933E+02  6.21270299E-01
2.60568454E-02  1.19804138E+02  6.15741909E-01
2.64486777E-02  1.15632996E+02  5.90171695E-01
2.68405100E-02  1.10857155E+02  5.75262666E-01
2.72323422E-02  1.07525276E+02  5.59906006E-01
2.76241745E-02  1.03639221E+02  5.38809240E-01
2.80160067E-02  9.98694229E+01  5.33420801E-01
2.84078390E-02  9.66000519E+01  5.13054013E-01
2.87996713E-02  9.32640305E+01  5.00718057E-01
2.91915035E-02  9.03580170E+01  4.81965959E-01
2.95833358E-02  8.65546570E+01  4.77896273E-01
2.99751681E-02  8.41969070E+01  4.69488114E-01
3.03670003E-02  8.07036362E+01  4.46955532E-01
3.07588326E-02  7.83191681E+01  4.39759433E-01
3.11506648E-02  7.63016815E+01  4.25225884E-01
3.15424971E-02  7.42457504E+01  4.26594049E-01
3.19343294E-02  7.14208908E+01  4.09465313E-01
3.23261616E-02  6.93178558E+01  4.00580883E-01
3.27179939E-02  6.75653763E+01  3.91428560E-01
3.31098262E-02  6.60658112E+01  3.84884953E-01
3.35016584E-02  6.42197189E+01  3.80752325E-01
3.38934907E-02  6.18205528E+01  3.64236832E-01
3.42853229E-02  5.98102913E+01  3.59813660E-01
3.46771552E-02  5.84360428E+01  3.52241725E-01
3.50689875E-02  5.61660576E+01  3.42794746E-01
3.54608197E-02  5.51051826E+01  3.39187503E-01
3.58526520E-02  5.32632828E+01  3.25417995E-01
3.62444842E-02  5.22772446E+01  3.25976014E-01
3.66363165E-02  5.11855774E+01  3.20605665E-01
3.70281488E-02  4.94079056E+01  3.10956866E-01
3.74199810E-02  4.80902328E+01  3.02376568E-01
3.78118133E-02  4.71733818E+01  2.92607546E-01
3.82036456E-02  4.59877052E+01  2.94297576E-01
3.85954778E-02  4.48023834E+01  2.84386516E-01
3.89873101E-02  4.39151039E+01  2.80294567E-01
3.93791423E-02  4.30610504E+01  2.75834084E-01
3.97709746E-02  4.18314018E+01  2.70437777E-01
4.01628069E-02  4.11450768E+01  2.72286981E-01
4.05546391E-02  4.05331497E+01  2.61673063E-01
4.09464714E-02  3.91217499E+01  2.57949978E-01
4.13383037E-02  3.86291733E+01  2.54381657E-01
4.17301359E-02  3.81306381E+01  2.51683295E-01
4.21219682E-02  3.70094376E+01  2.49619707E-01
4.25138004E-02  3.61168327E+01  2.40977094E-01
4.29056327E-02  3.59687958E+01  2.41064951E-01
4.32974650E-02  3.49166985E+01  2.35805243E-01
4.36892972E-02  3.47208366E+01  2.33843476E-01
4.40811295E-02  3.39915657E+01  2.32660726E-01
4.44729618E-02  3.34996872E+01  2.25302517E-01
4.48647940E-02  3.35388184E+01  2.29288086E-01
4.52566263E-02  3.24981270E+01  2.23266497E-01
4.56484585E-02  3.19849625E+01  2.17690572E-01
4.60402908E-02  3.15229759E+01  2.17405006E-01
4.64321231E-02  3.08629932E+01  2.11962909E-01
4.68239553E-02  3.05632839E+01  2.13750169E-01
4.72157876E-02  2.99693565E+01  2.08568603E-01
4.76076199E-02  2.98451805E+01  2.06790030E-01
4.79994521E-02  2.98506050E+01  2.06072167E-01
4.83912844E-02  2.92217751E+01  2.01889902E-01
4.87831166E-02  2.90354519E+01  2.02950850E-01
4.91749489E-02  2.83882694E+01  1.97345480E-01
4.95667812E-02  2.81649609E+01  1.95897281E-01
4.99586134E-02  2.80236320E+01  1.97022468E-01
5.03504457E-02  2.76429253E+01  1.93415985E-01
5.07422779E-02  2.70753345E+01  1.90647736E-01
5.11341102E-02  2.70576534E+01  1.87832445E-01
5.15259425E-02  2.67925243E+01  1.88890651E-01
5.19177747E-02  2.64810581E+01  1.87291503E-01
5.23096070E-02  2.62189808E+01  1.84180021E-01
5.27014393E-02  2.62765179E+01  1.82850972E-01
5.30932715E-02  2.56911736E+01  1.80458978E-01
5.34851038E-02  2.53924294E+01  1.80670694E-01
5.38769360E-02  2.52968197E+01  1.78616717E-01
5.42687683E-02  2.50303783E+01  1.76454142E-01
5.46606006E-02  2.45604725E+01  1.74249113E-01
5.50524328E-02  2.47424068E+01  1.73610613E-01
5.54442651E-02  2.45877609E+01  1.74346209E-01
5.58360974E-02  2.43707161E+01  1.69737041E-01
5.62279296E-02  2.41187782E+01  1.70477346E-01
5.66197619E-02  2.38304958E+01  1.68443903E-01
5.70115941E-02  2.39348640E+01  1.67915389E-01
5.74034264E-02  2.33717537E+01  1.66715845E-01
5.77952587E-02  2.32326946E+01  1.63707986E-01
5.81870909E-02  2.31999836E+01  1.63404480E-01
5.85789232E-02  2.33189278E+01  1.63917288E-01
5.89707555E-02  2.29930401E+01  1.61654472E-01
5.93625877E-02  2.28690414E+01  1.61309794E-01
5.97544200E-02  2.25873642E+01  1.58081204E-01
6.01462522E-02  2.25877056E+01  1.59951299E-01
6.05380845E-02  2.25022488E+01  1.58133596E-01
6.09299168E-02  2.21579685E+01  1.57006621E-01
6.13217490E-02  2.20193977E+01  1.58828601E-01
6.17135813E-02  2.18206139E+01  1.58382580E-01
6.21054136E-02  2.19146690E+01  1.61054567E-01
6.24972458E-02  2.14850464E+01  1.56979963E-01
6.28890781E-02  2.12171841E+01  1.57449678E-01
6.32809103E-02  2.12807007E+01  1.57135546E-01
6.36727426E-02  2.09167786E+01  1.56514317E-01
6.40645749E-02  2.08191452E+01  1.57350972E-01
6.44564071E-02  2.05855236E+01  1.54817760E-01
6.48482394E-02  2.06979904E+01  1.55968234E-01
6.52400716E-02  2.04151249E+01  1.54086277E-01
6.56319039E-02  2.01347980E+01  1.53651506E-01
6.60237362E-02  1.98758526E+01  1.52571023E-01
6.64155684E-02  1.99135723E+01  1.51566640E-01
6.68074007E-02  2.00082760E+01  1.53078750E-01
6.71992330E-02  1.96124058E+01  1.51115239E-01
6.75910652E-02  1.95441971E+01  1.50589690E-01
6.79828975E-02  1.91477165E+01  1.47438511E-01
6.83747297E-02  1.92034054E+01  1.44804612E-01
6.87665620E-02  1.93498058E+01  1.45594314E-01
6.91583943E-02  1.90674458E+01  1.42361775E-01
6.95502265E-02  1.88491058E+01  1.41770691E-01
6.99420588E-02  1.87604370E+01  1.39372095E-01
7.03338911E-02  1.85917797E+01  1.38386711E-01
7.07257233E-02  1.84949360E+01  1.38454393E-01
7.11175556E-02  1.84736004E+01  1.36341169E-01
7.15093878E-02  1.81343231E+01  1.35493100E-01
7.19012201E-02  1.80402260E+01  1.33331686E-01
7.22930524E-02  1.77749119E+01  1.33004621E-01
7.26848846E-02  1.79146366E+01  1.33261561E-01
7.30767169E-02  1.76125488E+01  1.30779430E-01
7.34685492E-02  1.77613468E+01  1.30760849E-01
7.38603814E-02  1.75348568E+01  1.29303813E-01
7.42522137E-02  1.75476322E+01  1.29847169E-01
7.46440459E-02  1.74426842E+01  1.28718659E-01
7.50358782E-02  1.74004593E+01  1.26828343E-01
7.54277105E-02  1.73290939E+01  1.28360137E-01
7.58195427E-02  1.70957336E+01  1.25887826E-01
7.62113750E-02  1.69930058E+01  1.24817044E-01
7.66032072E-02  1.68599815E+01  1.23987213E-01
7.69950395E-02  1.67966785E+01  1.22806489E-01
7.73868718E-02  1.66537685E+01  1.24078177E-01
7.77787040E-02  1.66186428E+01  1.21501558E-01
7.81705363E-02  1.65014000E+01  1.21722721E-01
7.85623686E-02  1.62231636E+01  1.19255736E-01
7.89542008E-02  1.63023701E+01  1.19599089E-01
7.93460331E-02  1.64112701E+01  1.20527826E-01
7.97378653E-02  1.64287186E+01  1.19435005E-01
8.01296976E-02  1.63157845E+01  1.18510686E-01
8.05215299E-02  1.62525463E+01  1.18382849E-01
8.09133621E-02  1.61051350E+01  1.17340244E-01
8.13051944E-02  1.60401077E+01  1.16953410E-01
8.16970267E-02  1.57996006E+01  1.14903904E-01
8.20888589E-02  1.57980118E+01  1.16067760E-01
8.24806912E-02  1.57533016E+01  1.14639983E-01
8.28725234E-02  1.59293785E+01  1.15279049E-01
8.32643557E-02  1.56186428E+01  1.13116220E-01
8.36561880E-02  1.53619690E+01  1.11500271E-01
8.40480202E-02  1.52662230E+01  1.12666622E-01
8.44398525E-02  1.52608662E+01  1.10953644E-01
8.48316848E-02  1.53359079E+01  1.11905165E-01
8.52235170E-02  1.51710033E+01  1.09963685E-01
8.56153493E-02  1.52266636E+01  1.10518187E-01
8.60071815E-02  1.52211552E+01  1.10720545E-01
8.63990138E-02  1.49661322E+01  1.08316652E-01
8.67908461E-02  1.50458050E+01  1.09205484E-01
8.71826783E-02  1.48474588E+01  1.07216537E-01
8.75745106E-02  1.48220797E+01  1.08006380E-01
8.79663429E-02  1.45624599E+01  1.06388897E-01
8.83581751E-02  1.45774803E+01  1.06032759E-01
8.87500074E-02  1.47046242E+01  1.06248841E-01
8.91418396E-02  1.45035324E+01  1.05117381E-01
8.95336719E-02  1.43907681E+01  1.04908042E-01
8.99255042E-02  1.44211473E+01  1.04225054E-01
9.03173364E-02  1.41030178E+01  1.02914326E-01
9.07091687E-02  1.40915642E+01  1.03182994E-01
9.11010009E-02  1.42230530E+01  1.02774590E-01
9.14928332E-02  1.42034883E+01  1.02818601E-01
9.18846655E-02  1.39608917E+01  1.01075694E-01
9.22764977E-02  1.41640692E+01  1.02183118E-01
9.26683300E-02  1.39418402E+01  1.02906525E-01
9.30601623E-02  1.36133175E+01  1.01841785E-01
9.34519945E-02  1.36930332E+01  1.02570251E-01
9.38438268E-02  1.36338339E+01  1.01417966E-01
9.42356590E-02  1.35341167E+01  1.02052033E-01
9.46274913E-02  1.35372324E+01  1.02063932E-01
9.50193236E-02  1.34597597E+01  1.01112641E-01
9.54111558E-02  1.34714966E+01  1.01855315E-01
9.58029881E-02  1.33434906E+01  9.94371772E-02
9.61948204E-02  1.33065414E+01  9.88248810E-02
9.65866526E-02  1.33120661E+01  9.81992483E-02
9.69784849E-02  1.32969255E+01  9.75449979E-02
9.73703171E-02  1.32489500E+01  9.79310274E-02
9.77621494E-02  1.31754780E+01  9.71335545E-02
9.81539817E-02  1.30786905E+01  9.66725349E-02
9.85458139E-02  1.30336084E+01  9.63340476E-02
9.89376462E-02  1.30918484E+01  9.72438082E-02
9.93294785E-02  1.30918732E+01  9.97608155E-02
9.97213107E-02  1.29976435E+01  9.94769409E-02
1.00113143E-01  1.29706202E+01  9.99842435E-02
1.00504975E-01  1.27666321E+01  9.93098840E-02
1.00896808E-01  1.28164606E+01  9.96191576E-02
1.01288640E-01  1.25763369E+01  9.99665856E-02
1.01680472E-01  1.28481789E+01  1.00523755E-01
1.02072304E-01  1.27461805E+01  9.90399867E-02
1.02464137E-01  1.26579866E+01  9.86589566E-02
1.02855969E-01  1.28242035E+01  9.90766138E-02
1.03247801E-01  1.28467321E+01  9.85995606E-02
1.03639633E-01  1.26505108E+01  9.78808701E-02
1.04031466E-01  1.24769058E+01  9.75771248E-02
1.04423298E-01  1.26286173E+01  9.80939269E-02
1.04815130E-01  1.24535761E+01  9.72638875E-02
1.05206962E-01  1.25101900E+01  9.73003432E-02
1.05598795E-01  1.23487167E+01  9.63069648E-02
1.05990627E-01  1.25792456E+01  9.73848701E-02
1.06382459E-01  1.24073362E+01  9.52917412E-02
1.06774291E-01  1.24073753E+01  9.51182693E-02
1.07166124E-01  1.24614077E+01  9.41321775E-02
1.07557956E-01  1.23332567E+01  9.34149995E-02
1.07949788E-01  1.22135992E+01  9.30926427E-02
1.08341620E-01  1.21727180E+01  9.18362290E-02
1.08733453E-01  1.22176256E+01  9.24226046E-02
1.09125285E-01  1.22201586E+01  9.10432339E-02
1.09517117E-01  1.20147743E+01  9.07376409E-02
1.09908950E-01  1.20215664E+01  9.04849619E-02
1.10300782E-01  1.22659016E+01  9.04205143E-02
1.10692614E-01  1.19058037E+01  8.94718096E-02
1.11084446E-01  1.17784910E+01  8.81375745E-02
1.11476279E-01  1.19441595E+01  8.86969715E-02
1.11868111E-01  1.19352045E+01  8.81144851E-02
1.12259943E-01  1.18057966E+01  8.74935612E-02
1.12651775E-01  1.18071337E+01  8.74986649E-02
1.13043608E-01  1.19405584E+01  8.72597024E-02
1.13435440E-01  1.18440046E+01  8.69895592E-02
1.13827272E-01  1.19194860E+01  8.66053253E-02
1.14219104E-01  1.17462358E+01  8.57047066E-02
1.14610937E-01  1.17673197E+01  8.61595050E-02
1.15002769E-01  1.16510696E+01  8.49335119E-02
1.15394601E-01  1.16924229E+01  8.56157094E-02
1.15786433E-01  1.17108145E+01  8.49412978E-02
1.16178266E-01  1.17244492E+01  8.53596330E-02
1.16570098E-01  1.16008863E+01  8.43862668E-02
1.16961930E-01  1.14849911E+01  8.32267553E-02
1.17353763E-01  1.15365591E+01  8.42039734E-02
1.17745595E-01  1.14451094E+01  8.27835724E-02
1.18137427E-01  1.15319691E+01  8.35737735E-02
1.18529259E-01  1.16749210E+01  8.33370388E-02
1.18921092E-01  1.14394417E+01  8.21029022E-02
1.19312924E-01  1.15386190E+01  8.30223858E-02
1.19704756E-01  1.15084629E+01  8.21572095E-02
1.20096588E-01  1.15493755E+01  8.26919600E-02
1.20488421E-01  1.13898478E+01  8.17090794E-02
1.20880253E-01  1.14347029E+01  8.13945532E-02
1.21272085E-01  1.15982409E+01  8.25502798E-02
1.21663917E-01  1.12990170E+01  8.07237402E-02
1.22055750E-01  1.13593035E+01  8.15046430E-02
1.22447582E-01  1.13144951E+01  8.04553628E-02
1.22839414E-01  1.14209785E+01  8.12289715E-02
1.23231246E-01  1.12047205E+01  8.04099813E-02
1.23623079E-01  1.11968145E+01  7.94480070E-02
1.24014911E-01  1.12817497E+01  8.02935958E-02
1.24406743E-01  1.11634073E+01  7.91293308E-02
1.24798575E-01  1.11891584E+01  7.96911418E-02
1.25190408E-01  1.12437363E+01  7.93249607E-02
1.25582240E-01  1.12067366E+01  7.90619627E-02
1.25974072E-01  1.11388340E+01  7.90206864E-02
1.26365905E-01  1.11232758E+01  7.82456696E-02
1.26757737E-01  1.09781008E+01  7.83610493E-02
1.27149569E-01  1.11009521E+01  7.82319978E-02
1.27541401E-01  1.09621611E+01  7.71906599E-02
1.27933234E-01  1.09119635E+01  7.73295462E-02
1.28325066E-01  1.10318775E+01  7.75203034E-02
1.28716898E-01  1.11404696E+01  7.79435039E-02
1.29108730E-01  1.08909550E+01  7.64640123E-02
1.29500563E-01  1.09523220E+01  7.65971616E-02
1.29892395E-01  1.08802805E+01  7.69236684E-02
1.30284227E-01  1.10038586E+01  7.65931904E-02
1.30676059E-01  1.09455919E+01  7.65126720E-02
1.31067892E-01  1.08828554E+01  7.57087693E-02
1.31459724E-01  1.09290857E+01  7.59495571E-02
1.31851556E-01  1.07778225E+01  7.57425576E-02
1.32243388E-01  1.08304262E+01  7.51714259E-02
1.32635221E-01  1.06429710E+01  7.45376348E-02
1.33027053E-01  1.07715569E+01  7.49671534E-02
1.33418885E-01  1.07953510E+01  7.51874074E-02
1.33810718E-01  1.09392548E+01  7.51967579E-02
1.34202550E-01  1.07466373E+01  7.40742311E-02
1.34594382E-01  1.06708984E+01  7.42881894E-02
1.34986214E-01  1.07040644E+01  7.42122009E-02
1.35378047E-01  1.06544476E+01  7.39072859E-02
1.35769879E-01  1.08354502E+01  7.40973204E-02
1.36161711E-01  1.06625557E+01  7.34667629E-02
1.36553543E-01  1.05231161E+01  7.29296282E-02
1.36945376E-01  1.06252098E+01  7.29518756E-02
1.37337208E-01  1.05513954E+01  7.27163777E-02
1.37729040E-01  1.05798559E+01  7.23629966E-02
1.38120872E-01  1.05778513E+01  7.24459365E-02
1.38512705E-01  1.05566740E+01  7.26441592E-02
1.38904537E-01  1.06037312E+01  7.18785524E-02
1.39296369E-01  1.05077810E+01  7.20810890E-02
1.39688201E-01  1.05783405E+01  7.19681606E-02
1.40080034E-01  1.05536852E+01  7.17092007E-02
1.40471866E-01  1.04413233E+01  7.13787526E-02
1.40863698E-01  1.04564514E+01  7.09650293E-02
1.41255531E-01  1.03834677E+01  7.07341060E-02
1.41647363E-01  1.04083805E+01  7.08873719E-02
1.42039195E-01  1.03939762E+01  7.05329105E-02
1.42431027E-01  1.04944515E+01  7.10773915E-02
1.42822860E-01  1.03510628E+01  7.00532421E-02
1.43214692E-01  1.03063707E+01  7.03871474E-02
1.43606524E-01  1.04234428E+01  7.05997050E-02
1.43998356E-01  1.04338045E+01  6.99531063E-02
1.44390189E-01  1.02796955E+01  7.06879795E-02
1.44782021E-01  1.03737326E+01  7.10279793E-02
1.45173853E-01  1.01932144E+01  7.09437653E-02
1.45565685E-01  1.02884045E+01  7.09427074E-02
1.45957518E-01  1.04133577E+01  7.19550028E-02
1.46349350E-01  1.01882591E+01  7.11908862E-02
1.46741182E-01  1.04281731E+01  7.22040385E-02
1.47133014E-01  1.02670298E+01  7.18237609E-02
1.47524847E-01  1.03396215E+01  7.17717856E-02
1.47916679E-01  1.00724812E+01  7.10334331E-02
1.48308511E-01  1.02700319E+01  7.17447698E-02
1.48700343E-01  1.01755161E+01  7.18835071E-02
1.49092176E-01  1.02107859E+01  7.15916455E-02
1.49484008E-01  1.01879063E+01  7.12440982E-02
1.49875840E-01  1.01243649E+01  7.17030913E-02
1.50267673E-01  1.02153730E+01  7.17703775E-02
1.50659505E-01  1.01679430E+01  7.15857074E-02
1.51051337E-01  1.01697607E+01  7.15382546E-02
1.51443169E-01  1.02445726E+01  7.05700442E-02
1.51835002E-01  1.00377960E+01  7.01789334E-02
1.52226834E-01  1.00854692E+01  6.94658086E-02
1.52618666E-01  1.02164335E+01  6.99657276E-02
1.53010498E-01  1.00758114E+01  6.88430592E-02
1.53402331E-01  1.01176233E+01  6.95603415E-02
1.53794163E-01  9.98516178E+00  6.84847534E-02
1.54185995E-01  1.00657663E+01  6.83292970E-02
1.54577827E-01  1.00425434E+01  6.81716576E-02
1.54969660E-01  1.00106592E+01  6.79067299E-02
1.55361492E-01  9.98414898E+00  6.82263300E-02
1.55753324E-01  9.96375656E+00  6.74227923E-02
1.56145156E-01  1.00553503E+01  6.76090196E-02
1.56536989E-01  1.01049891E+01  6.77912384E-02
1.56928821E-01  1.00607643E+01  6.75355941E-02
1.57320653E-01  9.97266388E+00  6.74228892E-02
1.57712486E-01  9.98028088E+00  6.66344911E-02
1.58104318E-01  9.95792675E+00  6.66637868E-02
1.58496150E-01  9.99763680E+00  6.69461265E-02
1.58887982E-01  9.95630264E+00  6.63488135E-02
1.59279815E-01  9.96171284E+00  6.66324124E-02
1.59671647E-01  9.87076378E+00  6.56158105E-02
1.60063479E-01  9.87506008E+00  6.61951154E-02
1.60455311E-01  9.92435265E+00  6.60245717E-02
1.60847144E-01  9.81142521E+00  6.54473230E-02
1.61238976E-01  9.80137920E+00  6.52859733E-02
1.61630808E-01  9.94661236E+00  6.53576627E-02
1.62022640E-01  9.96461296E+00  6.61010668E-02
1.62414473E-01  9.84027004E+00  6.50775060E-02
1.62806305E-01  9.86102486E+00  6.49511144E-02
1.63198137E-01  9.89212132E+00  6.52210489E-02
1.63589969E-01  9.81158161E+00  6.46366626E-02
1.63981802E-01  9.87170601E+00  6.51260912E-02
1.64373634E-01  9.88661766E+00  6.46640137E-02
1.64765466E-01  9.74425411E+00  6.39810562E-02
1.65157298E-01  9.74946880E+00  6.42414242E-02
1.65549131E-01  9.86239052E+00  6.44628257E-02
1.65940963E-01  9.81779289E+00  6.43848553E-02
1.66332795E-01  9.82199478E+00  6.37040138E-02
1.66724628E-01  9.73896980E+00  6.37774765E-02
1.67116460E-01  9.74297142E+00  6.38173744E-02
1.67508292E-01  9.79792404E+00  6.36658445E-02
1.67900124E-01  9.71300030E+00  6.33633211E-02
1.68291957E-01  9.78030300E+00  6.32053688E-02
1.68683789E-01  9.77105713E+00  6.38167858E-02
1.69075621E-01  9.82712460E+00  6.33309856E-02
1.69467453E-01  9.64722824E+00  6.27104789E-02
1.69859286E-01  9.71441746E+00  6.29414544E-02
1.70251118E-01  9.70686531E+00  6.27766699E-02
1.70642950E-01  9.75896072E+00  6.32925257E-02
1.71034782E-01  9.76328564E+00  6.26676232E-02
1.71426615E-01  9.82440567E+00  6.26750812E-02
1.71818447E-01  9.59314632E+00  6.20075166E-02
1.72210279E-01  9.61419773E+00  6.20012768E-02
1.72602111E-01  9.69009209E+00  6.22581206E-02
1.72993944E-01  9.61884403E+00  6.15998022E-02
1.73385776E-01  9.58044624E+00  6.16593733E-02
1.73777608E-01  9.58310318E+00  6.17660880E-02
1.74169441E-01  9.63808155E+00  6.14564121E-02
1.74561273E-01  9.64674377E+00  6.16169572E-02
1.74953105E-01  9.54326534E+00  6.08802959E-02
1.75344937E-01  9.58365822E+00  6.14034384E-02
1.75736770E-01  9.49980545E+00  6.09074533E-02
1.76128602E-01  9.52734852E+00  6.05255775E-02
1.76520434E-01  9.50042820E+00  6.05799034E-02
1.76912266E-01  9.64097404E+00  6.08157441E-02
1.77304099E-01  9.62273312E+00  6.11105748E-02
1.77695931E-01  9.50279713E+00  6.03209324E-02
1.78087763E-01  9.57629395E+00  6.04269765E-02
1.78479595E-01  9.47288704E+00  6.03417531E-02
1.78871428E-01  9.54069614E+00  6.02575615E-02
1.79263260E-01  9.56853390E+00  6.04490601E-02
1.79655092E-01  9.53517246E+00  6.00921810E-02
1.80046924E-01  9.60635567E+00  6.02934435E-02
1.80438757E-01  9.64282227E+00  6.06490821E-02
1.80830589E-01  9.52522278E+00  5.98691814E-02
1.81222421E-01  9.51662922E+00  5.99324852E-02
1.81614254E-01  9.51719284E+00  5.95429577E-02
1.82006086E-01  9.57562256E+00  6.01183102E-02
1.82397918E-01  9.58812809E+00  6.05354086E-02
1.82789750E-01  9.44512749E+00  5.99681549E-02
1.83181583E-01  9.57320404E+00  6.07091784E-02
1.83573415E-01  9.50588131E+00  6.05421029E-02
1.83965247E-01  9.43504810E+00  6.08219281E-02
1.84357079E-01  9.48174953E+00  6.04190491E-02
1.84748912E-01  9.47078228E+00  6.07001670E-02
1.85140744E-01  9.50799370E+00  6.07840568E-02
1.85532576E-01  9.46807098E+00  6.08932711E-02
1.85924408E-01  9.35224533E+00  6.07339889E-02
1.86316241E-01  9.41195488E+00  6.04299642E-02
1.86708073E-01  9.42284966E+00  6.08673617E-02
1.87099905E-01  9.54892826E+00  6.12854175E-02
1.87491737E-01  9.42066669E+00  6.07772321E-02
1.87883570E-01  9.43610001E+00  6.09465986E-02
1.88275402E-01  9.41090965E+00  6.05920926E-02
1.88667234E-01  9.40415478E+00  6.11691959E-02
1.89059066E-01  9.38849163E+00  6.05910905E-02
1.89450899E-01  9.27406311E+00  5.99175245E-02
1.89842731E-01  9.38185406E+00  5.99299036E-02
1.90234563E-01  9.28063869E+00  5.94132021E-02
1.90626396E-01  9.34160137E+00  6.00314885E-02
1.91018228E-01  9.46742058E+00  5.94577417E-02
1.91410060E-01  9.38011265E+00  5.93048856E-02
1.91801892E-01  9.27988434E+00  5.86805791E-02
1.92193725E-01  9.35391903E+00  5.89580871E-02
1.92585557E-01  9.35201836E+00  5.91059998E-02
1.92977389E-01  9.32995224E+00  5.83441183E-02
1.93369221E-01  9.30937767E+00  5.86226322E-02
1.93761054E-01  9.30061722E+00  5.83377443E-02
1.94152886E-01  9.29264736E+00  5.82385100E-02
1.94544718E-01  9.36181259E+00  5.84656745E-02
1.94936550E-01  9.30757141E+00  5.76998107E-02
1.95328383E-01  9.22295094E+00  5.79990968E-02
1.95720215E-01  9.31855297E+00  5.79519197E-02
1.96112047E-01  9.35079479E+00  5.78755327E-02
1.96503879E-01  9.23162365E+00  5.76088279E-02
1.96895712E-01  9.27967072E+00  5.72372302E-02
1.97287544E-01  9.29725552E+00  5.79698756E-02
1.97679376E-01  9.34181213E+00  5.73884584E-02
1.98071209E-01  9.23649883E+00  5.71145341E-02
1.98463041E-01  9.21106052E+00  5.69757521E-02
1.98854873E-01  9.28200626E+00  5.69748543E-02
1.99246705E-01  9.26608086E+00  5.73786907E-02
1.99638538E-01  9.21754074E+00  5.65503947E-02
2.00030370E-01  9.16545773E+00  5.65672033E-02
2.00422202E-01  9.14182568E+00  5.66625185E-02
2.00814034E-01  9.17539120E+00  5.64214960E-02
2.01205867E-01  9.16426182E+00  5.62415197E-02
2.01597699E-01  9.23246765E+00  5.62474541E-02
2.01989531E-01  9.24197769E+00  5.65578640E-02
2.02381363E-01  9.16450787E+00  5.61268814E-02
2.02773196E-01  9.08490181E+00  5.57775982E-02
2.03165028E-01  9.22510910E+00  5.62642626E-02
2.03556860E-01  9.24764919E+00  5.60648963E-02
2.03948692E-01  9.19445515E+00  5.60273044E-02
2.04340525E-01  9.29061031E+00  5.60244918E-02
2.04732357E-01  9.20511818E+00  5.58039695E-02
2.05124189E-01  9.12967777E+00  5.53975515E-02
2.05516021E-01  9.18768120E+00  5.56481779E-02
2.05907854E-01  9.17340946E+00  5.54560497E-02
2.06299686E-01  9.09400654E+00  5.50959706E-02
2.06691518E-01  9.15529442E+00  5.53091578E-02
2.07083351E-01  9.13986206E+00  5.50884083E-02
2.07475183E-01  9.24858379E+00  5.55442944E-02
2.07867015E-01  9.29848194E+00  5.53814732E-02
2.08258847E-01  9.14050484E+00  5.49001545E-02
2.08650680E-01  9.23977947E+00  5.50709330E-02
2.09042512E-01  9.14443588E+00  5.47414012E-02
2.09434344E-01  9.17651081E+00  5.48195876E-02
2.09826176E-01  9.14481735E+00  5.45204356E-02
2.10218009E-01  9.06509399E+00  5.43795824E-02
2.10609841E-01  8.92323780E+00  5.41468970E-02
2.11001673E-01  9.11084652E+00  5.42264283E-02
2.11393505E-01  8.99819469E+00  5.40035330E-02
2.11785338E-01  9.10481644E+00  5.41043580E-02
2.12177170E-01  9.13136101E+00  5.45168035E-02
2.12569002E-01  9.03077316E+00  5.40755168E-02
2.12960834E-01  9.03387070E+00  5.37730381E-02
2.13352667E-01  9.10290051E+00  5.41254729E-02
2.13744499E-01  9.15202332E+00  5.39175831E-02
2.14136331E-01  9.20351124E+00  5.45293353E-02
2.14528164E-01  9.07527733E+00  5.38366996E-02
2.14919996E-01  9.01752949E+00  5.35289906E-02
2.15311828E-01  9.01343155E+00  5.37476316E-02
2.15703660E-01  9.04351234E+00  5.34119532E-02
2.16095493E-01  9.06173801E+00  5.37630022E-02
2.16487325E-01  8.95935631E+00  5.31883501E-02
2.16879157E-01  9.13093567E+00  5.35605550E-02
2.17270989E-01  9.03831959E+00  5.36940396E-02
2.17662822E-01  9.06281281E+00  5.31362817E-02
2.18054654E-01  8.98638630E+00  5.33197001E-02
2.18446486E-01  9.02397060E+00  5.29240072E-02
2.18838318E-01  9.00136662E+00  5.28742559E-02
2.19230151E-01  9.01694870E+00  5.32513484E-02
2.19621983E-01  8.98394585E+00  5.27010523E-02
2.20013815E-01  9.00986195E+00  5.31640910E-02
2.20405647E-01  8.96785164E+00  5.25650568E-02
2.20797480E-01  9.04970455E+00  5.29186316E-02
2.21189312E-01  9.05005455E+00  5.29034920E-02
2.21581144E-01  9.12705326E+00  5.28113805E-02
2.21972977E-01  9.06708622E+00  5.28965183E-02
2.22364809E-01  9.08549690E+00  5.27638346E-02
2.22756641E-01  8.97972965E+00  5.25364019E-02
2.23148473E-01  8.92923069E+00  5.22525832E-02
2.23540306E-01  8.97010040E+00  5.21341302E-02
2.23932138E-01  9.00611973E+00  5.24534434E-02
2.24323970E-01  9.02507591E+00  5.23177460E-02
2.24715802E-01  9.01086903E+00  5.23480885E-02
2.25107635E-01  9.00977516E+00  5.21554835E-02
2.25499467E-01  8.95702362E+00  5.18701114E-02
2.25891299E-01  8.86468220E+00  5.18358126E-02
2.26283131E-01  9.04892540E+00  5.20113297E-02
2.26674964E-01  9.05053520E+00  5.23056202E-02
2.27066796E-01  8.97265339E+00  5.17149381E-02
2.27458628E-01  8.92942047E+00  5.21359928E-02
2.27850460E-01  8.90608692E+00  5.24114221E-02
2.28242293E-01  8.91733360E+00  5.21883219E-02
2.28634125E-01  8.97111607E+00  5.27001992E-02
2.29025957E-01  8.94069767E+00  5.25541641E-02
2.29417789E-01  8.97432995E+00  5.28982803E-02
2.29809622E-01  8.94941044E+00  5.29569499E-02
2.30201454E-01  8.99855709E+00  5.28550185E-02
2.30593286E-01  8.91662693E+00  5.29430807E-02
2.30985119E-01  8.96044159E+00  5.29074892E-02
2.31376951E-01  8.94614506E+00  5.30893430E-02
2.31768783E-01  9.00427151E+00  5.30950613E-02
2.32160615E-01  8.97555161E+00  5.30022457E-02
2.32552448E-01  8.94262600E+00  5.32724001E-02
2.32944280E-01  8.97017670E+00  5.30863330E-02
2.33336112E-01  8.89467812E+00  5.30961715E-02
2.33727944E-01  8.95928478E+00  5.30627742E-02
2.34119777E-01  9.02159405E+00  5.34740351E-02
2.34511609E-01  8.88930035E+00  5.24865128E-02
2.34903441E-01  8.92477894E+00  5.23170792E-02
2.35295273E-01  8.93603992E+00  5.22066839E-02
2.35687106E-01  8.93371773E+00  5.20026572E-02
2.36078938E-01  8.91116428E+00  5.20631336E-02
2.36470770E-01  8.95373058E+00  5.19828238E-02
2.36862602E-01  8.92194176E+00  5.15426509E-02
2.37254435E-01  8.95644283E+00  5.18042445E-02
2.37646267E-01  8.87770653E+00  5.14150970E-02
2.38038099E-01  8.90766144E+00  5.14104143E-02
2.38429932E-01  8.93922615E+00  5.12068495E-02
2.38821764E-01  8.92935085E+00  5.13367616E-02
2.39213596E-01  8.91707897E+00  5.12865558E-02
2.39605428E-01  8.85130501E+00  5.07991500E-02
2.39997261E-01  8.85773182E+00  5.11009730E-02
2.40389093E-01  8.87920284E+00  5.06079234E-02
2.40780925E-01  8.90128326E+00  5.10842986E-02
2.41172757E-01  8.91839123E+00  5.07637113E-02
2.41564590E-01  8.93707943E+00  5.07805012E-02
2.41956422E-01  8.88616943E+00  5.06723262E-02
2.42348254E-01  8.86480999E+00  5.03869466E-02
2.42740086E-01  8.87091923E+00  5.07390350E-02
2.43131919E-01  8.85877609E+00  5.03055453E-02
2.43523751E-01  8.92155170E+00  5.03047928E-02
2.43915583E-01  8.79866886E+00  5.01635782E-02
2.44307415E-01  8.83953667E+00  5.00592664E-02
2.44699248E-01  8.84438610E+00  5.02797924E-02
2.45091080E-01  8.77043152E+00  4.97301556E-02
2.45482912E-01  8.86025524E+00  4.99282219E-02
2.45874744E-01  8.87694836E+00  5.01658618E-02
2.46266577E-01  8.84067154E+00  4.96855155E-02
2.46658409E-01  8.86637211E+00  4.99460399E-02
2.47050241E-01  8.84754562E+00  4.95810620E-02
2.47442074E-01  8.79507065E+00  4.96200249E-02
2.47833906E-01  8.80076218E+00  4.95395176E-02
2.48225738E-01  8.85801983E+00  4.94060293E-02
2.48617570E-01  8.83483601E+00  4.94640358E-02
2.49009403E-01  8.88118267E+00  4.93963435E-02
2.49401235E-01  8.86401176E+00  4.96834777E-02
2.49793067E-01  8.80853367E+00  4.91606109E-02
2.50184899E-01  8.92524719E+00  4.92701679E-02
2.50576732E-01  8.72939968E+00  4.90067825E-02
2.50968564E-01  8.79182053E+00  4.88743782E-02
2.51360396E-01  8.81283188E+00  4.91532274E-02
2.51752228E-01  8.72632599E+00  4.85937074E-02
2.52144061E-01  8.91239452E+00  4.92089652E-02
2.52535893E-01  8.81552696E+00  4.90942411E-02
2.52927725E-01  8.82693100E+00  4.88406792E-02
2.53319557E-01  8.84683895E+00  4.90681492E-02
2.53711390E-01  8.84468079E+00  4.87001725E-02
2.54103222E-01  8.71923065E+00  4.85489257E-02
2.54495054E-01  8.78284454E+00  4.87785302E-02
2.54886887E-01  8.78587723E+00  4.84867692E-02
2.55278719E-01  8.89688587E+00  4.88640778E-02
2.55670551E-01  8.81053925E+00  4.85357344E-02
2.56062383E-01  8.80499840E+00  4.87290248E-02
2.56454216E-01  8.87108898E+00  4.87481318E-02
2.56846048E-01  8.81009960E+00  4.83677313E-02
2.57237880E-01  8.70254803E+00  4.80972603E-02
2.57629712E-01  8.83277893E+00  4.84688692E-02
2.58021545E-01  8.82529354E+00  4.84292582E-02
2.58413377E-01  8.72249699E+00  4.80004959E-02
2.58805209E-01  8.76432514E+00  4.80650291E-02
2.59197041E-01  8.83499718E+00  4.83987741E-02
2.59588874E-01  8.72421932E+00  4.79490273E-02
2.59980706E-01  8.88690472E+00  4.82991077E-02
2.60372538E-01  8.70410919E+00  4.76567410E-02
2.60764370E-01  8.71578217E+00  4.78009656E-02
2.61156203E-01  8.76067924E+00  4.80435863E-02
2.61548035E-01  8.70131493E+00  4.75261770E-02
2.61939867E-01  8.70916748E+00  4.77646850E-02
2.62331700E-01  8.72055435E+00  4.74869832E-02
2.62723532E-01  8.72052002E+00  4.76780385E-02
2.63115364E-01  8.73047924E+00  4.75389101E-02
2.63507196E-01  8.76050377E+00  4.75349724E-02
2.63899029E-01  8.65251637E+00  4.73387949E-02
2.64290861E-01  8.70198441E+00  4.73094657E-02
2.64682693E-01  8.68970680E+00  4.73674871E-02
2.65074525E-01  8.76328278E+00  4.73428220E-02
2.65466358E-01  8.68629456E+00  4.75179069E-02
2.65858190E-01  8.71651649E+00  4.78431433E-02
2.66250022E-01  8.75718498E+00  4.78484705E-02
2.66641854E-01  8.73075581E+00  4.80401255E-02
2.67033687E-01  8.72798347E+00  4.78376746E-02
2.67425519E-01  8.67722607E+00  4.80771475E-02
2.67817351E-01  8.70063496E+00  4.80910949E-02
2.68209183E-01  8.70398903E+00  4.79167886E-02
2.68601016E-01  8.76449966E+00  4.82997037E-02
2.68992848E-01  8.78922367E+00  4.84065600E-02
2.69384680E-01  8.74448586E+00  4.85617444E-02
2.69776512E-01  8.76615429E+00  4.82473187E-02
2.70168345E-01  8.72920036E+00  4.82416190E-02
2.70560177E-01  8.60997581E+00  4.81034257E-02
2.70952009E-01  8.65782166E+00  4.81019765E-02
2.71343842E-01  8.68159294E+00  4.83618528E-02
2.71735674E-01  8.70281792E+00  4.83109802E-02
2.72127506E-01  8.69932842E+00  4.83467653E-02
2.72519338E-01  8.67364120E+00  4.83468212E-02
2.72911171E-01  8.65286922E+00  4.82437834E-02
2.73303003E-01  8.75764751E+00  4.85286936E-02
2.73694835E-01  8.69863701E+00  4.82810773E-02
2.74086667E-01  8.73326492E+00  4.88029011E-02
2.74478500E-01  8.67501926E+00  4.82287966E-02
2.74870332E-01  8.65524197E+00  4.82968166E-02
2.75262164E-01  8.66461563E+00  4.82067317E-02
2.75653996E-01  8.65955448E+00  4.83547673E-02
2.76045829E-01  8.69465065E+00  4.86761220E-02
2.76437661E-01  8.65452766E+00  4.82051037E-02
2.76829493E-01  8.62419796E+00  4.82371189E-02
2.77221325E-01  8.74209881E+00  4.85724621E-02
2.77613158E-01  8.72998714E+00  4.85651754E-02
2.78004990E-01  8.65012264E+00  4.83753122E-02
2.78396822E-01  8.61253738E+00  4.81019765E-02
2.78788655E-01  8.66878700E+00  4.84933443E-02
2.79180487E-01  8.70212078E+00  4.85342294E-02
2.79572319E-01  8.61952782E+00  4.81673218E-02
2.79964151E-01  8.60234547E+00  4.81971391E-02
2.80355984E-01  8.63837337E+00  4.81300578E-02
2.80747816E-01  8.58726025E+00  4.83247004E-02
2.81139648E-01  8.61530685E+00  4.81693074E-02
2.81531480E-01  8.64092064E+00  4.83450219E-02
2.81923313E-01  8.60037136E+00  4.80827987E-02
2.82315145E-01  8.62927914E+00  4.82090153E-02
2.82706977E-01  8.67652607E+00  4.85237315E-02
2.83098809E-01  8.63635826E+00  4.80042249E-02
2.83490642E-01  8.60892105E+00  4.82370108E-02
2.83882474E-01  8.57093048E+00  4.79309373E-02
2.84274306E-01  8.66270733E+00  4.82386909E-02
2.84666138E-01  8.68128300E+00  4.83488739E-02
2.85057971E-01  8.68483353E+00  4.82297316E-02
2.85449803E-01  8.62154388E+00  4.82215211E-02
2.85841635E-01  8.59740448E+00  4.79867794E-02
2.86233467E-01  8.63017082E+00  4.81105000E-02
2.86625300E-01  8.63540268E+00  4.83520031E-02
2.87017132E-01  8.61188698E+00  4.84303273E-02
2.87408964E-01  8.64969349E+00  4.90929186E-02
2.87800797E-01  8.61041927E+00  4.86316904E-02
2.88192629E-01  8.59456921E+00  4.91006039E-02
2.88584461E-01  8.54069519E+00  4.87697460E-02
2.88976293E-01  8.68412876E+00  4.93424386E-02
2.89368126E-01  8.60764503E+00  4.94716763E-02
2.89759958E-01  8.61048126E+00  4.91538197E-02
2.90151790E-01  8.65072727E+00  4.97086160E-02
2.90543622E-01  8.60670376E+00  4.94556464E-02
2.90935455E-01  8.60554504E+00  4.97422032E-02
2.91327287E-01  8.50605583E+00  4.93904129E-02
2.91719119E-01  8.55015087E+00  4.93355468E-02
2.92110951E-01  8.59555340E+00  4.99319658E-02
2.92502784E-01  8.55599976E+00  4.99224998E-02
2.92894616E-01  8.63644791E+00  5.06112203E-02
2.93286448E-01  8.64651680E+00  5.08627445E-02
2.93678280E-01  8.55253029E+00  5.04506007E-02
2.94070113E-01  8.54259205E+00  5.12332171E-02
2.94461945E-01  8.63285542E+00  5.11599667E-02
2.94853777E-01  8.56317806E+00  5.14057018E-02
2.95245610E-01  8.57898998E+00  5.14533632E-02
2.95637442E-01  8.57205868E+00  5.16717322E-02
2.96029274E-01  8.56999493E+00  5.19976467E-02
2.96421106E-01  8.49988461E+00  5.15182354E-02
2.96812939E-01  8.44427967E+00  5.18522598E-02
2.97204771E-01  8.45445919E+00  5.18590659E-02
2.97596603E-01  8.67031002E+00  5.28363250E-02
2.97988435E-01  8.56294727E+00  5.25928400E-02
2.98380268E-01  8.60029125E+00  5.25640696E-02
2.98772100E-01  8.47245026E+00  5.27063273E-02
2.99163932E-01  8.45428085E+00  5.25556877E-02
2.99555764E-01  8.59543133E+00  5.30966707E-02
2.99947597E-01  8.51517010E+00  5.28139211E-02
3.00339429E-01  8.55605698E+00  5.31319380E-02
3.00731261E-01  8.54976368E+00  5.34475110E-02
3.01123093E-01  8.46512604E+00  5.29277176E-02
3.01514926E-01  8.60152340E+00  5.37889451E-02
3.01906758E-01  8.59347343E+00  5.35224192E-02
3.02298590E-01  8.50558186E+00  5.37413806E-02
3.02690423E-01  8.46576977E+00  5.35432994E-02
3.03082255E-01  8.53612041E+00  5.37203029E-02
3.03474087E-01  8.48694515E+00  5.40131666E-02
3.03865919E-01  8.52335835E+00  5.39172329E-02
3.04257752E-01  8.48298168E+00  5.42900376E-02
3.04649584E-01  8.49971867E+00  5.39254509E-02
3.05041416E-01  8.47321415E+00  5.40353209E-02
3.05433248E-01  8.42298126E+00  5.40891252E-02
3.05825081E-01  8.46677113E+00  5.41829653E-02
3.06216913E-01  8.53697395E+00  5.48641495E-02
3.06608745E-01  8.61919117E+00  5.47352284E-02
3.07000577E-01  8.46380234E+00  5.46290576E-02
3.07392410E-01  8.37096977E+00  5.46271130E-02
3.07784242E-01  8.49229050E+00  5.46447337E-02
3.08176074E-01  8.51023197E+00  5.52274920E-02
3.08567906E-01  8.56176186E+00  5.50712347E-02
3.08959739E-01  8.43891048E+00  5.52034602E-02
3.09351571E-01  8.56458855E+00  5.55533431E-02
3.09743403E-01  8.53671455E+00  5.51375747E-02
3.10135235E-01  8.56915092E+00  5.57591654E-02
3.10527068E-01  8.47148132E+00  5.59176691E-02
3.10918900E-01  8.47635651E+00  5.68614155E-02
3.11310732E-01  8.41567993E+00  5.64543791E-02
3.11702565E-01  8.59097385E+00  5.76406680E-02
3.12094397E-01  8.47891235E+00  5.78687862E-02
3.12486229E-01  8.48344803E+00  5.77145331E-02
3.12878061E-01  8.53136921E+00  5.85923046E-02
3.13269894E-01  8.45511818E+00  5.80631420E-02
3.13661726E-01  8.50353527E+00  5.91165088E-02
3.14053558E-01  8.55906200E+00  5.95169179E-02
3.14445390E-01  8.45041847E+00  5.87401427E-02
3.14837223E-01  8.41411209E+00  5.95414303E-02
3.15229055E-01  8.41327000E+00  5.93028143E-02
3.15620887E-01  8.42837334E+00  6.03831634E-02
3.16012719E-01  8.53763199E+00  6.02438003E-02
3.16404552E-01  8.38004494E+00  6.00940138E-02
3.16796384E-01  8.46123219E+00  6.07904270E-02
3.17188216E-01  8.55958366E+00  6.13972917E-02
3.17580048E-01  8.48791981E+00  6.07023723E-02
3.17971881E-01  8.36775112E+00  5.92059530E-02
3.18363713E-01  8.40346241E+00  5.98084703E-02
3.18755545E-01  8.41056824E+00  5.98848313E-02
3.19147378E-01  8.40732098E+00  5.97090386E-02
3.19539210E-01  8.39746475E+00  5.96240051E-02
3.19931042E-01  8.50444126E+00  5.98015226E-02
3.20322874E-01  8.37742710E+00  5.98953255E-02
3.20714707E-01  8.51383495E+00  5.98853491E-02
3.21106539E-01  8.35075855E+00  5.93342744E-02
3.21498371E-01  8.37094879E+00  5.95062748E-02
3.21890203E-01  8.45345879E+00  5.99762350E-02
3.22282036E-01  8.29734993E+00  5.98529205E-02
3.22673868E-01  8.37352562E+00  5.90211973E-02
3.23065700E-01  8.39510727E+00  5.98841384E-02
3.23457532E-01  8.41568661E+00  5.95913790E-02
3.23849365E-01  8.39109325E+00  5.99853694E-02
3.24241197E-01  8.41633034E+00  5.97956479E-02
3.24633029E-01  8.44019413E+00  5.98174259E-02
3.25024861E-01  8.44196796E+00  6.01679161E-02
3.25416694E-01  8.41037464E+00  5.97880483E-02
3.25808526E-01  8.44178772E+00  6.00781888E-02
3.26200358E-01  8.39086914E+00  5.99225499E-02
3.26592190E-01  8.51183987E+00  6.03661425E-02
3.26984023E-01  8.25901699E+00  5.97054698E-02
3.27375855E-01  8.40778732E+00  5.98437972E-02
3.27767687E-01  8.35253811E+00  5.98506108E-02
3.28159520E-01  8.34980488E+00  5.97773343E-02
3.28551352E-01  8.42090034E+00  6.02631569E-02
3.28943184E-01  8.32179546E+00  6.00886904E-02
3.29335016E-01  8.40123463E+00  6.00517243E-02
3.29726849E-01  8.34433651E+00  6.04059659E-02
3.30118681E-01  8.35025883E+00  6.01923019E-02
3.30510513E-01  8.32358170E+00  6.02005385E-02
3.30902345E-01  8.24515057E+00  6.00207075E-02
3.31294178E-01  8.30509663E+00  6.02388196E-02
3.31686010E-01  8.24282646E+00  6.06090166E-02
3.32077842E-01  8.29822063E+00  6.03590794E-02
3.32469674E-01  8.25093842E+00  6.02531172E-02
3.32861507E-01  8.34476662E+00  6.09025918E-02
3.33253339E-01  8.35805702E+00  6.09379485E-02
3.33645171E-01  8.39934444E+00  6.16085157E-02
3.34037003E-01  8.32933235E+00  6.07398227E-02
3.34428836E-01  8.33609200E+00  6.12666458E-02
3.34820668E-01  8.34961796E+00  6.13992289E-02
3.35212500E-01  8.32786942E+00  6.14439808E-02
3.35604333E-01  8.37709427E+00  6.17651530E-02
3.35996165E-01  8.20765305E+00  6.07125387E-02
3.36387997E-01  8.34216881E+00  6.20034225E-02
3.36779829E-01  8.25714684E+00  6.11976422E-02
3.37171662E-01  8.21356297E+00  6.13276996E-02
3.37563494E-01  8.31321907E+00  6.16708323E-02
3.37955326E-01  8.29948997E+00  6.16623759E-02
3.38347158E-01  8.27417946E+00  6.22682236E-02
3.38738991E-01  8.26953316E+00  6.15656786E-02
3.39130823E-01  8.32490540E+00  6.20984994E-02
3.39522655E-01  8.20105457E+00  6.17634021E-02
3.39914487E-01  8.36128044E+00  6.20632470E-02
3.40306320E-01  8.28903866E+00  6.26628250E-02
3.40698152E-01  8.28660488E+00  6.17013201E-02
3.41089984E-01  8.29889107E+00  6.25534654E-02
3.41481816E-01  8.25353813E+00  6.20198697E-02
3.41873649E-01  8.25447941E+00  6.22116439E-02
3.42265481E-01  8.33810425E+00  6.27315342E-02
3.42657313E-01  8.19552135E+00  6.17024899E-02
3.43049146E-01  8.18091679E+00  6.24024905E-02
3.43440978E-01  8.17960453E+00  6.19880520E-02
3.43832810E-01  8.22328377E+00  6.23728260E-02
3.44224642E-01  8.21718979E+00  6.25120923E-02
3.44616475E-01  8.24181938E+00  6.24290705E-02
3.45008307E-01  8.31546879E+00  6.33367673E-02
3.45400139E-01  8.21272659E+00  6.21587895E-02
3.45791971E-01  8.32023525E+00  6.32192194E-02
3.46183804E-01  8.26830006E+00  6.28718063E-02
3.46575636E-01  8.17895412E+00  6.24129474E-02
3.46967468E-01  8.29338551E+00  6.33914545E-02
3.47359300E-01  8.33065319E+00  6.29450530E-02
3.47751133E-01  8.33795166E+00  6.37470037E-02
3.48142965E-01  8.24476910E+00  6.28438517E-02
3.48534797E-01  8.38464928E+00  6.35419562E-02
3.48926629E-01  8.22514820E+00  6.33153468E-02
3.49318462E-01  8.30045509E+00  6.32683113E-02
3.49710294E-01  8.28475857E+00  6.37931153E-02
3.50102126E-01  8.36924744E+00  6.36836067E-02
3.50493958E-01  8.10205555E+00  6.32567778E-02
3.50885791E-01  8.23876953E+00  6.34465218E-02
3.51277623E-01  8.20022964E+00  6.34838045E-02
3.51669455E-01  8.18226624E+00  6.35545775E-02
3.52061288E-01  8.25426960E+00  6.36622310E-02
3.52453120E-01  8.08012009E+00  6.38350844E-02
3.52844952E-01  8.16003036E+00  6.33914322E-02
3.53236784E-01  8.19583035E+00  6.39869794E-02
3.53628617E-01  8.17452812E+00  6.40475005E-02
3.54020449E-01  8.22855663E+00  6.39565885E-02
3.54412281E-01  8.20486164E+00  6.46693930E-02
3.54804113E-01  8.23283195E+00  6.39107227E-02
3.55195946E-01  8.24522591E+00  6.48948774E-02
3.55587778E-01  8.27935696E+00  6.45231754E-02
3.55979610E-01  8.12302303E+00  6.40880913E-02
3.56371442E-01  8.12259293E+00  6.46915659E-02
3.56763275E-01  8.24405766E+00  6.45645186E-02
3.57155107E-01  8.16172123E+00  6.50651380E-02
3.57546939E-01  8.19167137E+00  6.44733757E-02
3.57938771E-01  8.25374889E+00  6.51966259E-02
3.58330604E-01  8.21179390E+00  6.53667748E-02
3.58722436E-01  8.23006248E+00  6.48056492E-02
3.59114268E-01  8.24730873E+00  6.57474473E-02
3.59506101E-01  8.13411999E+00  6.47238791E-02
3.59897933E-01  8.15443802E+00  6.57551810E-02
3.60289765E-01  8.05822563E+00  6.47043511E-02
3.60681597E-01  8.15433598E+00  6.50558993E-02
3.61073430E-01  8.18774509E+00  6.59252405E-02
3.61465262E-01  8.21563721E+00  6.55720979E-02
3.61857094E-01  8.11366367E+00  6.58885688E-02
3.62248926E-01  8.21969986E+00  6.57260567E-02
3.62640759E-01  8.13332176E+00  6.56553879E-02
3.63032591E-01  8.18509674E+00  6.63027242E-02
3.63424423E-01  8.05185318E+00  6.51891753E-02
3.63816255E-01  8.10831070E+00  6.61687925E-02
3.64208088E-01  8.14270496E+00  6.56947568E-02
3.64599920E-01  8.23079300E+00  6.71013296E-02
3.64991752E-01  8.15335178E+00  6.61759675E-02
3.65383584E-01  8.10559654E+00  6.59471229E-02
3.65775417E-01  8.16400909E+00  6.67389855E-02
3.66167249E-01  8.12270832E+00  6.61410987E-02
3.66559081E-01  8.19284439E+00  6.75389916E-02
3.66950914E-01  8.08193398E+00  6.54863939E-02
3.67342746E-01  8.07062626E+00  6.64299652E-02
3.67734578E-01  8.06361485E+00  6.64375573E-02
3.68126410E-01  8.10519600E+00  6.65366948E-02
3.68518243E-01  8.18507957E+00  6.72673061E-02
3.68910075E-01  8.13026428E+00  6.63347021E-02
3.69301907E-01  8.10708618E+00  6.71131164E-02
3.69693739E-01  8.13601208E+00  6.68099299E-02
3.70085572E-01  8.16195011E+00  6.67712614E-02
3.70477404E-01  8.21117496E+00  6.75251037E-02
3.70869236E-01  8.12624931E+00  6.69172779E-02
3.71261068E-01  8.06286240E+00  6.74935132E-02
3.71652901E-01  8.11207199E+00  6.68413490E-02
3.72044733E-01  8.08647919E+00  6.68829605E-02
3.72436565E-01  8.03111172E+00  6.69678003E-02
3.72828397E-01  8.08503532E+00  6.68961927E-02
3.73220230E-01  8.19347191E+00  6.80783018E-02
3.73612062E-01  8.13785553E+00  6.69312105E-02
3.74003894E-01  7.98083782E+00  6.72656596E-02
3.74395726E-01  8.00283527E+00  6.70756847E-02
3.74787559E-01  7.99997997E+00  6.67662621E-02
3.75179391E-01  8.06558132E+00  6.75849766E-02
3.75571223E-01  8.05314445E+00  6.71561882E-02
3.75963056E-01  8.05974960E+00  6.80614337E-02
3.76354888E-01  8.17857647E+00  6.80579841E-02
3.76746720E-01  7.99050379E+00  6.70265034E-02
3.77138552E-01  8.07336903E+00  6.82568029E-02
3.77530385E-01  7.99942684E+00  6.72529489E-02
3.77922217E-01  8.07464123E+00  6.88783005E-02
3.78314049E-01  8.06021881E+00  6.77568614E-02
3.78705881E-01  8.00855827E+00  6.79839700E-02
3.79097714E-01  8.12004662E+00  6.87325522E-02
3.79489546E-01  8.04280090E+00  6.81495368E-02
3.79881378E-01  7.91320515E+00  6.81287348E-02
3.80273210E-01  8.07859039E+00  6.80678040E-02
3.80665043E-01  8.02464771E+00  6.89096600E-02
3.81056875E-01  8.15750313E+00  6.93558976E-02
3.81448707E-01  8.13117504E+00  6.88021109E-02
3.81840539E-01  7.89123440E+00  6.87208325E-02
3.82232372E-01  7.97229767E+00  6.79311901E-02
3.82624204E-01  8.06697083E+00  6.98367059E-02
3.83016036E-01  7.94096470E+00  6.86327890E-02
3.83407869E-01  8.05433750E+00  6.89792037E-02
3.83799701E-01  7.93641233E+00  6.93539903E-02
3.84191533E-01  7.96656466E+00  6.85830563E-02
3.84583365E-01  7.95399618E+00  6.97263032E-02
3.84975198E-01  8.03755569E+00  6.90918714E-02
3.85367030E-01  7.88532114E+00  6.93833679E-02
3.85758862E-01  8.06910610E+00  7.00391531E-02
3.86150694E-01  7.85301447E+00  6.90536648E-02
3.86542527E-01  7.99147177E+00  7.00844526E-02
3.86934359E-01  7.94143724E+00  6.91921413E-02
3.87326191E-01  7.98625517E+00  7.03423247E-02
3.87718023E-01  7.97102022E+00  6.99319914E-02
3.88109856E-01  7.90556765E+00  6.94755092E-02
3.88501688E-01  8.10748863E+00  7.09411353E-02
3.88893520E-01  8.02949142E+00  7.04043433E-02
3.89285352E-01  8.00079060E+00  7.10235015E-02
3.89677185E-01  7.95159578E+00  6.99556917E-02
3.90069017E-01  7.99989223E+00  7.09094405E-02
3.90460849E-01  7.97334957E+00  7.06159398E-02
3.90852681E-01  7.91108179E+00  7.02964291E-02
3.91244514E-01  7.97584581E+00  7.10263029E-02
3.91636346E-01  8.13329983E+00  7.11234361E-02
3.92028178E-01  7.95937204E+00  7.10431710E-02
3.92420011E-01  7.97318172E+00  7.09266812E-02
3.92811843E-01  7.97620249E+00  7.10520223E-02
3.93203675E-01  8.01170254E+00  7.12552592E-02
3.93595507E-01  7.82996416E+00  7.01343939E-02
3.93987340E-01  7.92197704E+00  7.35949576E-02
3.94379172E-01  7.89436197E+00  7.33922794E-02
3.94771004E-01  7.95571518E+00  7.50906840E-02
3.95162836E-01  8.00597763E+00  7.54609555E-02
3.95554669E-01  7.99847317E+00  7.62936696E-02
3.95946501E-01  7.82534266E+00  7.70979077E-02
3.96338333E-01  7.94772959E+00  7.60522187E-02
3.96730165E-01  8.07896042E+00  7.90271908E-02
3.97121998E-01  8.06570625E+00  7.83632472E-02
3.97513830E-01  8.01309490E+00  7.90706053E-02
3.97905662E-01  7.91438389E+00  7.89506510E-02
3.98297494E-01  7.98030043E+00  7.90322423E-02
3.98689327E-01  8.01360512E+00  8.13448727E-02
3.99081159E-01  7.90342045E+00  7.98081085E-02
3.99472991E-01  8.00049782E+00  8.07184502E-02
3.99864824E-01  7.91938639E+00  8.07344466E-02
4.00256656E-01  7.94060612E+00  8.15461874E-02
4.00648488E-01  7.96664476E+00  8.33256319E-02
4.01040320E-01  7.89713860E+00  8.09207857E-02
4.01432153E-01  7.94215012E+00  8.29832330E-02
4.01823985E-01  8.03769398E+00  8.33022296E-02
4.02215817E-01  7.91594458E+00  8.34970698E-02
4.02607649E-01  8.12415028E+00  8.47369730E-02
4.02999482E-01  8.08607483E+00  8.43169019E-02
4.03391314E-01  8.04996490E+00  8.61069635E-02
4.03783146E-01  8.05826950E+00  8.53360221E-02
4.04174978E-01  8.11091137E+00  8.63939077E-02
4.04566811E-01  7.97561789E+00  8.47463533E-02
4.04958643E-01  8.03167152E+00  8.65674838E-02
4.05350475E-01  8.21044159E+00  8.81824270E-02
4.05742307E-01  7.95248365E+00  8.57837647E-02
4.06134140E-01  8.12934113E+00  8.78296122E-02
4.06525972E-01  7.85743761E+00  8.58646631E-02
4.06917804E-01  8.02297497E+00  8.76683965E-02
4.07309637E-01  7.95575571E+00  8.78459141E-02
4.07701469E-01  8.10935020E+00  8.80982876E-02
4.08093301E-01  7.96318769E+00  8.90979916E-02
4.08485133E-01  7.99704981E+00  8.86320770E-02
4.08876966E-01  8.13860130E+00  9.04791877E-02
4.09268798E-01  7.89442778E+00  8.79769251E-02
4.09660630E-01  7.90337467E+00  8.94766301E-02
4.10052462E-01  7.86804581E+00  9.00043249E-02
4.10444295E-01  8.05656624E+00  9.12168026E-02
4.10836127E-01  7.97810221E+00  9.08187106E-02
4.11227959E-01  7.90027428E+00  9.01902467E-02
4.11619791E-01  8.12438965E+00  9.25559700E-02
4.12011624E-01  8.12195492E+00  9.29818824E-02
4.12403456E-01  7.94052458E+00  9.17443410E-02
4.12795288E-01  7.83945513E+00  9.19366777E-02
4.13187120E-01  8.00816727E+00  9.35748070E-02
4.13578953E-01  8.14347935E+00  9.41584259E-02
4.13970785E-01  7.98197508E+00  9.35245007E-02
4.14362617E-01  8.03114319E+00  9.42754894E-02
4.14754449E-01  8.08255577E+00  9.53134224E-02
4.15146282E-01  7.74194860E+00  9.38090757E-02
4.15538114E-01  7.94175386E+00  9.46924239E-02
4.15929946E-01  7.99677992E+00  9.53417420E-02
4.16321779E-01  8.16345310E+00  9.76626575E-02
4.16713611E-01  8.08270645E+00  9.67312679E-02
4.17105443E-01  7.95663118E+00  9.70970914E-02
4.17497275E-01  8.17710590E+00  9.74639803E-02
4.17889108E-01  8.11245728E+00  9.83924717E-02
4.18280940E-01  8.05522728E+00  9.91680175E-02
4.18672772E-01  7.98566198E+00  9.79706720E-02
4.19064604E-01  7.96126842E+00  9.80558842E-02
4.19456437E-01  8.03433609E+00  1.00015923E-01
4.19848269E-01  7.94645643E+00  9.87385064E-02
4.20240101E-01  8.04038048E+00  1.01186901E-01
4.20631933E-01  7.99551630E+00  9.92256179E-02
4.21023766E-01  8.04189396E+00  1.01133898E-01
4.21415598E-01  8.00797462E+00  1.01890542E-01
4.21807430E-01  7.97480583E+00  1.01419277E-01
4.22199262E-01  7.99330711E+00  1.01278514E-01
4.22591095E-01  8.03931332E+00  1.02355585E-01
4.22982927E-01  7.85881090E+00  1.01728454E-01
4.23374759E-01  8.06176376E+00  1.04059577E-01
4.23766592E-01  7.88738155E+00  1.01320311E-01
4.24158424E-01  8.19290447E+00  1.04625322E-01
4.24550256E-01  7.97274160E+00  1.03901975E-01
4.24942088E-01  8.03526783E+00  1.04030028E-01
4.25333921E-01  7.91685343E+00  1.03261352E-01
4.25725753E-01  7.99373293E+00  1.03762224E-01
4.26117585E-01  8.14414310E+00  1.06090665E-01
4.26509417E-01  8.05021954E+00  1.05768405E-01
4.26901250E-01  8.05599499E+00  1.04447290E-01
4.27293082E-01  8.08907413E+00  1.05516642E-01
4.27684914E-01  7.84655809E+00  1.04352124E-01
4.28076746E-01  7.95878696E+00  1.05975956E-01
4.28468579E-01  7.91894150E+00  1.04833782E-01
4.28860411E-01  7.92365885E+00  1.05228707E-01
4.29252243E-01  7.91534090E+00  1.06740139E-01
4.29644075E-01  8.14419746E+00  1.08195700E-01
4.30035908E-01  7.98213434E+00  1.05986595E-01
4.30427740E-01  8.05818844E+00  1.07471183E-01


### HEADER:
#
#{
#    "analysis": {},
#    "calibration_params": {
#        "Beam_Center_X": 730.0374262707371,
#        "Beam_Center_Y": 675.3320572331704,
#        "Detector Tilt": 0.026259007459965275,
#        "Detector Tilt Plane Rotation": 73.53223173202183,
#        "Detector_X_Pixel_Size": 172.0,
#        "Detector_Y_Pixel_Size": 172.0,
#        "Integration Method": "nosplit_csr",
#        "Radial_Average_Method": "pyFAI",
#        "Sample-to-detector distance (mm)": 2662.970378639845,
#        "Wavelength (A)": 1.03320164497
#    },
#    "config_file": "C:\\Users\\Administrator\\AppData\\Local\\RAW\\backup.cfg",
#    "counters": {},
#    "filename": "a501-37_0045_00003.tif",
#    "history": {},
#    "imageHeader": {
#        "Alpha": "0.0000 deg.",
#        "Angle_increment": "0.1000 deg.",
#        "Beam_xy": "(0.00, 0.00) pixels",
#        "Chi": "0.0000 deg.",
#        "Count_cutoff": "1157021 counts",
#        "Detector_2theta": "0.0000 deg.",
#        "Detector_Voffset": "0.00000 m",
#        "Detector_distance": "1.00000 m",
#        "Energy_range": "(0, 0) eV",
#        "Excluded_pixels": "badpix_mask.tif",
#        "Exposure_period": "1.1000000 s",
#        "Exposure_time": "1.0000000 s",
#        "Filter_transmission": "1.0000",
#        "Flat_field": "FF_p24-0163_E12000_T6000_vrf_m0p100.tif",
#        "Flux": "0.000000",
#        "Gain_setting": "autog (vrf = 1.000)",
#        "Image_path": "/user-data/2022/202209/20220910/hongliang/",
#        "Kappa": "0.0000 deg.",
#        "N_excluded_pixels": "61",
#        "N_oscillations": "1",
#        "Oscillation_axis": "X, CW",
#        "Phi": "0.0000 deg.",
#        "Pixel_size": "172e-6 m x 172e-6 m",
#        "Polarization": "0.990",
#        "Ratecorr_lut_directory": "ContinuousStandard_v1.1",
#        "Retrigger_mode": "1",
#        "Silicon": "sensor, thickness 0.000450",
#        "Start_angle": "0.2000 deg.",
#        "Tau": "0 s",
#        "Threshold_setting": "6000 eV",
#        "Trim_file": "p24-0163_E12000_T6000.bin",
#        "Wavelength (A)": "1.54000 A"
#    },
#    "load_path": "C:\\Users\\Administrator\\Desktop\\UserData\\2022\\202209\\20220910\\hongliang\\a501-37_0045_00003.tif",
#    "normalizations": {
#        "Polarization": {
#            "Used": false
#        },
#        "Solid_Angle_Correction": "On"
#    },
#    "raw_version": "2.1.1"
#}

