### DATA:
#
# 1081
#      Q             I(Q)           Error     
7.24889685E-03  4.05464185E+03  7.61075830E+00
7.64072911E-03  3.48325195E+03  7.00428867E+00
8.03256137E-03  3.06362256E+03  6.52307272E+00
8.42439364E-03  2.67369897E+03  5.36186218E+00
8.81622590E-03  2.35315283E+03  5.08516788E+00
9.20805816E-03  2.08070557E+03  4.51654387E+00
9.59989042E-03  1.85563159E+03  4.18402243E+00
9.99172268E-03  1.66415625E+03  3.80407643E+00
1.03835549E-02  1.49492822E+03  3.45824981E+00
1.07753872E-02  1.35090454E+03  3.27437401E+00
1.11672195E-02  1.22351843E+03  2.98845220E+00
1.15590517E-02  1.11002844E+03  2.80581403E+00
1.19508840E-02  1.01743445E+03  2.58721709E+00
1.23427163E-02  9.35335693E+02  2.48063874E+00
1.27345485E-02  8.58793945E+02  2.31678700E+00
1.31263808E-02  7.83095581E+02  2.15900922E+00
1.35182130E-02  7.25423218E+02  2.03600359E+00
1.39100453E-02  6.67866089E+02  1.89491665E+00
1.43018776E-02  6.23467346E+02  1.85085845E+00
1.46937098E-02  5.77709229E+02  1.74833977E+00
1.50855421E-02  5.35448364E+02  1.59680319E+00
1.54773744E-02  5.00542297E+02  1.57027125E+00
1.58692066E-02  4.69232086E+02  1.47390473E+00
1.62610389E-02  4.39663910E+02  1.44351637E+00
1.66528711E-02  4.09597046E+02  1.34033573E+00
1.70447034E-02  3.85133698E+02  1.28567314E+00
1.74365357E-02  3.64329712E+02  1.23986959E+00
1.78283679E-02  3.44186249E+02  1.20510709E+00
1.82202002E-02  3.23695740E+02  1.17867398E+00
1.86120325E-02  3.05404633E+02  1.11649823E+00
1.90038647E-02  2.87846069E+02  1.08172297E+00
1.93956970E-02  2.74502441E+02  1.06725490E+00
1.97875292E-02  2.59620483E+02  1.01906824E+00
2.01793615E-02  2.48510513E+02  9.99025643E-01
2.05711938E-02  2.35379395E+02  9.58888888E-01
2.09630260E-02  2.22212997E+02  9.35345590E-01
2.13548583E-02  2.13886642E+02  9.15853679E-01
2.17466905E-02  2.03390625E+02  8.77744377E-01
2.21385228E-02  1.94420883E+02  8.58171701E-01
2.25303551E-02  1.85218964E+02  8.28258097E-01
2.29221873E-02  1.76345016E+02  8.17305982E-01
2.33140196E-02  1.68588318E+02  7.94627011E-01
2.37058519E-02  1.62339706E+02  7.57398665E-01
2.40976841E-02  1.54818909E+02  7.42274225E-01
2.44895164E-02  1.48000443E+02  7.13166118E-01
2.48813486E-02  1.43441162E+02  6.97319388E-01
2.52731809E-02  1.37169922E+02  6.68445945E-01
2.56650132E-02  1.31577805E+02  6.37272239E-01
2.60568454E-02  1.27057518E+02  6.34107649E-01
2.64486777E-02  1.23127197E+02  6.08996034E-01
2.68405100E-02  1.17681244E+02  5.92704117E-01
2.72323422E-02  1.13166855E+02  5.74406624E-01
2.76241745E-02  1.09258453E+02  5.53223312E-01
2.80160067E-02  1.05137405E+02  5.47308624E-01
2.84078390E-02  1.01216011E+02  5.25168955E-01
2.87996713E-02  9.78018265E+01  5.12754679E-01
2.91915035E-02  9.47257843E+01  4.93477255E-01
2.95833358E-02  9.26498642E+01  4.94436830E-01
2.99751681E-02  8.81944351E+01  4.80504155E-01
3.03670003E-02  8.55305557E+01  4.60127741E-01
3.07588326E-02  8.30156479E+01  4.52752769E-01
3.11506648E-02  8.03824158E+01  4.36448634E-01
3.15424971E-02  7.72385254E+01  4.35106903E-01
3.19343294E-02  7.49938126E+01  4.19582337E-01
3.23261616E-02  7.23666077E+01  4.09295291E-01
3.27179939E-02  7.08625717E+01  4.00865674E-01
3.31098262E-02  6.78125305E+01  3.89939755E-01
3.35016584E-02  6.62897949E+01  3.86840284E-01
3.38934907E-02  6.45524445E+01  3.72197777E-01
3.42853229E-02  6.20246887E+01  3.66413921E-01
3.46771552E-02  6.07461357E+01  3.59136671E-01
3.50689875E-02  5.87498741E+01  3.50590914E-01
3.54608197E-02  5.66981697E+01  3.44055206E-01
3.58526520E-02  5.53767166E+01  3.31811339E-01
3.62444842E-02  5.39602623E+01  3.31181705E-01
3.66363165E-02  5.27197990E+01  3.25375080E-01
3.70281488E-02  5.17661591E+01  3.18291396E-01
3.74199810E-02  5.01663971E+01  3.08834732E-01
3.78118133E-02  4.84093895E+01  2.96416104E-01
3.82036456E-02  4.76525917E+01  2.99577415E-01
3.85954778E-02  4.62483215E+01  2.88939178E-01
3.89873101E-02  4.51745720E+01  2.84285545E-01
3.93791423E-02  4.44515991E+01  2.80252397E-01
3.97709746E-02  4.27353058E+01  2.73344010E-01
4.01628069E-02  4.22136154E+01  2.75799960E-01
4.05546391E-02  4.15349045E+01  2.64886886E-01
4.09464714E-02  3.98326836E+01  2.60283202E-01
4.13383037E-02  3.98369637E+01  2.58327812E-01
4.17301359E-02  3.87818489E+01  2.53823340E-01
4.21219682E-02  3.81812401E+01  2.53540665E-01
4.25138004E-02  3.76362381E+01  2.45993733E-01
4.29056327E-02  3.68056946E+01  2.43853286E-01
4.32974650E-02  3.63340034E+01  2.40543425E-01
4.36892972E-02  3.57193375E+01  2.37182081E-01
4.40811295E-02  3.49295387E+01  2.35848933E-01
4.44729618E-02  3.42209587E+01  2.27715060E-01
4.48647940E-02  3.41564255E+01  2.31389582E-01
4.52566263E-02  3.33371544E+01  2.26130247E-01
4.56484585E-02  3.24101830E+01  2.19132841E-01
4.60402908E-02  3.24061089E+01  2.20429331E-01
4.64321231E-02  3.20188446E+01  2.15895548E-01
4.68239553E-02  3.17502365E+01  2.17861220E-01
4.72157876E-02  3.10579891E+01  2.12322921E-01
4.76076199E-02  3.08452740E+01  2.10226178E-01
4.79994521E-02  2.99587231E+01  2.06445023E-01
4.83912844E-02  2.98899021E+01  2.04184860E-01
4.87831166E-02  2.93773289E+01  2.04142183E-01
4.91749489E-02  2.93526993E+01  2.00669676E-01
4.95667812E-02  2.86963501E+01  1.97736651E-01
4.99586134E-02  2.83214474E+01  1.98066607E-01
5.03504457E-02  2.80583954E+01  1.94864064E-01
5.07422779E-02  2.80834961E+01  1.94164723E-01
5.11341102E-02  2.78882523E+01  1.90693632E-01
5.15259425E-02  2.74104347E+01  1.91056401E-01
5.19177747E-02  2.70877476E+01  1.89424813E-01
5.23096070E-02  2.63121357E+01  1.84506908E-01
5.27014393E-02  2.66378822E+01  1.84103996E-01
5.30932715E-02  2.64466476E+01  1.83093041E-01
5.34851038E-02  2.60133247E+01  1.82866231E-01
5.38769360E-02  2.55490551E+01  1.79505005E-01
5.42687683E-02  2.56237335E+01  1.78533345E-01
5.46606006E-02  2.56310596E+01  1.78006351E-01
5.50524328E-02  2.50810604E+01  1.74794704E-01
5.54442651E-02  2.51267662E+01  1.76246822E-01
5.58360974E-02  2.48329487E+01  1.71339154E-01
5.62279296E-02  2.45718498E+01  1.72071099E-01
5.66197619E-02  2.45460663E+01  1.70954168E-01
5.70115941E-02  2.41716442E+01  1.68743908E-01
5.74034264E-02  2.42850742E+01  1.69942081E-01
5.77952587E-02  2.37817898E+01  1.65631264E-01
5.81870909E-02  2.40769749E+01  1.66464299E-01
5.85789232E-02  2.34698696E+01  1.64446950E-01
5.89707555E-02  2.35647125E+01  1.63651735E-01
5.93625877E-02  2.34436417E+01  1.63323730E-01
5.97544200E-02  2.32755184E+01  1.60471216E-01
6.01462522E-02  2.31042042E+01  1.61769718E-01
6.05380845E-02  2.29067535E+01  1.59548581E-01
6.09299168E-02  2.25907364E+01  1.58532470E-01
6.13217490E-02  2.25704556E+01  1.60803750E-01
6.17135813E-02  2.24563427E+01  1.60673201E-01
6.21054136E-02  2.23360367E+01  1.62595555E-01
6.24972458E-02  2.20585327E+01  1.59061253E-01
6.28890781E-02  2.18528004E+01  1.59790680E-01
6.32809103E-02  2.14361782E+01  1.57708511E-01
6.36727426E-02  2.14847870E+01  1.58625200E-01
6.40645749E-02  2.12674942E+01  1.59036264E-01
6.44564071E-02  2.12084446E+01  1.57142699E-01
6.48482394E-02  2.09835854E+01  1.57040596E-01
6.52400716E-02  2.08977642E+01  1.55897051E-01
6.56319039E-02  2.07351360E+01  1.55925319E-01
6.60237362E-02  2.02693634E+01  1.54073954E-01
6.64155684E-02  2.02942619E+01  1.53008536E-01
6.68074007E-02  2.03889065E+01  1.54527947E-01
6.71992330E-02  2.00129433E+01  1.52650520E-01
6.75910652E-02  1.97136021E+01  1.51240915E-01
6.79828975E-02  1.98879223E+01  1.50261313E-01
6.83747297E-02  1.98094158E+01  1.47071689E-01
6.87665620E-02  1.95009861E+01  1.46161959E-01
6.91583943E-02  1.92566433E+01  1.43066332E-01
6.95502265E-02  1.92265778E+01  1.43183202E-01
6.99420588E-02  1.91217918E+01  1.40707955E-01
7.03338911E-02  1.91717091E+01  1.40528470E-01
7.07257233E-02  1.89157467E+01  1.40020639E-01
7.11175556E-02  1.87352238E+01  1.37303218E-01
7.15093878E-02  1.87366753E+01  1.37724996E-01
7.19012201E-02  1.85684147E+01  1.35269478E-01
7.22930524E-02  1.83919582E+01  1.35293514E-01
7.26848846E-02  1.83736057E+01  1.34957820E-01
7.30767169E-02  1.80514774E+01  1.32399008E-01
7.34685492E-02  1.81666336E+01  1.32244304E-01
7.38603814E-02  1.78218594E+01  1.30357713E-01
7.42522137E-02  1.79060211E+01  1.31166443E-01
7.46440459E-02  1.79955158E+01  1.30742565E-01
7.50358782E-02  1.76121540E+01  1.27597496E-01
7.54277105E-02  1.75068913E+01  1.29016951E-01
7.58195427E-02  1.75703583E+01  1.27623349E-01
7.62113750E-02  1.73542271E+01  1.26136690E-01
7.66032072E-02  1.74024982E+01  1.25966236E-01
7.69950395E-02  1.73210411E+01  1.24708660E-01
7.73868718E-02  1.72981033E+01  1.26455680E-01
7.77787040E-02  1.72022667E+01  1.23616636E-01
7.81705363E-02  1.70634785E+01  1.23778448E-01
7.85623686E-02  1.70016232E+01  1.22083426E-01
7.89542008E-02  1.68533859E+01  1.21603504E-01
7.93460331E-02  1.67626877E+01  1.21811435E-01
7.97378653E-02  1.66223450E+01  1.20136760E-01
8.01296976E-02  1.66162071E+01  1.19596779E-01
8.05215299E-02  1.64715691E+01  1.19177856E-01
8.09133621E-02  1.64325733E+01  1.18527077E-01
8.13051944E-02  1.62089520E+01  1.17567345E-01
8.16970267E-02  1.63277302E+01  1.16808556E-01
8.20888589E-02  1.62090359E+01  1.17567964E-01
8.24806912E-02  1.62179832E+01  1.16318487E-01
8.28725234E-02  1.58868313E+01  1.15124993E-01
8.32643557E-02  1.58341007E+01  1.13893762E-01
8.36561880E-02  1.57917032E+01  1.13049060E-01
8.40480202E-02  1.57543097E+01  1.14453517E-01
8.44398525E-02  1.55609531E+01  1.12039223E-01
8.48316848E-02  1.55531139E+01  1.12694852E-01
8.52235170E-02  1.53272247E+01  1.10528402E-01
8.56153493E-02  1.53004627E+01  1.10785685E-01
8.60071815E-02  1.52614250E+01  1.10866912E-01
8.63990138E-02  1.51966095E+01  1.09147497E-01
8.67908461E-02  1.53763342E+01  1.10398494E-01
8.71826783E-02  1.51888952E+01  1.08442321E-01
8.75745106E-02  1.51124926E+01  1.09059341E-01
8.79663429E-02  1.52200098E+01  1.08764306E-01
8.83581751E-02  1.48667002E+01  1.07079446E-01
8.87500074E-02  1.48044262E+01  1.06608793E-01
8.91418396E-02  1.46810455E+01  1.05758704E-01
8.95336719E-02  1.46385546E+01  1.05807364E-01
8.99255042E-02  1.45966568E+01  1.04857363E-01
9.03173364E-02  1.45799026E+01  1.04639851E-01
9.07091687E-02  1.43280478E+01  1.04045197E-01
9.11010009E-02  1.43002872E+01  1.03053257E-01
9.14928332E-02  1.42079535E+01  1.02834761E-01
9.18846655E-02  1.41621304E+01  1.01801567E-01
9.22764977E-02  1.42127228E+01  1.02358468E-01
9.26683300E-02  1.40413437E+01  1.03273094E-01
9.30601623E-02  1.42875834E+01  1.04333408E-01
9.34519945E-02  1.39465790E+01  1.03515513E-01
9.38438268E-02  1.39763393E+01  1.02683961E-01
9.42356590E-02  1.38873205E+01  1.03375100E-01
9.46274913E-02  1.35741692E+01  1.02203079E-01
9.50193236E-02  1.37559967E+01  1.02219284E-01
9.54111558E-02  1.34799681E+01  1.01887330E-01
9.58029881E-02  1.36102571E+01  1.00426242E-01
9.61948204E-02  1.35538836E+01  9.97391269E-02
9.65866526E-02  1.35576334E+01  9.91008505E-02
9.69784849E-02  1.33598967E+01  9.77756977E-02
9.73703171E-02  1.33321943E+01  9.82381999E-02
9.77621494E-02  1.34261122E+01  9.80530754E-02
9.81539817E-02  1.33280735E+01  9.75898579E-02
9.85458139E-02  1.33070259E+01  9.73392427E-02
9.89376462E-02  1.32074175E+01  9.76720750E-02
9.93294785E-02  1.32104616E+01  1.00211620E-01
9.97213107E-02  1.31483898E+01  1.00052141E-01
1.00113143E-01  1.30430679E+01  1.00263089E-01
1.00504975E-01  1.29929800E+01  1.00186378E-01
1.00896808E-01  1.28094912E+01  9.95920673E-02
1.01288640E-01  1.31015759E+01  1.02032743E-01
1.01680472E-01  1.29409857E+01  1.00886166E-01
1.02072304E-01  1.28185186E+01  9.93206277E-02
1.02464137E-01  1.29286633E+01  9.97082293E-02
1.02855969E-01  1.29068718E+01  9.93954390E-02
1.03247801E-01  1.29231644E+01  9.88924354E-02
1.03639633E-01  1.27148838E+01  9.81295928E-02
1.04031466E-01  1.28805923E+01  9.91431028E-02
1.04423298E-01  1.24990845E+01  9.75895524E-02
1.04815130E-01  1.26700745E+01  9.81056839E-02
1.05206962E-01  1.26282473E+01  9.77583677E-02
1.05598795E-01  1.28181496E+01  9.81204361E-02
1.05990627E-01  1.26923342E+01  9.78216380E-02
1.06382459E-01  1.26071358E+01  9.60559323E-02
1.06774291E-01  1.26232195E+01  9.59420651E-02
1.07166124E-01  1.25659342E+01  9.45261419E-02
1.07557956E-01  1.24563704E+01  9.38800871E-02
1.07949788E-01  1.23952456E+01  9.37823504E-02
1.08341620E-01  1.25454721E+01  9.32317302E-02
1.08733453E-01  1.24315653E+01  9.32282880E-02
1.09125285E-01  1.23564959E+01  9.15496945E-02
1.09517117E-01  1.22662668E+01  9.16823819E-02
1.09908950E-01  1.22245255E+01  9.12455842E-02
1.10300782E-01  1.22472382E+01  9.03516933E-02
1.10692614E-01  1.21888752E+01  9.05292034E-02
1.11084446E-01  1.20944042E+01  8.93117264E-02
1.11476279E-01  1.20686464E+01  8.91579911E-02
1.11868111E-01  1.20776691E+01  8.86388198E-02
1.12259943E-01  1.19905968E+01  8.81756842E-02
1.12651775E-01  1.19724817E+01  8.81092027E-02
1.13043608E-01  1.19297180E+01  8.72200802E-02
1.13435440E-01  1.18791447E+01  8.71185139E-02
1.13827272E-01  1.18722916E+01  8.64337012E-02
1.14219104E-01  1.20320129E+01  8.67410079E-02
1.14610937E-01  1.18644714E+01  8.65144432E-02
1.15002769E-01  1.19965525E+01  8.61835554E-02
1.15394601E-01  1.16635857E+01  8.55100676E-02
1.15786433E-01  1.19184399E+01  8.56909677E-02
1.16178266E-01  1.17909451E+01  8.56013522E-02
1.16570098E-01  1.16156187E+01  8.44398290E-02
1.16961930E-01  1.17937822E+01  8.43381733E-02
1.17353763E-01  1.16238317E+01  8.45218673E-02
1.17745595E-01  1.16468983E+01  8.35101604E-02
1.18137427E-01  1.17445593E+01  8.43405873E-02
1.18529259E-01  1.16993113E+01  8.34240392E-02
1.18921092E-01  1.16338997E+01  8.27977881E-02
1.19312924E-01  1.16198597E+01  8.33141506E-02
1.19704756E-01  1.15852957E+01  8.24310035E-02
1.20096588E-01  1.16677885E+01  8.31147879E-02
1.20488421E-01  1.16794147E+01  8.27412158E-02
1.20880253E-01  1.16838379E+01  8.22764710E-02
1.21272085E-01  1.15200968E+01  8.22717100E-02
1.21663917E-01  1.14737625E+01  8.13455656E-02
1.22055750E-01  1.14294806E+01  8.17560256E-02
1.22447582E-01  1.15358992E+01  8.12387317E-02
1.22839414E-01  1.12967682E+01  8.07860568E-02
1.23231246E-01  1.13530235E+01  8.09403732E-02
1.23623079E-01  1.13191442E+01  7.98808262E-02
1.24014911E-01  1.13646116E+01  8.05879235E-02
1.24406743E-01  1.11415329E+01  7.90517703E-02
1.24798575E-01  1.12396727E+01  7.98708200E-02
1.25190408E-01  1.11933689E+01  7.91470930E-02
1.25582240E-01  1.13182907E+01  7.94544891E-02
1.25974072E-01  1.13344784E+01  7.97116309E-02
1.26365905E-01  1.11513472E+01  7.83443376E-02
1.26757737E-01  1.12035131E+01  7.91614503E-02
1.27149569E-01  1.11957808E+01  7.85654336E-02
1.27541401E-01  1.12252350E+01  7.81113952E-02
1.27933234E-01  1.10665026E+01  7.78752044E-02
1.28325066E-01  1.11010580E+01  7.77629912E-02
1.28716898E-01  1.10995693E+01  7.78002962E-02
1.29108730E-01  1.11679668E+01  7.74303377E-02
1.29500563E-01  1.10739260E+01  7.70212114E-02
1.29892395E-01  1.10271206E+01  7.74410069E-02
1.30284227E-01  1.10443764E+01  7.67340735E-02
1.30676059E-01  1.08129501E+01  7.60476589E-02
1.31067892E-01  1.09023428E+01  7.57765248E-02
1.31459724E-01  1.10425615E+01  7.63428286E-02
1.31851556E-01  1.08991852E+01  7.61678070E-02
1.32243388E-01  1.08528605E+01  7.52492398E-02
1.32635221E-01  1.09133787E+01  7.54785836E-02
1.33027053E-01  1.07559042E+01  7.49126673E-02
1.33418885E-01  1.08812323E+01  7.54858851E-02
1.33810718E-01  1.09185781E+01  7.51256570E-02
1.34202550E-01  1.07736979E+01  7.41674379E-02
1.34594382E-01  1.08296719E+01  7.48388246E-02
1.34986214E-01  1.07390518E+01  7.43333846E-02
1.35378047E-01  1.07318621E+01  7.41753057E-02
1.35769879E-01  1.06687431E+01  7.35251009E-02
1.36161711E-01  1.07683516E+01  7.38303363E-02
1.36553543E-01  1.08511419E+01  7.40575865E-02
1.36945376E-01  1.07369061E+01  7.33343214E-02
1.37337208E-01  1.06992302E+01  7.32240230E-02
1.37729040E-01  1.06768646E+01  7.26939887E-02
1.38120872E-01  1.05694160E+01  7.24170431E-02
1.38512705E-01  1.06641502E+01  7.30130151E-02
1.38904537E-01  1.06738930E+01  7.21159577E-02
1.39296369E-01  1.06323853E+01  7.25072026E-02
1.39688201E-01  1.06439495E+01  7.21910000E-02
1.40080034E-01  1.04737768E+01  7.14372098E-02
1.40471866E-01  1.04998779E+01  7.15786144E-02
1.40863698E-01  1.05229149E+01  7.11902082E-02
1.41255531E-01  1.05179052E+01  7.11905360E-02
1.41647363E-01  1.04074154E+01  7.08840787E-02
1.42039195E-01  1.04265232E+01  7.06432536E-02
1.42431027E-01  1.04106884E+01  7.07931668E-02
1.42822860E-01  1.05539789E+01  7.07365498E-02
1.43214692E-01  1.04573126E+01  7.09007010E-02
1.43606524E-01  1.03325882E+01  7.02913404E-02
1.43998356E-01  1.05238523E+01  7.02543184E-02
1.44390189E-01  1.05047522E+01  7.14575946E-02
1.44782021E-01  1.03995075E+01  7.11161643E-02
1.45173853E-01  1.04628077E+01  7.18758181E-02
1.45565685E-01  1.04464092E+01  7.14853853E-02
1.45957518E-01  1.04680500E+01  7.21437111E-02
1.46349350E-01  1.03459511E+01  7.17397109E-02
1.46741182E-01  1.03531828E+01  7.19439536E-02
1.47133014E-01  1.03434019E+01  7.20904022E-02
1.47524847E-01  1.03276653E+01  7.17302784E-02
1.47916679E-01  1.01215734E+01  7.12063313E-02
1.48308511E-01  1.03246622E+01  7.19353333E-02
1.48700343E-01  1.04086018E+01  7.27021471E-02
1.49092176E-01  1.03066587E+01  7.19269589E-02
1.49484008E-01  1.03592901E+01  7.18408450E-02
1.49875840E-01  1.02020617E+01  7.19776973E-02
1.50267673E-01  1.02052879E+01  7.17349425E-02
1.50659505E-01  1.04033051E+01  7.24094808E-02
1.51051337E-01  1.02286386E+01  7.17450380E-02
1.51443169E-01  1.02902689E+01  7.07272515E-02
1.51835002E-01  1.02149220E+01  7.07954094E-02
1.52226834E-01  1.03122587E+01  7.02425018E-02
1.52618666E-01  1.02653065E+01  7.01328740E-02
1.53010498E-01  1.01059151E+01  6.89458251E-02
1.53402331E-01  1.02290525E+01  6.99423403E-02
1.53794163E-01  1.02256546E+01  6.93045780E-02
1.54185995E-01  1.01487932E+01  6.86105266E-02
1.54577827E-01  9.98978806E+00  6.79923594E-02
1.54969660E-01  1.01225948E+01  6.82853311E-02
1.55361492E-01  1.01361380E+01  6.87436759E-02
1.55753324E-01  1.01079273E+01  6.79088309E-02
1.56145156E-01  9.99443626E+00  6.74039274E-02
1.56536989E-01  9.98446941E+00  6.73857629E-02
1.56928821E-01  1.01605015E+01  6.78695291E-02
1.57320653E-01  9.96947289E+00  6.74121007E-02
1.57712486E-01  1.01101894E+01  6.70667589E-02
1.58104318E-01  1.00494156E+01  6.69693202E-02
1.58496150E-01  9.95415401E+00  6.68003857E-02
1.58887982E-01  1.00606499E+01  6.66955933E-02
1.59279815E-01  9.91268635E+00  6.64682463E-02
1.59671647E-01  9.86553001E+00  6.55984133E-02
1.60063479E-01  9.98332882E+00  6.65570050E-02
1.60455311E-01  9.98980045E+00  6.62419200E-02
1.60847144E-01  1.00056973E+01  6.60920963E-02
1.61238976E-01  9.98880577E+00  6.59072325E-02
1.61630808E-01  1.00758781E+01  6.57809898E-02
1.62022640E-01  9.87384605E+00  6.57993257E-02
1.62414473E-01  9.98315716E+00  6.55482933E-02
1.62806305E-01  9.79171944E+00  6.47224635E-02
1.63198137E-01  9.90244198E+00  6.52550608E-02
1.63589969E-01  9.94443512E+00  6.50727972E-02
1.63981802E-01  9.80510998E+00  6.49060383E-02
1.64373634E-01  9.70856094E+00  6.40790686E-02
1.64765466E-01  9.79214573E+00  6.41380921E-02
1.65157298E-01  9.92090607E+00  6.48037791E-02
1.65549131E-01  9.81309414E+00  6.43015131E-02
1.65940963E-01  9.88366127E+00  6.46004751E-02
1.66332795E-01  9.82530022E+00  6.37147352E-02
1.66724628E-01  9.76862335E+00  6.38745055E-02
1.67116460E-01  9.82740974E+00  6.40933141E-02
1.67508292E-01  9.92368698E+00  6.40731454E-02
1.67900124E-01  9.76218891E+00  6.35235682E-02
1.68291957E-01  9.80685329E+00  6.32911026E-02
1.68683789E-01  9.81023598E+00  6.39446080E-02
1.69075621E-01  9.68346024E+00  6.28663599E-02
1.69467453E-01  9.79275608E+00  6.31816983E-02
1.69859286E-01  9.84124565E+00  6.33509904E-02
1.70251118E-01  9.68981361E+00  6.27215132E-02
1.70642950E-01  9.64771843E+00  6.29307553E-02
1.71034782E-01  9.75403404E+00  6.26379251E-02
1.71426615E-01  9.76722908E+00  6.24924302E-02
1.71818447E-01  9.72180271E+00  6.24219365E-02
1.72210279E-01  9.69936371E+00  6.22752868E-02
1.72602111E-01  9.64649200E+00  6.21179007E-02
1.72993944E-01  9.67131138E+00  6.17675744E-02
1.73385776E-01  9.67965508E+00  6.19778074E-02
1.73777608E-01  9.68979454E+00  6.21089637E-02
1.74169441E-01  9.76348114E+00  6.18549176E-02
1.74561273E-01  9.66091251E+00  6.16621897E-02
1.74953105E-01  9.63764191E+00  6.11805879E-02
1.75344937E-01  9.68319321E+00  6.17214777E-02
1.75736770E-01  9.73645115E+00  6.16614074E-02
1.76128602E-01  9.70422268E+00  6.10848181E-02
1.76520434E-01  9.64605904E+00  6.10424504E-02
1.76912266E-01  9.58112812E+00  6.06266931E-02
1.77304099E-01  9.69375420E+00  6.13356754E-02
1.77695931E-01  9.61039162E+00  6.06614612E-02
1.78087763E-01  9.61022949E+00  6.05339482E-02
1.78479595E-01  9.57820511E+00  6.06762618E-02
1.78871428E-01  9.53232384E+00  6.02311157E-02
1.79263260E-01  9.59335709E+00  6.05274178E-02
1.79655092E-01  9.51320744E+00  6.00229241E-02
1.80046924E-01  9.59424591E+00  6.02554269E-02
1.80438757E-01  9.55470657E+00  6.03713393E-02
1.80830589E-01  9.49135590E+00  5.97626530E-02
1.81222421E-01  9.64646721E+00  6.03399388E-02
1.81614254E-01  9.56413078E+00  5.96896075E-02
1.82006086E-01  9.47258091E+00  5.97939752E-02
1.82397918E-01  9.49984169E+00  6.02560602E-02
1.82789750E-01  9.55440140E+00  6.03140555E-02
1.83181583E-01  9.46348190E+00  6.03602678E-02
1.83573415E-01  9.59302425E+00  6.08189702E-02
1.83965247E-01  9.57306004E+00  6.12651557E-02
1.84357079E-01  9.55874920E+00  6.06638789E-02
1.84748912E-01  9.60772419E+00  6.11374378E-02
1.85140744E-01  9.56433964E+00  6.09638952E-02
1.85532576E-01  9.53699875E+00  6.11145198E-02
1.85924408E-01  9.61097813E+00  6.15683720E-02
1.86316241E-01  9.51516151E+00  6.07603826E-02
1.86708073E-01  9.51839066E+00  6.11751601E-02
1.87099905E-01  9.54656887E+00  6.12778440E-02
1.87491737E-01  9.47869873E+00  6.09641373E-02
1.87883570E-01  9.44712257E+00  6.09821826E-02
1.88275402E-01  9.35590267E+00  6.04147501E-02
1.88667234E-01  9.50203228E+00  6.14866912E-02
1.89059066E-01  9.49211693E+00  6.09245598E-02
1.89450899E-01  9.54310703E+00  6.07804209E-02
1.89842731E-01  9.46186447E+00  6.01849109E-02
1.90234563E-01  9.44837475E+00  5.99477105E-02
1.90626396E-01  9.47353745E+00  6.04539290E-02
1.91018228E-01  9.42149067E+00  5.93133420E-02
1.91410060E-01  9.43785572E+00  5.94871379E-02
1.91801892E-01  9.52923775E+00  5.94637394E-02
1.92193725E-01  9.37658787E+00  5.90294823E-02
1.92585557E-01  9.38750648E+00  5.92180379E-02
1.92977389E-01  9.34746552E+00  5.83988503E-02
1.93369221E-01  9.31934452E+00  5.86540066E-02
1.93761054E-01  9.39868450E+00  5.86444996E-02
1.94152886E-01  9.44849777E+00  5.87248504E-02
1.94544718E-01  9.30375767E+00  5.82841113E-02
1.94936550E-01  9.31222153E+00  5.77142201E-02
1.95328383E-01  9.34732437E+00  5.83888516E-02
1.95720215E-01  9.31242657E+00  5.79328649E-02
1.96112047E-01  9.22936058E+00  5.74985035E-02
1.96503879E-01  9.31394958E+00  5.78651279E-02
1.96895712E-01  9.22953987E+00  5.70824109E-02
1.97287544E-01  9.40063000E+00  5.82912676E-02
1.97679376E-01  9.31819057E+00  5.73158599E-02
1.98071209E-01  9.27216911E+00  5.72247133E-02
1.98463041E-01  9.32031345E+00  5.73126525E-02
1.98854873E-01  9.23479366E+00  5.68297692E-02
1.99246705E-01  9.23587990E+00  5.72851039E-02
1.99638538E-01  9.38684845E+00  5.70673868E-02
2.00030370E-01  9.30894661E+00  5.70082702E-02
2.00422202E-01  9.26158619E+00  5.70324585E-02
2.00814034E-01  9.44011211E+00  5.72296232E-02
2.01205867E-01  9.20671558E+00  5.63716404E-02
2.01597699E-01  9.20985031E+00  5.61785176E-02
2.01989531E-01  9.36588669E+00  5.69357462E-02
2.02381363E-01  9.32847309E+00  5.66267483E-02
2.02773196E-01  9.25030613E+00  5.62830642E-02
2.03165028E-01  9.19731331E+00  5.61794341E-02
2.03556860E-01  9.23065376E+00  5.60133532E-02
2.03948692E-01  9.18626118E+00  5.60023375E-02
2.04340525E-01  9.19466400E+00  5.57344519E-02
2.04732357E-01  9.21019268E+00  5.58193475E-02
2.05124189E-01  9.25640392E+00  5.57807051E-02
2.05516021E-01  9.29317856E+00  5.59667572E-02
2.05907854E-01  9.24347687E+00  5.56674376E-02
2.06299686E-01  9.14541149E+00  5.52514717E-02
2.06691518E-01  9.15562916E+00  5.53101674E-02
2.07083351E-01  9.14617157E+00  5.51074184E-02
2.07475183E-01  9.22523308E+00  5.54741286E-02
2.07867015E-01  9.19128036E+00  5.50613068E-02
2.08258847E-01  9.12467766E+00  5.48526011E-02
2.08650680E-01  9.26012993E+00  5.51315434E-02
2.09042512E-01  9.11428833E+00  5.46510890E-02
2.09434344E-01  9.17487335E+00  5.48146963E-02
2.09826176E-01  9.13701630E+00  5.44971749E-02
2.10218009E-01  9.10423946E+00  5.44968657E-02
2.10609841E-01  9.03495026E+00  5.44847809E-02
2.11001673E-01  9.08276749E+00  5.41428030E-02
2.11393505E-01  9.10677052E+00  5.43283708E-02
2.11785338E-01  9.12442875E+00  5.41625954E-02
2.12177170E-01  9.13461590E+00  5.45265190E-02
2.12569002E-01  9.15284634E+00  5.44397719E-02
2.12960834E-01  9.08828354E+00  5.39347380E-02
2.13352667E-01  9.09260178E+00  5.40948473E-02
2.13744499E-01  9.07769394E+00  5.36981858E-02
2.14136331E-01  9.10109615E+00  5.42250872E-02
2.14528164E-01  9.07176399E+00  5.38262762E-02
2.14919996E-01  9.07250118E+00  5.36918975E-02
2.15311828E-01  9.04387951E+00  5.38383350E-02
2.15703660E-01  9.10565758E+00  5.35951555E-02
2.16095493E-01  9.15870571E+00  5.40498905E-02
2.16487325E-01  9.06071472E+00  5.34883700E-02
2.16879157E-01  9.11522675E+00  5.35144620E-02
2.17270989E-01  9.05905342E+00  5.37555926E-02
2.17662822E-01  9.05346680E+00  5.31088747E-02
2.18054654E-01  9.05788517E+00  5.35313934E-02
2.18446486E-01  9.09380817E+00  5.31284064E-02
2.18838318E-01  9.02900791E+00  5.29553778E-02
2.19230151E-01  9.06443596E+00  5.33913895E-02
2.19621983E-01  9.03000927E+00  5.28359897E-02
2.20013815E-01  9.06162357E+00  5.33165820E-02
2.20405647E-01  9.06675529E+00  5.28541245E-02
2.20797480E-01  9.12520885E+00  5.31389304E-02
2.21189312E-01  9.02036572E+00  5.28166480E-02
2.21581144E-01  9.03537941E+00  5.25454842E-02
2.21972977E-01  9.00752831E+00  5.27225025E-02
2.22364809E-01  8.99510193E+00  5.25006950E-02
2.22756641E-01  8.88936424E+00  5.22713885E-02
2.23148473E-01  8.97784901E+00  5.23946434E-02
2.23540306E-01  8.96101093E+00  5.21077067E-02
2.23932138E-01  8.90377808E+00  5.21545596E-02
2.24323970E-01  9.08997917E+00  5.25055267E-02
2.24715802E-01  8.95156670E+00  5.21755479E-02
2.25107635E-01  8.98924446E+00  5.20960279E-02
2.25499467E-01  8.88823700E+00  5.16705550E-02
2.25891299E-01  9.01684189E+00  5.22787943E-02
2.26283131E-01  9.01932907E+00  5.19262068E-02
2.26674964E-01  8.99975014E+00  5.21586649E-02
2.27066796E-01  9.02570915E+00  5.18676080E-02
2.27458628E-01  8.98969269E+00  5.23116514E-02
2.27850460E-01  9.04858494E+00  5.28290495E-02
2.28242293E-01  9.01415443E+00  5.24708778E-02
2.28634125E-01  9.07854176E+00  5.30147925E-02
2.29025957E-01  9.06735420E+00  5.29251024E-02
2.29417789E-01  9.08034325E+00  5.32098040E-02
2.29809622E-01  8.96758652E+00  5.30106947E-02
2.30201454E-01  9.03922653E+00  5.29743247E-02
2.30593286E-01  9.04268265E+00  5.33159971E-02
2.30985119E-01  8.97512436E+00  5.29508181E-02
2.31376951E-01  9.01514053E+00  5.32936715E-02
2.31768783E-01  9.02399540E+00  5.31531833E-02
2.32160615E-01  9.03439331E+00  5.31756990E-02
2.32552448E-01  8.88232899E+00  5.30925021E-02
2.32944280E-01  8.98211479E+00  5.31216487E-02
2.33336112E-01  9.06741810E+00  5.36092706E-02
2.33727944E-01  9.03816700E+00  5.32958582E-02
2.34119777E-01  8.94615841E+00  5.32499962E-02
2.34511609E-01  8.94601250E+00  5.26536740E-02
2.34903441E-01  9.02567768E+00  5.26119843E-02
2.35295273E-01  8.93115997E+00  5.21924272E-02
2.35687106E-01  9.00878811E+00  5.22206910E-02
2.36078938E-01  8.93762779E+00  5.21403812E-02
2.36470770E-01  9.01016617E+00  5.21463938E-02
2.36862602E-01  8.86953545E+00  5.13910465E-02
2.37254435E-01  8.99599552E+00  5.19185029E-02
2.37646267E-01  8.98669052E+00  5.17297238E-02
2.38038099E-01  8.90499115E+00  5.14027104E-02
2.38429932E-01  8.95007896E+00  5.12379259E-02
2.38821764E-01  8.95384789E+00  5.14071323E-02
2.39213596E-01  8.97282887E+00  5.14466278E-02
2.39605428E-01  8.90524101E+00  5.09536862E-02
2.39997261E-01  8.82412338E+00  5.10039404E-02
2.40389093E-01  9.00208092E+00  5.09568974E-02
2.40780925E-01  8.95024300E+00  5.12245931E-02
2.41172757E-01  9.02096748E+00  5.10548092E-02
2.41564590E-01  8.94977570E+00  5.08165583E-02
2.41956422E-01  8.87374496E+00  5.06368876E-02
2.42348254E-01  8.94815063E+00  5.06232455E-02
2.42740086E-01  8.93708706E+00  5.09279147E-02
2.43131919E-01  8.97589970E+00  5.06369993E-02
2.43523751E-01  8.86141872E+00  5.01349717E-02
2.43915583E-01  8.92336273E+00  5.05177863E-02
2.44307415E-01  8.91607952E+00  5.02755344E-02
2.44699248E-01  8.93070889E+00  5.05245700E-02
2.45091080E-01  8.91734314E+00  5.01449332E-02
2.45482912E-01  8.85265827E+00  4.99068163E-02
2.45874744E-01  8.86078835E+00  5.01201786E-02
2.46266577E-01  8.84960747E+00  4.97106202E-02
2.46658409E-01  8.91082573E+00  5.00710942E-02
2.47050241E-01  8.91589642E+00  4.97722104E-02
2.47442074E-01  8.87205601E+00  4.98367213E-02
2.47833906E-01  8.86489964E+00  4.97197025E-02
2.48225738E-01  8.93765831E+00  4.96276245E-02
2.48617570E-01  8.86751461E+00  4.95554283E-02
2.49009403E-01  8.82980633E+00  4.92532626E-02
2.49401235E-01  8.92082119E+00  4.98424359E-02
2.49793067E-01  8.85901737E+00  4.93012853E-02
2.50184899E-01  8.79360580E+00  4.89054658E-02
2.50576732E-01  8.87026310E+00  4.94006053E-02
2.50968564E-01  8.88365364E+00  4.91289683E-02
2.51360396E-01  8.85450268E+00  4.92693000E-02
2.51752228E-01  8.85486126E+00  4.89502810E-02
2.52144061E-01  8.88413715E+00  4.91308942E-02
2.52535893E-01  8.80294991E+00  4.90592085E-02
2.52927725E-01  8.85881901E+00  4.89288196E-02
2.53319557E-01  8.76873112E+00  4.88510616E-02
2.53711390E-01  8.76557636E+00  4.84819002E-02
2.54103222E-01  8.82465649E+00  4.88415509E-02
2.54495054E-01  8.82266808E+00  4.88889888E-02
2.54886887E-01  8.76259804E+00  4.84224893E-02
2.55278719E-01  8.79302502E+00  4.85780239E-02
2.55670551E-01  8.80118179E+00  4.85099517E-02
2.56062383E-01  8.83547211E+00  4.88132760E-02
2.56454216E-01  8.82822800E+00  4.86302264E-02
2.56846048E-01  8.79708862E+00  4.83320020E-02
2.57237880E-01  8.89234638E+00  4.86189239E-02
2.57629712E-01  8.75006294E+00  4.82413918E-02
2.58021545E-01  8.83565807E+00  4.84576859E-02
2.58413377E-01  8.77585602E+00  4.81470898E-02
2.58805209E-01  8.76854324E+00  4.80765924E-02
2.59197041E-01  8.73265648E+00  4.81176451E-02
2.59588874E-01  8.74688339E+00  4.80112657E-02
2.59980706E-01  8.78164291E+00  4.80122156E-02
2.60372538E-01  8.82387638E+00  4.79834937E-02
2.60764370E-01  8.78892517E+00  4.80011180E-02
2.61156203E-01  8.71905136E+00  4.79293056E-02
2.61548035E-01  8.71325588E+00  4.75587770E-02
2.61939867E-01  8.80373573E+00  4.80233096E-02
2.62331700E-01  8.82166195E+00  4.77614738E-02
2.62723532E-01  8.70592213E+00  4.76381145E-02
2.63115364E-01  8.75921249E+00  4.76170741E-02
2.63507196E-01  8.74244881E+00  4.74859662E-02
2.63899029E-01  8.78512192E+00  4.77001630E-02
2.64290861E-01  8.82389927E+00  4.76397164E-02
2.64682693E-01  8.74212170E+00  4.75101285E-02
2.65074525E-01  8.72568607E+00  4.72411551E-02
2.65466358E-01  8.70267105E+00  4.75626811E-02
2.65858190E-01  8.71756649E+00  4.78460267E-02
2.66250022E-01  8.82202244E+00  4.80252765E-02
2.66641854E-01  8.67392349E+00  4.78835143E-02
2.67033687E-01  8.73060513E+00  4.78448570E-02
2.67425519E-01  8.76912594E+00  4.83310670E-02
2.67817351E-01  8.70860958E+00  4.81131300E-02
2.68209183E-01  8.65993690E+00  4.77953777E-02
2.68601016E-01  8.72271061E+00  4.81844209E-02
2.68992848E-01  8.74523544E+00  4.82852757E-02
2.69384680E-01  8.76444244E+00  4.86171246E-02
2.69776512E-01  8.70056534E+00  4.80664857E-02
2.70168345E-01  8.75506115E+00  4.83130254E-02
2.70560177E-01  8.81261444E+00  4.86661978E-02
2.70952009E-01  8.65381241E+00  4.80908379E-02
2.71343842E-01  8.71823215E+00  4.84637991E-02
2.71735674E-01  8.70013618E+00  4.83035333E-02
2.72127506E-01  8.74634933E+00  4.84772511E-02
2.72519338E-01  8.81242561E+00  4.87320796E-02
2.72911171E-01  8.73410225E+00  4.84697111E-02
2.73303003E-01  8.69606686E+00  4.83577736E-02
2.73694835E-01  8.73159885E+00  4.83724661E-02
2.74086667E-01  8.67163086E+00  4.86303866E-02
2.74478500E-01  8.73910141E+00  4.84066047E-02
2.74870332E-01  8.78271484E+00  4.86511700E-02
2.75262164E-01  8.68848610E+00  4.82730903E-02
2.75653996E-01  8.69195652E+00  4.84451503E-02
2.76045829E-01  8.68865585E+00  4.86593358E-02
2.76437661E-01  8.73615170E+00  4.84318882E-02
2.76829493E-01  8.66763592E+00  4.83584478E-02
2.77221325E-01  8.70809364E+00  4.84779030E-02
2.77613158E-01  8.76889133E+00  4.86732684E-02
2.78004990E-01  8.68015194E+00  4.84592095E-02
2.78396822E-01  8.82961082E+00  4.87043932E-02
2.78788655E-01  8.67665386E+00  4.85153422E-02
2.79180487E-01  8.63823891E+00  4.83557582E-02
2.79572319E-01  8.73419285E+00  4.84866463E-02
2.79964151E-01  8.70874023E+00  4.84942757E-02
2.80355984E-01  8.64883137E+00  4.81591858E-02
2.80747816E-01  8.70936394E+00  4.86670583E-02
2.81139648E-01  8.69152451E+00  4.83819097E-02
2.81531480E-01  8.68960762E+00  4.84810323E-02
2.81923313E-01  8.61354351E+00  4.81196046E-02
2.82315145E-01  8.70711517E+00  4.84259501E-02
2.82706977E-01  8.71614647E+00  4.86343950E-02
2.83098809E-01  8.66010571E+00  4.80701774E-02
2.83490642E-01  8.60811043E+00  4.82347384E-02
2.83882474E-01  8.69557095E+00  4.82781902E-02
2.84274306E-01  8.60629749E+00  4.80813719E-02
2.84666138E-01  8.62985229E+00  4.82054465E-02
2.85057971E-01  8.65778255E+00  4.81545590E-02
2.85449803E-01  8.67413807E+00  4.83683795E-02
2.85841635E-01  8.58026218E+00  4.79389168E-02
2.86233467E-01  8.58430862E+00  4.79824953E-02
2.86625300E-01  8.64135933E+00  4.83686775E-02
2.87017132E-01  8.68297195E+00  4.86297943E-02
2.87408964E-01  8.60761929E+00  4.89733741E-02
2.87800797E-01  8.61508846E+00  4.86448780E-02
2.88192629E-01  8.53145409E+00  4.89199832E-02
2.88584461E-01  8.58636761E+00  4.88999747E-02
2.88976293E-01  8.62244987E+00  4.91668992E-02
2.89368126E-01  8.63607883E+00  4.95533198E-02
2.89759958E-01  8.67529964E+00  4.93384823E-02
2.90151790E-01  8.62873363E+00  4.96453866E-02
2.90543622E-01  8.66780281E+00  4.96308804E-02
2.90935455E-01  8.51670074E+00  4.94847633E-02
2.91327287E-01  8.60270214E+00  4.96702082E-02
2.91719119E-01  8.50204086E+00  4.91965488E-02
2.92110951E-01  8.54684353E+00  4.97903414E-02
2.92502784E-01  8.62350082E+00  5.01188114E-02
2.92894616E-01  8.60977459E+00  5.05330637E-02
2.93286448E-01  8.56004906E+00  5.06077819E-02
2.93678280E-01  8.67603588E+00  5.08135706E-02
2.94070113E-01  8.59021759E+00  5.13758361E-02
2.94461945E-01  8.59920216E+00  5.10601513E-02
2.94853777E-01  8.62798309E+00  5.15998527E-02
2.95245610E-01  8.60923290E+00  5.15439771E-02
2.95637442E-01  8.56240273E+00  5.16426228E-02
2.96029274E-01  8.53939247E+00  5.19047230E-02
2.96421106E-01  8.49082947E+00  5.14907874E-02
2.96812939E-01  8.55317307E+00  5.21855168E-02
2.97204771E-01  8.72993374E+00  5.26971631E-02
2.97596603E-01  8.53604412E+00  5.24256229E-02
2.97988435E-01  8.54518127E+00  5.25382534E-02
2.98380268E-01  8.45218754E+00  5.21095060E-02
2.98772100E-01  8.54163265E+00  5.29210791E-02
2.99163932E-01  8.55066013E+00  5.28544076E-02
2.99555764E-01  8.60002327E+00  5.31108528E-02
2.99947597E-01  8.56201267E+00  5.29589877E-02
3.00339429E-01  8.61346626E+00  5.33098914E-02
3.00731261E-01  8.53172207E+00  5.33910841E-02
3.01123093E-01  8.62926674E+00  5.34383953E-02
3.01514926E-01  8.47975922E+00  5.34068681E-02
3.01906758E-01  8.52413654E+00  5.33060543E-02
3.02298590E-01  8.61831474E+00  5.40963560E-02
3.02690423E-01  8.46306038E+00  5.35347313E-02
3.03082255E-01  8.60610294E+00  5.39400615E-02
3.03474087E-01  8.51547623E+00  5.41038811E-02
3.03865919E-01  8.66183281E+00  5.43534532E-02
3.04257752E-01  8.46838856E+00  5.42433225E-02
3.04649584E-01  8.52161503E+00  5.39948642E-02
3.05041416E-01  8.50560570E+00  5.41385077E-02
3.05433248E-01  8.56851673E+00  5.45544103E-02
3.05825081E-01  8.54236031E+00  5.44242933E-02
3.06216913E-01  8.59303665E+00  5.50439991E-02
3.06608745E-01  8.47424603E+00  5.42730503E-02
3.07000577E-01  8.52797604E+00  5.48357703E-02
3.07392410E-01  8.44725800E+00  5.48754670E-02
3.07784242E-01  8.50213623E+00  5.46763986E-02
3.08176074E-01  8.55610752E+00  5.53761497E-02
3.08567906E-01  8.51181507E+00  5.49103655E-02
3.08959739E-01  8.46996593E+00  5.53049408E-02
3.09351571E-01  8.54765320E+00  5.54983877E-02
3.09743403E-01  8.52318192E+00  5.50938547E-02
3.10135235E-01  8.45268536E+00  5.53789474E-02
3.10527068E-01  8.43567848E+00  5.57993837E-02
3.10918900E-01  8.46796513E+00  5.68332635E-02
3.11310732E-01  8.54747105E+00  5.68947047E-02
3.11702565E-01  8.51904011E+00  5.73988445E-02
3.12094397E-01  8.46508884E+00  5.78215942E-02
3.12486229E-01  8.46970463E+00  5.76677695E-02
3.12878061E-01  8.53458881E+00  5.86033575E-02
3.13269894E-01  8.42800426E+00  5.79699688E-02
3.13661726E-01  8.33010292E+00  5.85105494E-02
3.14053558E-01  8.42786884E+00  5.90590164E-02
3.14445390E-01  8.48635006E+00  5.88648915E-02
3.14837223E-01  8.52955818E+00  5.99485077E-02
3.15229055E-01  8.49352741E+00  5.95850013E-02
3.15620887E-01  8.45692539E+00  6.04853556E-02
3.16012719E-01  8.48832130E+00  6.00695685E-02
3.16404552E-01  8.31885147E+00  5.98741993E-02
3.16796384E-01  8.44594574E+00  6.07354902E-02
3.17188216E-01  8.50673580E+00  6.12074621E-02
3.17580048E-01  8.43842983E+00  6.05251454E-02
3.17971881E-01  8.49468136E+00  5.96533082E-02
3.18363713E-01  8.46390724E+00  6.00231811E-02
3.18755545E-01  8.52270889E+00  6.02827407E-02
3.19147378E-01  8.51672745E+00  6.00962862E-02
3.19539210E-01  8.47154999E+00  5.98864369E-02
3.19931042E-01  8.46070766E+00  5.96475638E-02
3.20322874E-01  8.38684845E+00  5.99289946E-02
3.20714707E-01  8.53363228E+00  5.99549338E-02
3.21106539E-01  8.47091103E+00  5.97596020E-02
3.21498371E-01  8.46147251E+00  5.98271638E-02
3.21890203E-01  8.41005516E+00  5.98220676E-02
3.22282036E-01  8.44069099E+00  6.03676997E-02
3.22673868E-01  8.34232426E+00  5.89111336E-02
3.23065700E-01  8.58519650E+00  6.05583191E-02
3.23457532E-01  8.40176201E+00  5.95420562E-02
3.23849365E-01  8.45670223E+00  6.02194220E-02
3.24241197E-01  8.45668983E+00  5.99388480E-02
3.24633029E-01  8.46351147E+00  5.98999932E-02
3.25024861E-01  8.38364697E+00  5.99597245E-02
3.25416694E-01  8.49537945E+00  6.00894317E-02
3.25808526E-01  8.30924320E+00  5.96046820E-02
3.26200358E-01  8.47046375E+00  6.02060892E-02
3.26592190E-01  8.30163383E+00  5.96160889E-02
3.26984023E-01  8.42734814E+00  6.03108443E-02
3.27375855E-01  8.38947201E+00  5.97785786E-02
3.27767687E-01  8.42372990E+00  6.01051338E-02
3.28159520E-01  8.50001621E+00  6.03126325E-02
3.28551352E-01  8.36440468E+00  6.00606613E-02
3.28943184E-01  8.37472820E+00  6.02794923E-02
3.29335016E-01  8.45574856E+00  6.02462441E-02
3.29726849E-01  8.31941032E+00  6.03156798E-02
3.30118681E-01  8.43183041E+00  6.04855902E-02
3.30510513E-01  8.41806412E+00  6.05412461E-02
3.30902345E-01  8.32641792E+00  6.03157766E-02
3.31294178E-01  8.29679489E+00  6.02087080E-02
3.31686010E-01  8.43222904E+00  6.13013953E-02
3.32077842E-01  8.42510223E+00  6.08187802E-02
3.32469674E-01  8.34597874E+00  6.05991445E-02
3.32861507E-01  8.36565781E+00  6.09787777E-02
3.33253339E-01  8.37227440E+00  6.09897561E-02
3.33645171E-01  8.40476704E+00  6.16283976E-02
3.34037003E-01  8.31028652E+00  6.06703386E-02
3.34428836E-01  8.41669273E+00  6.15621246E-02
3.34820668E-01  8.37761116E+00  6.15020655E-02
3.35212500E-01  8.36458969E+00  6.15792945E-02
3.35604333E-01  8.49959755E+00  6.22151271E-02
3.35996165E-01  8.39537430E+00  6.14029095E-02
3.36387997E-01  8.32281303E+00  6.19314536E-02
3.36779829E-01  8.37325954E+00  6.16264232E-02
3.37171662E-01  8.33490944E+00  6.17790632E-02
3.37563494E-01  8.31047440E+00  6.16606474E-02
3.37955326E-01  8.34805202E+00  6.18425086E-02
3.38347158E-01  8.29432964E+00  6.23439960E-02
3.38738991E-01  8.27411652E+00  6.15827367E-02
3.39130823E-01  8.28506851E+00  6.19497448E-02
3.39522655E-01  8.36897373E+00  6.23925105E-02
3.39914487E-01  8.33133698E+00  6.19520135E-02
3.40306320E-01  8.36388493E+00  6.29450977E-02
3.40698152E-01  8.44602394E+00  6.22920059E-02
3.41089984E-01  8.30313396E+00  6.25694543E-02
3.41481816E-01  8.31458855E+00  6.22488260E-02
3.41873649E-01  8.35012913E+00  6.25710487E-02
3.42265481E-01  8.28760433E+00  6.25412762E-02
3.42657313E-01  8.26148701E+00  6.19503148E-02
3.43049146E-01  8.25088787E+00  6.26687855E-02
3.43440978E-01  8.24772072E+00  6.22456223E-02
3.43832810E-01  8.33209515E+00  6.27841353E-02
3.44224642E-01  8.33275127E+00  6.29501194E-02
3.44616475E-01  8.23378086E+00  6.23986162E-02
3.45008307E-01  8.40423393E+00  6.36739209E-02
3.45400139E-01  8.22307587E+00  6.21979423E-02
3.45791971E-01  8.20687103E+00  6.27870560E-02
3.46183804E-01  8.19228554E+00  6.25821352E-02
3.46575636E-01  8.21086407E+00  6.25345781E-02
3.46967468E-01  8.23524094E+00  6.31688461E-02
3.47359300E-01  8.32589722E+00  6.29270822E-02
3.47751133E-01  8.31504536E+00  6.36593774E-02
3.48142965E-01  8.15806770E+00  6.25125542E-02
3.48534797E-01  8.19877338E+00  6.28336892E-02
3.48926629E-01  8.27437496E+00  6.35045320E-02
3.49318462E-01  8.20448780E+00  6.29015043E-02
3.49710294E-01  8.21451569E+00  6.35221079E-02
3.50102126E-01  8.30382824E+00  6.34342209E-02
3.50493958E-01  8.30652046E+00  6.40499890E-02
3.50885791E-01  8.16157150E+00  6.31485730E-02
3.51277623E-01  8.23315907E+00  6.36111349E-02
3.51669455E-01  8.24101067E+00  6.37823194E-02
3.52061288E-01  8.24788570E+00  6.36376143E-02
3.52453120E-01  8.17291355E+00  6.42005876E-02
3.52844952E-01  8.20188999E+00  6.35538101E-02
3.53236784E-01  8.18284130E+00  6.39362559E-02
3.53628617E-01  8.24277496E+00  6.43142983E-02
3.54020449E-01  8.23501873E+00  6.39816970E-02
3.54412281E-01  8.23952198E+00  6.48058429E-02
3.54804113E-01  8.18073845E+00  6.37082011E-02
3.55195946E-01  8.25084400E+00  6.49169832E-02
3.55587778E-01  8.11090374E+00  6.38634041E-02
3.55979610E-01  8.19684601E+00  6.43786490E-02
3.56371442E-01  8.11744022E+00  6.46710470E-02
3.56763275E-01  8.20765114E+00  6.44218028E-02
3.57155107E-01  8.15549660E+00  6.50403276E-02
3.57546939E-01  8.18659687E+00  6.44534007E-02
3.57938771E-01  8.33666229E+00  6.55232742E-02
3.58330604E-01  8.31898117E+00  6.57920018E-02
3.58722436E-01  8.19587231E+00  6.46708980E-02
3.59114268E-01  8.13776398E+00  6.53093383E-02
3.59506101E-01  8.17223167E+00  6.48753271E-02
3.59897933E-01  8.12262440E+00  6.56267926E-02
3.60289765E-01  8.23331356E+00  6.54035211E-02
3.60681597E-01  8.16886806E+00  6.51138425E-02
3.61073430E-01  8.20473099E+00  6.59935847E-02
3.61465262E-01  8.09631157E+00  6.50941655E-02
3.61857094E-01  8.12703991E+00  6.59428611E-02
3.62248926E-01  8.18396187E+00  6.55830204E-02
3.62640759E-01  8.23508072E+00  6.60648271E-02
3.63032591E-01  8.23235989E+00  6.64938688E-02
3.63424423E-01  8.17060375E+00  6.56681284E-02
3.63816255E-01  8.16176796E+00  6.63865656E-02
3.64208088E-01  8.32715225E+00  6.64346442E-02
3.64599920E-01  8.16405392E+00  6.68287352E-02
3.64991752E-01  8.04700375E+00  6.57429621E-02
3.65383584E-01  8.16515350E+00  6.61889613E-02
3.65775417E-01  8.13673019E+00  6.66273981E-02
3.66167249E-01  8.28050900E+00  6.67804703E-02
3.66559081E-01  8.26299667E+00  6.78275302E-02
3.66950914E-01  8.19495678E+00  6.59427047E-02
3.67342746E-01  8.16686153E+00  6.68248534E-02
3.67734578E-01  8.17911434E+00  6.69116750E-02
3.68126410E-01  8.04019737E+00  6.62693679E-02
3.68518243E-01  7.96726751E+00  6.63662478E-02
3.68910075E-01  8.10266209E+00  6.62220046E-02
3.69301907E-01  8.15375519E+00  6.73060045E-02
3.69693739E-01  8.02793407E+00  6.63646981E-02
3.70085572E-01  8.11388111E+00  6.65743500E-02
3.70477404E-01  8.09345245E+00  6.70393109E-02
3.70869236E-01  8.03808212E+00  6.65532798E-02
3.71261068E-01  8.11879539E+00  6.77272156E-02
3.71652901E-01  8.09610081E+00  6.67755082E-02
3.72044733E-01  8.12686157E+00  6.70497492E-02
3.72436565E-01  8.15898895E+00  6.74988478E-02
3.72828397E-01  8.05846691E+00  6.67861924E-02
3.73220230E-01  8.18385601E+00  6.80383369E-02
3.73612062E-01  8.16427898E+00  6.70397878E-02
3.74003894E-01  7.97403431E+00  6.72369823E-02
3.74395726E-01  8.06692505E+00  6.73437342E-02
3.74787559E-01  8.02338314E+00  6.68638498E-02
3.75179391E-01  8.16298866E+00  6.79918677E-02
3.75571223E-01  8.13042736E+00  6.74776509E-02
3.75963056E-01  8.21723175E+00  6.87231496E-02
3.76354888E-01  8.08343029E+00  6.76609427E-02
3.76746720E-01  8.09676647E+00  6.74707070E-02
3.77138552E-01  7.93198395E+00  6.76564872E-02
3.77530385E-01  7.95362854E+00  6.70601577E-02
3.77922217E-01  8.02293682E+00  6.86574280E-02
3.78314049E-01  8.10635567E+00  6.79505020E-02
3.78705881E-01  8.17130280E+00  6.86712638E-02
3.79097714E-01  8.03452301E+00  6.83696344E-02
3.79489546E-01  8.02720928E+00  6.80834502E-02
3.79881378E-01  7.95133114E+00  6.82926625E-02
3.80273210E-01  8.05278206E+00  6.79589882E-02
3.80665043E-01  8.15956497E+00  6.94865286E-02
3.81056875E-01  7.93401814E+00  6.83992505E-02
3.81448707E-01  7.97864628E+00  6.81537390E-02
3.81840539E-01  7.96544266E+00  6.90431967E-02
3.82232372E-01  8.10890293E+00  6.85107186E-02
3.82624204E-01  8.05971622E+00  6.98052943E-02
3.83016036E-01  7.91664410E+00  6.85276091E-02
3.83407869E-01  7.94209385E+00  6.84968755E-02
3.83799701E-01  7.97156382E+00  6.95074126E-02
3.84191533E-01  7.83844328E+00  6.80293292E-02
3.84583365E-01  7.94421625E+00  6.96834251E-02
3.84975198E-01  8.05477905E+00  6.91658631E-02
3.85367030E-01  8.03794765E+00  7.00516328E-02
3.85758862E-01  8.08430481E+00  7.01050833E-02
3.86150694E-01  8.01635265E+00  6.97681159E-02
3.86542527E-01  7.92570591E+00  6.97954744E-02
3.86934359E-01  8.08973980E+00  6.98352158E-02
3.87326191E-01  7.99183130E+00  7.03668818E-02
3.87718023E-01  8.04587173E+00  7.02595711E-02
3.88109856E-01  8.06858826E+00  7.01881796E-02
3.88501688E-01  7.93306017E+00  7.01738521E-02
3.88893520E-01  8.03504658E+00  7.04286918E-02
3.89285352E-01  7.94846058E+00  7.07908496E-02
3.89677185E-01  8.03899002E+00  7.03390688E-02
3.90069017E-01  8.01937675E+00  7.09957406E-02
3.90460849E-01  7.93832636E+00  7.04606771E-02
3.90852681E-01  7.98291588E+00  7.06148595E-02
3.91244514E-01  7.89362049E+00  7.06592351E-02
3.91636346E-01  8.01761627E+00  7.06158131E-02
3.92028178E-01  8.00819874E+00  7.12607428E-02
3.92420011E-01  7.92964649E+00  7.07327873E-02
3.92811843E-01  7.99329185E+00  7.11280927E-02
3.93203675E-01  7.89002562E+00  7.07120970E-02
3.93595507E-01  7.84064341E+00  7.01822042E-02
3.93987340E-01  8.04777718E+00  7.41769969E-02
3.94379172E-01  7.87866879E+00  7.33192936E-02
3.94771004E-01  7.93799639E+00  7.50070140E-02
3.95162836E-01  8.05861092E+00  7.57086053E-02
3.95554669E-01  8.04577541E+00  7.65189305E-02
3.95946501E-01  7.98029995E+00  7.78575093E-02
3.96338333E-01  7.86403894E+00  7.56507367E-02
3.96730165E-01  8.07586861E+00  7.90120661E-02
3.97121998E-01  7.98804903E+00  7.79850930E-02
3.97513830E-01  7.90620184E+00  7.85414428E-02
3.97905662E-01  7.99550486E+00  7.93542266E-02
3.98297494E-01  8.00456333E+00  7.91523010E-02
3.98689327E-01  8.03424835E+00  8.14495757E-02
3.99081159E-01  8.14680099E+00  8.10276121E-02
3.99472991E-01  8.00619888E+00  8.07472020E-02
3.99864824E-01  7.75889206E+00  7.99121708E-02
4.00256656E-01  7.94730568E+00  8.15805867E-02
4.00648488E-01  7.85683250E+00  8.27493593E-02
4.01040320E-01  8.05965900E+00  8.17492008E-02
4.01432153E-01  7.97162962E+00  8.31370950E-02
4.01823985E-01  7.87020636E+00  8.24297443E-02
4.02215817E-01  8.00137520E+00  8.39464143E-02
4.02607649E-01  7.96417713E+00  8.38985443E-02
4.02999482E-01  8.14586067E+00  8.46280381E-02
4.03391314E-01  8.04259682E+00  8.60675424E-02
4.03783146E-01  7.88656712E+00  8.44219774E-02
4.04174978E-01  8.21213627E+00  8.69313404E-02
4.04566811E-01  7.95850849E+00  8.46554041E-02
4.04958643E-01  8.00367928E+00  8.64164978E-02
4.05350475E-01  8.08921242E+00  8.75289813E-02
4.05742307E-01  8.09591389E+00  8.65539014E-02
4.06134140E-01  7.87313414E+00  8.64344984E-02
4.06525972E-01  7.98598671E+00  8.65641907E-02
4.06917804E-01  8.05362988E+00  8.78357217E-02
4.07309637E-01  7.84032869E+00  8.72063264E-02
4.07701469E-01  7.97535896E+00  8.73674303E-02
4.08093301E-01  8.08181763E+00  8.97592008E-02
4.08485133E-01  7.91944695E+00  8.82009864E-02
4.08876966E-01  8.07120705E+00  9.01037902E-02
4.09268798E-01  8.05619907E+00  8.88737515E-02
4.09660630E-01  7.90843964E+00  8.95052925E-02
4.10052462E-01  8.10999680E+00  9.13777128E-02
4.10444295E-01  7.95019197E+00  9.06126127E-02
4.10836127E-01  8.15488815E+00  9.18194205E-02
4.11227959E-01  7.98470306E+00  9.06708911E-02
4.11619791E-01  8.11700916E+00  9.25139189E-02
4.12011624E-01  7.88564157E+00  9.16192085E-02
4.12403456E-01  8.05924606E+00  9.24276486E-02
4.12795288E-01  7.85454988E+00  9.20251459E-02
4.13187120E-01  8.05955696E+00  9.38745737E-02
4.13578953E-01  7.91702986E+00  9.28400457E-02
4.13970785E-01  8.08607864E+00  9.41324160E-02
4.14362617E-01  7.98244905E+00  9.39892530E-02
4.14754449E-01  8.01399231E+00  9.49082971E-02
4.15146282E-01  7.87607718E+00  9.46182013E-02
4.15538114E-01  7.96885109E+00  9.48538333E-02
4.15929946E-01  8.10476780E+00  9.59833264E-02
4.16321779E-01  8.13891697E+00  9.75157842E-02
4.16713611E-01  8.24014664E+00  9.76688266E-02
4.17105443E-01  8.16991425E+00  9.83898640E-02
4.17497275E-01  7.99007463E+00  9.63429064E-02
4.17889108E-01  8.02414894E+00  9.78554785E-02
4.18280940E-01  8.07109833E+00  9.92656648E-02
4.18672772E-01  8.16475010E+00  9.90631431E-02
4.19064604E-01  8.02890015E+00  9.84715074E-02
4.19456437E-01  8.05923653E+00  1.00170791E-01
4.19848269E-01  7.95872545E+00  9.88147035E-02
4.20240101E-01  8.03019333E+00  1.01122782E-01
4.20631933E-01  7.95734262E+00  9.89884660E-02
4.21023766E-01  7.81168938E+00  9.96758714E-02
4.21415598E-01  8.03260612E+00  1.02047123E-01
4.21807430E-01  7.87033224E+00  1.00752763E-01
4.22199262E-01  8.06388569E+00  1.01724662E-01
4.22591095E-01  8.03540325E+00  1.02330692E-01
4.22982927E-01  8.01156235E+00  1.02712341E-01
4.23374759E-01  7.97580004E+00  1.03503287E-01
4.23766592E-01  7.90820599E+00  1.01453982E-01
4.24158424E-01  8.09403324E+00  1.03992105E-01
4.24550256E-01  7.96190929E+00  1.03831366E-01
4.24942088E-01  8.24537468E+00  1.05381347E-01
4.25333921E-01  8.14851379E+00  1.04761258E-01
4.25725753E-01  7.99777365E+00  1.03788443E-01
4.26117585E-01  8.03081894E+00  1.05349958E-01
4.26509417E-01  7.98073721E+00  1.05310969E-01
4.26901250E-01  8.14537048E+00  1.05025083E-01
4.27293082E-01  7.98171520E+00  1.04814090E-01
4.27684914E-01  7.94647884E+00  1.05014451E-01
4.28076746E-01  8.02369881E+00  1.06407247E-01
4.28468579E-01  7.82040596E+00  1.04179516E-01
4.28860411E-01  8.03964901E+00  1.05996102E-01
4.29252243E-01  8.11110115E+00  1.08052015E-01
4.29644075E-01  7.98321056E+00  1.07121006E-01
4.30035908E-01  7.92584324E+00  1.05612211E-01
4.30427740E-01  7.90912247E+00  1.06472500E-01


### HEADER:
#
#{
#    "analysis": {},
#    "calibration_params": {
#        "Beam_Center_X": 730.0374262707371,
#        "Beam_Center_Y": 675.3320572331704,
#        "Detector Tilt": 0.026259007459965275,
#        "Detector Tilt Plane Rotation": 73.53223173202183,
#        "Detector_X_Pixel_Size": 172.0,
#        "Detector_Y_Pixel_Size": 172.0,
#        "Integration Method": "nosplit_csr",
#        "Radial_Average_Method": "pyFAI",
#        "Sample-to-detector distance (mm)": 2662.970378639845,
#        "Wavelength (A)": 1.03320164497
#    },
#    "config_file": "C:\\Users\\Administrator\\AppData\\Local\\RAW\\backup.cfg",
#    "counters": {},
#    "filename": "a501-25_0017_00003.tif",
#    "history": {},
#    "imageHeader": {
#        "Alpha": "0.0000 deg.",
#        "Angle_increment": "0.1000 deg.",
#        "Beam_xy": "(0.00, 0.00) pixels",
#        "Chi": "0.0000 deg.",
#        "Count_cutoff": "1157021 counts",
#        "Detector_2theta": "0.0000 deg.",
#        "Detector_Voffset": "0.00000 m",
#        "Detector_distance": "1.00000 m",
#        "Energy_range": "(0, 0) eV",
#        "Excluded_pixels": "badpix_mask.tif",
#        "Exposure_period": "1.1000000 s",
#        "Exposure_time": "1.0000000 s",
#        "Filter_transmission": "1.0000",
#        "Flat_field": "FF_p24-0163_E12000_T6000_vrf_m0p100.tif",
#        "Flux": "0.000000",
#        "Gain_setting": "autog (vrf = 1.000)",
#        "Image_path": "/user-data/2022/202209/20220910/hongliang/",
#        "Kappa": "0.0000 deg.",
#        "N_excluded_pixels": "61",
#        "N_oscillations": "1",
#        "Oscillation_axis": "X, CW",
#        "Phi": "0.0000 deg.",
#        "Pixel_size": "172e-6 m x 172e-6 m",
#        "Polarization": "0.990",
#        "Ratecorr_lut_directory": "ContinuousStandard_v1.1",
#        "Retrigger_mode": "1",
#        "Silicon": "sensor, thickness 0.000450",
#        "Start_angle": "0.2000 deg.",
#        "Tau": "0 s",
#        "Threshold_setting": "6000 eV",
#        "Trim_file": "p24-0163_E12000_T6000.bin",
#        "Wavelength (A)": "1.54000 A"
#    },
#    "load_path": "C:\\Users\\Administrator\\Desktop\\UserData\\2022\\202209\\20220910\\hongliang\\a501-25_0017_00003.tif",
#    "normalizations": {
#        "Polarization": {
#            "Used": false
#        },
#        "Solid_Angle_Correction": "On"
#    },
#    "raw_version": "2.1.1"
#}

