### DATA:
#
# 1093
#      Q             I(Q)           Error     
6.40205297E-03  5.77596387E+03  2.40044641E+00
6.79005618E-03  5.07946777E+03  1.95709324E+00
7.17805939E-03  4.40047266E+03  1.63927150E+00
7.56606260E-03  3.71489014E+03  1.41550136E+00
7.95406581E-03  3.10418018E+03  1.26447487E+00
8.34206902E-03  2.60846533E+03  1.13475704E+00
8.73007223E-03  2.22484326E+03  1.01716924E+00
9.11807544E-03  1.91627539E+03  9.06662762E-01
9.50607865E-03  1.66084375E+03  8.11810315E-01
9.89408186E-03  1.44720483E+03  7.32879102E-01
1.02820851E-02  1.26824780E+03  6.64665461E-01
1.06700883E-02  1.11711743E+03  6.06474459E-01
1.10580915E-02  9.90084839E+02  5.55963099E-01
1.14460947E-02  8.81943970E+02  5.11416197E-01
1.18340979E-02  7.89049744E+02  4.72775787E-01
1.22221011E-02  7.10786987E+02  4.38657850E-01
1.26101043E-02  6.40912476E+02  4.07669634E-01
1.29981075E-02  5.81548340E+02  3.80788922E-01
1.33861107E-02  5.30070923E+02  3.56308103E-01
1.37741140E-02  4.84938171E+02  3.34504902E-01
1.41621172E-02  4.45579010E+02  3.14921647E-01
1.45501204E-02  4.10570984E+02  2.97197938E-01
1.49381236E-02  3.79441132E+02  2.80924499E-01
1.53261268E-02  3.52944794E+02  2.66656190E-01
1.57141300E-02  3.28574493E+02  2.53329813E-01
1.61021332E-02  3.06836487E+02  2.41069511E-01
1.64901364E-02  2.87112823E+02  2.29810789E-01
1.68781396E-02  2.69716156E+02  2.19584778E-01
1.72661428E-02  2.53723801E+02  2.10091561E-01
1.76541461E-02  2.40052078E+02  2.01687604E-01
1.80421493E-02  2.27319046E+02  1.93568438E-01
1.84301525E-02  2.15838470E+02  1.86304420E-01
1.88181557E-02  2.05014191E+02  1.79270700E-01
1.92061589E-02  1.95762115E+02  1.73132375E-01
1.95941621E-02  1.87375443E+02  1.67437226E-01
1.99821653E-02  1.78761169E+02  1.61573932E-01
2.03701685E-02  1.71944489E+02  1.56765670E-01
2.07581717E-02  1.65641052E+02  1.52079895E-01
2.11461749E-02  1.59550430E+02  1.47670239E-01
2.15341782E-02  1.53976852E+02  1.43590197E-01
2.19221814E-02  1.49202179E+02  1.39919668E-01
2.23101846E-02  1.44208344E+02  1.36121869E-01
2.26981878E-02  1.39960876E+02  1.32761985E-01
2.30861910E-02  1.36163589E+02  1.29716799E-01
2.34741942E-02  1.32483704E+02  1.26736328E-01
2.38621974E-02  1.29094528E+02  1.23961404E-01
2.42502006E-02  1.25688560E+02  1.21190943E-01
2.46382038E-02  1.22773392E+02  1.18670069E-01
2.50262070E-02  1.20164345E+02  1.16417862E-01
2.54142103E-02  1.17504028E+02  1.14094839E-01
2.58022135E-02  1.15262550E+02  1.12039730E-01
2.61902167E-02  1.13270058E+02  1.10129677E-01
2.65782199E-02  1.11118454E+02  1.08144008E-01
2.69662231E-02  1.09067032E+02  1.06311992E-01
2.73542263E-02  1.07225914E+02  1.04531124E-01
2.77422295E-02  1.05607582E+02  1.02920033E-01
2.81302327E-02  1.04215897E+02  1.01463355E-01
2.85182359E-02  1.02814049E+02  1.00016698E-01
2.89062391E-02  1.01081459E+02  9.83958989E-02
2.92942424E-02  9.98592606E+01  9.70806181E-02
2.96822456E-02  9.88435516E+01  9.59245414E-02
3.00702488E-02  9.76952667E+01  9.46541280E-02
3.04582520E-02  9.66982803E+01  9.35143605E-02
3.08462552E-02  9.55413208E+01  9.23005790E-02
3.12342584E-02  9.47030487E+01  9.12369415E-02
3.16222616E-02  9.40805206E+01  9.17188227E-02
3.20102648E-02  9.31120682E+01  9.20839831E-02
3.23982680E-02  9.23368225E+01  9.20553058E-02
3.27862712E-02  9.16261978E+01  9.18773487E-02
3.31742745E-02  9.07928925E+01  9.14873108E-02
3.35622777E-02  9.00993576E+01  9.11689103E-02
3.39502809E-02  8.94386826E+01  9.07482505E-02
3.43382841E-02  8.88949203E+01  9.03809965E-02
3.47262873E-02  8.85253067E+01  9.01050866E-02
3.51142905E-02  8.77998428E+01  8.95589516E-02
3.55022937E-02  8.72409286E+01  8.91626701E-02
3.58902969E-02  8.67791595E+01  8.87391418E-02
3.62783001E-02  8.64257889E+01  8.84074718E-02
3.66663033E-02  8.58815994E+01  8.79205614E-02
3.70543066E-02  8.55000992E+01  8.75185132E-02
3.74423098E-02  8.51879730E+01  8.71511847E-02
3.78303130E-02  8.49393082E+01  8.68249387E-02
3.82183162E-02  8.44197540E+01  8.63702446E-02
3.86063194E-02  8.39990234E+01  8.45810696E-02
3.89943226E-02  8.36144180E+01  8.27071071E-02
3.93823258E-02  8.31812134E+01  8.14376622E-02
3.97703290E-02  8.28648224E+01  8.03839788E-02
4.01583322E-02  8.28548584E+01  7.96432942E-02
4.05463354E-02  8.25617218E+01  7.87824988E-02
4.09343387E-02  8.22185822E+01  7.79746324E-02
4.13223419E-02  8.19473724E+01  7.72326663E-02
4.17103451E-02  8.17104187E+01  7.65453875E-02
4.20983483E-02  8.14836884E+01  7.59232938E-02
4.24863515E-02  8.13438263E+01  7.53214434E-02
4.28743547E-02  8.11220551E+01  7.47192577E-02
4.32623579E-02  8.09244308E+01  7.41597936E-02
4.36503611E-02  8.07792664E+01  7.36263245E-02
4.40383643E-02  8.05380402E+01  7.30540305E-02
4.44263675E-02  8.04438782E+01  7.25701451E-02
4.48143708E-02  8.04600677E+01  7.23864883E-02
4.52023740E-02  8.03986969E+01  7.24631697E-02
4.55903772E-02  8.03834763E+01  7.25204721E-02
4.59783804E-02  8.03286209E+01  7.25266337E-02
4.63663836E-02  8.02814484E+01  7.24786371E-02
4.67543868E-02  8.00503235E+01  7.23446235E-02
4.71423900E-02  8.00199585E+01  7.23159835E-02
4.75303932E-02  7.99395370E+01  7.21765906E-02
4.79183964E-02  7.98038177E+01  7.20578432E-02
4.83063996E-02  7.98266068E+01  7.19699487E-02
4.86944029E-02  7.96511307E+01  7.17853233E-02
4.90824061E-02  7.95363617E+01  7.16561750E-02
4.94704093E-02  7.93466339E+01  7.14320168E-02
4.98584125E-02  7.93525696E+01  7.13486522E-02
5.02464157E-02  7.94112930E+01  7.12497160E-02
5.06344189E-02  7.92964020E+01  7.10901171E-02
5.10224221E-02  7.90483704E+01  7.07021505E-02
5.14104253E-02  7.87194366E+01  6.97859004E-02
5.17984285E-02  7.85578766E+01  6.89026862E-02
5.21864318E-02  7.82786636E+01  6.81166574E-02
5.25744350E-02  7.78886414E+01  6.74059466E-02
5.29624382E-02  7.78065948E+01  6.68368042E-02
5.33504414E-02  7.77911377E+01  6.63708597E-02
5.37384446E-02  7.77320862E+01  6.59592897E-02
5.41264478E-02  7.75565872E+01  6.54438734E-02
5.45144510E-02  7.75359726E+01  6.50429651E-02
5.49024542E-02  7.75060654E+01  6.46636263E-02
5.52904574E-02  7.72850418E+01  6.42219856E-02
5.56784606E-02  7.71547928E+01  6.38380200E-02
5.60664639E-02  7.71810684E+01  6.35307953E-02
5.64544671E-02  7.70871353E+01  6.31400272E-02
5.68424703E-02  7.69425430E+01  6.27667308E-02
5.72304735E-02  7.68904572E+01  6.24774620E-02
5.76184767E-02  7.68500824E+01  6.21565096E-02
5.80064799E-02  7.68560867E+01  6.18951619E-02
5.83944831E-02  7.66795502E+01  6.15079701E-02
5.87824863E-02  7.67382278E+01  6.12669177E-02
5.91704895E-02  7.67060394E+01  6.09900057E-02
5.95584927E-02  7.65393829E+01  6.06481135E-02
5.99464960E-02  7.64104996E+01  6.03479557E-02
6.03344992E-02  7.63549881E+01  6.00709133E-02
6.07225024E-02  7.63687897E+01  5.98409846E-02
6.11105056E-02  7.63217468E+01  5.95690534E-02
6.14985088E-02  7.62140732E+01  5.92686608E-02
6.18865120E-02  7.63092270E+01  5.91162667E-02
6.22745152E-02  7.60164948E+01  5.87383397E-02
6.26625184E-02  7.60790253E+01  5.85630834E-02
6.30505216E-02  7.60827789E+01  5.83311543E-02
6.34385248E-02  7.59143143E+01  5.80355152E-02
6.38265281E-02  7.58533478E+01  5.78053594E-02
6.42145313E-02  7.57751389E+01  5.75594120E-02
6.46025345E-02  7.56715088E+01  5.73161431E-02
6.49905377E-02  7.56254349E+01  5.70904985E-02
6.53785409E-02  7.56169205E+01  5.68763241E-02
6.57665441E-02  7.56446686E+01  5.66779189E-02
6.61545473E-02  7.53968735E+01  5.63828163E-02
6.65425505E-02  7.53545914E+01  5.62043600E-02
6.69305537E-02  7.51678619E+01  5.59143536E-02
6.73185569E-02  7.51564789E+01  5.57488576E-02
6.77065602E-02  7.50442963E+01  5.55016026E-02
6.80945634E-02  7.49835587E+01  5.52924760E-02
6.84825666E-02  7.48740845E+01  5.50590977E-02
6.88705698E-02  7.46960068E+01  5.47983348E-02
6.92585730E-02  7.46594467E+01  5.46245165E-02
6.96465762E-02  7.45313492E+01  5.43807149E-02
7.00345794E-02  7.44351578E+01  5.41879535E-02
7.04225826E-02  7.44738312E+01  5.40487096E-02
7.08105858E-02  7.42523117E+01  5.37709109E-02
7.11985890E-02  7.42213898E+01  5.35989590E-02
7.15865923E-02  7.41046906E+01  5.33692054E-02
7.19745955E-02  7.40737000E+01  5.32242656E-02
7.23625987E-02  7.39407501E+01  5.30160591E-02
7.27506019E-02  7.38059006E+01  5.27988076E-02
7.31386051E-02  7.38575592E+01  5.26731536E-02
7.35266083E-02  7.37354355E+01  5.24331816E-02
7.39146115E-02  7.36254654E+01  5.22454195E-02
7.43026147E-02  7.36206207E+01  5.21018431E-02
7.46906179E-02  7.35219879E+01  5.19123599E-02
7.50786211E-02  7.34180679E+01  5.17233685E-02
7.54666244E-02  7.34795837E+01  5.15908301E-02
7.58546276E-02  7.33531265E+01  5.13914600E-02
7.62426308E-02  7.32238693E+01  5.11984639E-02
7.66306340E-02  7.31507797E+01  5.10254987E-02
7.70186372E-02  7.30151215E+01  5.08475378E-02
7.74066404E-02  7.28662109E+01  5.06452210E-02
7.77946436E-02  7.28390961E+01  5.05053885E-02
7.81826468E-02  7.27084732E+01  5.03195301E-02
7.85706500E-02  7.25803528E+01  5.01314290E-02
7.89586532E-02  7.25225754E+01  4.99682799E-02
7.93466565E-02  7.25140457E+01  4.98250201E-02
7.97346597E-02  7.24699707E+01  4.96906079E-02
8.01226629E-02  7.23309326E+01  4.95112799E-02
8.05106661E-02  7.21257324E+01  4.93028127E-02
8.08986693E-02  7.20865326E+01  4.91572097E-02
8.12866725E-02  7.20937958E+01  4.90192026E-02
8.16746757E-02  7.20468521E+01  4.88820598E-02
8.20626789E-02  7.19577789E+01  4.87259887E-02
8.24506821E-02  7.18684540E+01  4.85850498E-02
8.28386853E-02  7.17901154E+01  4.84371558E-02
8.32266886E-02  7.17326660E+01  4.82782125E-02
8.36146918E-02  7.16936264E+01  4.81444150E-02
8.40026950E-02  7.16069031E+01  4.79895771E-02
8.43906982E-02  7.15232315E+01  4.78497073E-02
8.47787014E-02  7.13775864E+01  4.76677120E-02
8.51667046E-02  7.13706055E+01  4.75535542E-02
8.55547078E-02  7.12768784E+01  4.74092141E-02
8.59427110E-02  7.12100983E+01  4.72576693E-02
8.63307142E-02  7.12434235E+01  4.71597463E-02
8.67187174E-02  7.11806030E+01  4.70391624E-02
8.71067207E-02  7.10725403E+01  4.68960851E-02
8.74947239E-02  7.10275421E+01  4.67695333E-02
8.78827271E-02  7.09877777E+01  4.66336496E-02
8.82707303E-02  7.09380646E+01  4.65041101E-02
8.86587335E-02  7.08405533E+01  4.63665687E-02
8.90467367E-02  7.07691803E+01  4.62374464E-02
8.94347399E-02  7.08380356E+01  4.61554416E-02
8.98227431E-02  7.07478867E+01  4.60008904E-02
9.02107463E-02  7.06806412E+01  4.58678901E-02
9.05987495E-02  7.06540985E+01  4.57479768E-02
9.09867528E-02  7.07018280E+01  4.56636883E-02
9.13747560E-02  7.06400681E+01  4.55348715E-02
9.17627592E-02  7.05487518E+01  4.53971773E-02
9.21507624E-02  7.04930725E+01  4.52865586E-02
9.25387656E-02  7.04487762E+01  4.51702289E-02
9.29267688E-02  7.04569702E+01  4.50782925E-02
9.33147720E-02  7.04569244E+01  4.49756235E-02
9.37027752E-02  7.04664001E+01  4.48822454E-02
9.40907784E-02  7.03724670E+01  4.49994579E-02
9.44787816E-02  7.03019257E+01  4.53865901E-02
9.48667849E-02  7.02479248E+01  4.58123013E-02
9.52547881E-02  7.01734238E+01  4.64598835E-02
9.56427913E-02  7.01306992E+01  4.68886010E-02
9.60307945E-02  7.00604477E+01  4.72060740E-02
9.64187977E-02  6.99858170E+01  4.74677645E-02
9.68068009E-02  6.99751434E+01  4.77318764E-02
9.71948041E-02  6.99345322E+01  4.76400033E-02
9.75828073E-02  6.98764954E+01  4.72292304E-02
9.79708105E-02  6.97116089E+01  4.67503443E-02
9.83588137E-02  6.96920929E+01  4.60813306E-02
9.87468170E-02  6.96645737E+01  4.56679687E-02
9.91348202E-02  6.97453308E+01  4.54003364E-02
9.95228234E-02  6.97022705E+01  4.50997055E-02
9.99108266E-02  6.96397247E+01  4.48005423E-02
1.00298830E-01  6.96679535E+01  4.45277542E-02
1.00686833E-01  6.97188416E+01  4.42819260E-02
1.01074836E-01  6.96488037E+01  4.40187976E-02
1.01462839E-01  6.96030731E+01  4.37796451E-02
1.01850843E-01  6.96096191E+01  4.35784422E-02
1.02238846E-01  6.95524063E+01  4.34053503E-02
1.02626849E-01  6.96012115E+01  4.33245078E-02
1.03014852E-01  6.95434113E+01  4.32333201E-02
1.03402855E-01  6.95037918E+01  4.31883261E-02
1.03790859E-01  6.95233459E+01  4.31517735E-02
1.04178862E-01  6.94745865E+01  4.30864058E-02
1.04566865E-01  6.94705505E+01  4.30104584E-02
1.04954868E-01  6.94410553E+01  4.28586490E-02
1.05342872E-01  6.94183807E+01  4.26965915E-02
1.05730875E-01  6.94216766E+01  4.25254628E-02
1.06118878E-01  6.94539185E+01  4.23743762E-02
1.06506881E-01  6.94576645E+01  4.22203615E-02
1.06894884E-01  6.93133392E+01  4.20322269E-02
1.07282888E-01  6.92681503E+01  4.19204794E-02
1.07670891E-01  6.93531952E+01  4.18783985E-02
1.08058894E-01  6.93269577E+01  4.18283716E-02
1.08446897E-01  6.92947235E+01  4.17905599E-02
1.08834900E-01  6.92111435E+01  4.17435542E-02
1.09222904E-01  6.92797394E+01  4.17537875E-02
1.09610907E-01  6.91598358E+01  4.16792147E-02
1.09998910E-01  6.91173019E+01  4.16261442E-02
1.10386913E-01  6.91577377E+01  4.15749662E-02
1.10774916E-01  6.91150055E+01  4.14800830E-02
1.11162920E-01  6.91195755E+01  4.13933471E-02
1.11550923E-01  6.90857468E+01  4.12890427E-02
1.11938926E-01  6.90764694E+01  4.12064940E-02
1.12326929E-01  6.91009064E+01  4.11341712E-02
1.12714933E-01  6.90273285E+01  4.10285145E-02
1.13102936E-01  6.89842758E+01  4.09241430E-02
1.13490939E-01  6.90127258E+01  4.08571139E-02
1.13878942E-01  6.90159531E+01  4.10281867E-02
1.14266945E-01  6.90271378E+01  4.13784012E-02
1.14654949E-01  6.89926300E+01  4.15335968E-02
1.15042952E-01  6.89474030E+01  4.16372828E-02
1.15430955E-01  6.88795700E+01  4.17018570E-02
1.15818958E-01  6.88929749E+01  4.17787656E-02
1.16206961E-01  6.88622208E+01  4.18109111E-02
1.16594965E-01  6.89071579E+01  4.18768935E-02
1.16982968E-01  6.88316956E+01  4.18718383E-02
1.17370971E-01  6.89179077E+01  4.19291258E-02
1.17758974E-01  6.88567734E+01  4.19405289E-02
1.18146977E-01  6.88063278E+01  4.19600643E-02
1.18534981E-01  6.87820435E+01  4.19530123E-02
1.18922984E-01  6.88169479E+01  4.19577472E-02
1.19310987E-01  6.87811050E+01  4.19648215E-02
1.19698990E-01  6.87108765E+01  4.19493057E-02
1.20086994E-01  6.87445450E+01  4.19653393E-02
1.20474997E-01  6.87126999E+01  4.19565365E-02
1.20863000E-01  6.86916275E+01  4.16874439E-02
1.21251003E-01  6.86597748E+01  4.12095115E-02
1.21639006E-01  6.86469040E+01  4.09426577E-02
1.22027010E-01  6.85705109E+01  4.07187231E-02
1.22415013E-01  6.85957031E+01  4.05635908E-02
1.22803016E-01  6.85347290E+01  4.03838232E-02
1.23191019E-01  6.84685135E+01  4.02241983E-02
1.23579022E-01  6.85637436E+01  4.01339233E-02
1.23967026E-01  6.85106888E+01  3.99967358E-02
1.24355029E-01  6.84738312E+01  3.98699902E-02
1.24743032E-01  6.84973602E+01  3.97694483E-02
1.25131035E-01  6.84504471E+01  3.96533161E-02
1.25519038E-01  6.83168793E+01  3.95047665E-02
1.25907042E-01  6.83169327E+01  3.94131616E-02
1.26295045E-01  6.83398285E+01  3.93376276E-02
1.26683048E-01  6.83876038E+01  3.94628458E-02
1.27071051E-01  6.84520111E+01  3.96519750E-02
1.27459054E-01  6.85368118E+01  3.97950634E-02
1.27847058E-01  6.84346313E+01  3.98375243E-02
1.28235061E-01  6.84183197E+01  3.98889296E-02
1.28623064E-01  6.85527802E+01  3.99891660E-02
1.29011067E-01  6.84477692E+01  3.99739668E-02
1.29399071E-01  6.84773941E+01  4.00182642E-02
1.29787074E-01  6.84457092E+01  4.00300287E-02
1.30175077E-01  6.84764252E+01  4.00501266E-02
1.30563080E-01  6.85437927E+01  4.00805473E-02
1.30951083E-01  6.85112839E+01  4.00785208E-02
1.31339087E-01  6.84634247E+01  4.00873087E-02
1.31727090E-01  6.84702377E+01  4.00949940E-02
1.32115093E-01  6.84440155E+01  4.00724337E-02
1.32503096E-01  6.84176178E+01  4.00678925E-02
1.32891099E-01  6.82948227E+01  4.00167629E-02
1.33279103E-01  6.83963165E+01  4.00350355E-02
1.33667106E-01  6.83852081E+01  3.98140810E-02
1.34055109E-01  6.82296753E+01  3.94727699E-02
1.34443112E-01  6.82179489E+01  3.92703302E-02
1.34831115E-01  6.80702820E+01  3.90556045E-02
1.35219119E-01  6.80906525E+01  3.89385894E-02
1.35607122E-01  6.80891113E+01  3.87975499E-02
1.35995125E-01  6.80377655E+01  3.86317708E-02
1.36383128E-01  6.79844513E+01  3.85009646E-02
1.36771132E-01  6.78903122E+01  3.83624174E-02
1.37159135E-01  6.78627243E+01  3.82499173E-02
1.37547138E-01  6.79170456E+01  3.81715558E-02
1.37935141E-01  6.78458862E+01  3.80492099E-02
1.38323144E-01  6.77451630E+01  3.79212759E-02
1.38711148E-01  6.78222656E+01  3.78571376E-02
1.39099151E-01  6.77718964E+01  3.77509072E-02
1.39487154E-01  6.77170715E+01  3.76513191E-02
1.39875157E-01  6.75792389E+01  3.75200249E-02
1.40263160E-01  6.76012802E+01  3.74446884E-02
1.40651164E-01  6.76217499E+01  3.73717360E-02
1.41039167E-01  6.75416107E+01  3.72621045E-02
1.41427170E-01  6.76489868E+01  3.72176841E-02
1.41815173E-01  6.76095047E+01  3.71350124E-02
1.42203176E-01  6.75391998E+01  3.70389558E-02
1.42591180E-01  6.75545807E+01  3.69754955E-02
1.42979183E-01  6.75264053E+01  3.69049013E-02
1.43367186E-01  6.74437103E+01  3.68255973E-02
1.43755189E-01  6.73918076E+01  3.67590040E-02
1.44143193E-01  6.74523544E+01  3.67044583E-02
1.44531196E-01  6.74363785E+01  3.66149470E-02
1.44919199E-01  6.73407745E+01  3.65179107E-02
1.45307202E-01  6.72880402E+01  3.64389047E-02
1.45695205E-01  6.72659607E+01  3.63703668E-02
1.46083209E-01  6.72299347E+01  3.62912193E-02
1.46471212E-01  6.72377090E+01  3.62341665E-02
1.46859215E-01  6.71557922E+01  3.61489169E-02
1.47247218E-01  6.71716461E+01  3.60905565E-02
1.47635221E-01  6.72063751E+01  3.60331684E-02
1.48023225E-01  6.71726685E+01  3.59454378E-02
1.48411228E-01  6.71044464E+01  3.58372107E-02
1.48799231E-01  6.71557770E+01  3.57651860E-02
1.49187234E-01  6.71059418E+01  3.56513523E-02
1.49575237E-01  6.70935898E+01  3.55620347E-02
1.49963241E-01  6.70606232E+01  3.54704484E-02
1.50351244E-01  6.70297775E+01  3.53903696E-02
1.50739247E-01  6.70789337E+01  3.53528112E-02
1.51127250E-01  6.69904022E+01  3.52694578E-02
1.51515254E-01  6.70350266E+01  3.52342576E-02
1.51903257E-01  6.69580765E+01  3.51446494E-02
1.52291260E-01  6.69901047E+01  3.51027995E-02
1.52679263E-01  6.69775925E+01  3.50466296E-02
1.53067266E-01  6.68789902E+01  3.49663869E-02
1.53455270E-01  6.68297577E+01  3.49143110E-02
1.53843273E-01  6.68207321E+01  3.48822400E-02
1.54231276E-01  6.68432159E+01  3.48737277E-02
1.54619279E-01  6.67255707E+01  3.48112173E-02
1.55007282E-01  6.67397537E+01  3.47954109E-02
1.55395286E-01  6.67221527E+01  3.47562619E-02
1.55783289E-01  6.67160187E+01  3.47125642E-02
1.56171292E-01  6.66562424E+01  3.46440114E-02
1.56559295E-01  6.66529388E+01  3.45867202E-02
1.56947298E-01  6.67017746E+01  3.45528200E-02
1.57335302E-01  6.66473923E+01  3.44855823E-02
1.57723305E-01  6.66541748E+01  3.44376937E-02
1.58111308E-01  6.65793991E+01  3.43486182E-02
1.58499311E-01  6.65989990E+01  3.42728049E-02
1.58887315E-01  6.65514374E+01  3.41779292E-02
1.59275318E-01  6.65743561E+01  3.41147445E-02
1.59663321E-01  6.65453491E+01  3.40267420E-02
1.60051324E-01  6.65078888E+01  3.39590199E-02
1.60439327E-01  6.64990234E+01  3.39087769E-02
1.60827331E-01  6.64758453E+01  3.38580832E-02
1.61215334E-01  6.64051971E+01  3.37932818E-02
1.61603337E-01  6.63976288E+01  3.37453969E-02
1.61991340E-01  6.63492203E+01  3.36883329E-02
1.62379343E-01  6.63761673E+01  3.36557440E-02
1.62767347E-01  6.63752899E+01  3.36171761E-02
1.63155350E-01  6.63216553E+01  3.35431919E-02
1.63543353E-01  6.63652267E+01  3.35189402E-02
1.63931356E-01  6.63083649E+01  3.34847942E-02
1.64319359E-01  6.62776337E+01  3.34536210E-02
1.64707363E-01  6.61994781E+01  3.34105194E-02
1.65095366E-01  6.62182693E+01  3.33966464E-02
1.65483369E-01  6.62123871E+01  3.33671942E-02
1.65871372E-01  6.61724472E+01  3.33170742E-02
1.66259376E-01  6.61077881E+01  3.32435183E-02
1.66647379E-01  6.61342316E+01  3.32116634E-02
1.67035382E-01  6.61165085E+01  3.31607498E-02
1.67423385E-01  6.60405426E+01  3.30956131E-02
1.67811388E-01  6.60176239E+01  3.30499075E-02
1.68199392E-01  6.59856873E+01  3.29869017E-02
1.68587395E-01  6.60794220E+01  3.29752751E-02
1.68975398E-01  6.60326004E+01  3.29170115E-02
1.69363401E-01  6.59925995E+01  3.28682512E-02
1.69751404E-01  6.59576569E+01  3.28117907E-02
1.70139408E-01  6.59542389E+01  3.27705666E-02
1.70527411E-01  6.58994217E+01  3.27175893E-02
1.70915414E-01  6.58670807E+01  3.26683037E-02
1.71303417E-01  6.59085083E+01  3.26398946E-02
1.71691420E-01  6.58682251E+01  3.25811282E-02
1.72079424E-01  6.58353271E+01  3.25363800E-02
1.72467427E-01  6.58170700E+01  3.25022414E-02
1.72855430E-01  6.57859039E+01  3.24483588E-02
1.73243433E-01  6.58025742E+01  3.24170962E-02
1.73631436E-01  6.56922302E+01  3.23440209E-02
1.74019440E-01  6.57360458E+01  3.23172994E-02
1.74407443E-01  6.57176132E+01  3.22688371E-02
1.74795446E-01  6.56309128E+01  3.22058871E-02
1.75183449E-01  6.56550751E+01  3.21767330E-02
1.75571453E-01  6.56260834E+01  3.21245193E-02
1.75959456E-01  6.56277466E+01  3.20902839E-02
1.76347459E-01  6.55864105E+01  3.20350304E-02
1.76735462E-01  6.55505829E+01  3.19899283E-02
1.77123465E-01  6.55794830E+01  3.19707468E-02
1.77511469E-01  6.55769196E+01  3.19256522E-02
1.77899472E-01  6.55188751E+01  3.18584554E-02
1.78287475E-01  6.54443130E+01  3.17970738E-02
1.78675478E-01  6.55304489E+01  3.17853950E-02
1.79063481E-01  6.55107880E+01  3.17372493E-02
1.79451485E-01  6.54644012E+01  3.16885486E-02
1.79839488E-01  6.54666214E+01  3.16452682E-02
1.80227491E-01  6.54230270E+01  3.15948427E-02
1.80615494E-01  6.53853607E+01  3.15491781E-02
1.81003497E-01  6.53437881E+01  3.14989164E-02
1.81391501E-01  6.53163681E+01  3.14514861E-02
1.81779504E-01  6.52729416E+01  3.13978530E-02
1.82167507E-01  6.52819366E+01  3.13715227E-02
1.82555510E-01  6.52939606E+01  3.13340500E-02
1.82943514E-01  6.52137604E+01  3.12783234E-02
1.83331517E-01  6.51927643E+01  3.12432442E-02
1.83719520E-01  6.51948166E+01  3.12021486E-02
1.84107523E-01  6.51978989E+01  3.11676823E-02
1.84495526E-01  6.51951675E+01  3.11223529E-02
1.84883530E-01  6.51559448E+01  3.10813580E-02
1.85271533E-01  6.51271515E+01  3.10378782E-02
1.85659536E-01  6.50944824E+01  3.09867375E-02
1.86047539E-01  6.51128387E+01  3.09632234E-02
1.86435542E-01  6.50290451E+01  3.09020467E-02
1.86823546E-01  6.50294495E+01  3.08765974E-02
1.87211549E-01  6.50054016E+01  3.08362246E-02
1.87599552E-01  6.49870224E+01  3.07960622E-02
1.87987555E-01  6.49782410E+01  3.07614859E-02
1.88375558E-01  6.49952850E+01  3.07316389E-02
1.88763562E-01  6.49459229E+01  3.06867417E-02
1.89151565E-01  6.48701019E+01  3.06325555E-02
1.89539568E-01  6.48830948E+01  3.06062903E-02
1.89927571E-01  6.48548050E+01  3.05634644E-02
1.90315575E-01  6.48197556E+01  3.05178873E-02
1.90703578E-01  6.48547516E+01  3.05003859E-02
1.91091581E-01  6.47834778E+01  3.04421224E-02
1.91479584E-01  6.47672043E+01  3.04053780E-02
1.91867587E-01  6.47901764E+01  3.03799547E-02
1.92255591E-01  6.47912750E+01  3.03445105E-02
1.92643594E-01  6.47433319E+01  3.02999280E-02
1.93031597E-01  6.47275696E+01  3.02635580E-02
1.93419600E-01  6.47100677E+01  3.02190930E-02
1.93807603E-01  6.46824722E+01  3.01786661E-02
1.94195607E-01  6.46646729E+01  3.01436931E-02
1.94583610E-01  6.46269455E+01  3.01021077E-02
1.94971613E-01  6.45778351E+01  3.00489757E-02
1.95359616E-01  6.45907440E+01  3.00212801E-02
1.95747619E-01  6.45697861E+01  2.99866945E-02
1.96135623E-01  6.45119629E+01  3.00075170E-02
1.96523626E-01  6.45347595E+01  3.02053746E-02
1.96911629E-01  6.45525131E+01  3.03338505E-02
1.97299632E-01  6.45234222E+01  3.04042548E-02
1.97687636E-01  6.45527802E+01  3.04695927E-02
1.98075639E-01  6.45244751E+01  3.05129644E-02
1.98463642E-01  6.44118729E+01  3.05247605E-02
1.98851645E-01  6.44089813E+01  3.05651035E-02
1.99239648E-01  6.44268188E+01  3.06004882E-02
1.99627652E-01  6.45047913E+01  3.06506343E-02
2.00015655E-01  6.43740005E+01  3.06349099E-02
2.00403658E-01  6.43952026E+01  3.06692477E-02
2.00791661E-01  6.44445648E+01  3.07058506E-02
2.01179664E-01  6.43869171E+01  3.07037793E-02
2.01567668E-01  6.43732224E+01  3.07198260E-02
2.01955671E-01  6.43307953E+01  3.07252519E-02
2.02343674E-01  6.43181915E+01  3.07443850E-02
2.02731677E-01  6.42581787E+01  3.07343900E-02
2.03119680E-01  6.42425461E+01  3.06529943E-02
2.03507684E-01  6.42942200E+01  3.04485615E-02
2.03895687E-01  6.42476578E+01  3.02915629E-02
2.04283690E-01  6.41768646E+01  3.01563833E-02
2.04671693E-01  6.41845474E+01  3.00599579E-02
2.05059697E-01  6.41365204E+01  2.99766567E-02
2.05447700E-01  6.41045685E+01  2.99092047E-02
2.05835703E-01  6.41076126E+01  2.98393928E-02
2.06223706E-01  6.40729828E+01  2.97637191E-02
2.06611709E-01  6.40243683E+01  2.96930410E-02
2.06999713E-01  6.39880371E+01  2.96320673E-02
2.07387716E-01  6.39839401E+01  2.95822974E-02
2.07775719E-01  6.39620285E+01  2.95264069E-02
2.08163722E-01  6.39511604E+01  2.94759870E-02
2.08551725E-01  6.39022827E+01  2.94156875E-02
2.08939729E-01  6.39370537E+01  2.94880066E-02
2.09327732E-01  6.39256668E+01  2.96093263E-02
2.09715735E-01  6.39046860E+01  2.96817776E-02
2.10103738E-01  6.39159622E+01  2.97418050E-02
2.10491741E-01  6.39300156E+01  2.97952034E-02
2.10879745E-01  6.39109993E+01  2.98242085E-02
2.11267748E-01  6.39369087E+01  2.98587475E-02
2.11655751E-01  6.39207954E+01  2.98801661E-02
2.12043754E-01  6.39000778E+01  2.98962351E-02
2.12431757E-01  6.38421249E+01  2.98990253E-02
2.12819761E-01  6.38697433E+01  2.99241133E-02
2.13207764E-01  6.38907967E+01  2.99381204E-02
2.13595767E-01  6.38850288E+01  2.99486555E-02
2.13983770E-01  6.38244209E+01  2.99462769E-02
2.14371774E-01  6.38342361E+01  2.99613867E-02
2.14759777E-01  6.38041611E+01  2.99573690E-02
2.15147780E-01  6.37537231E+01  2.99478024E-02
2.15535783E-01  6.37641907E+01  2.99579743E-02
2.15923786E-01  6.37765999E+01  2.98631284E-02
2.16311790E-01  6.36471138E+01  2.96505839E-02
2.16699793E-01  6.35825577E+01  2.95060482E-02
2.17087796E-01  6.36131783E+01  2.94193570E-02
2.17475799E-01  6.36143074E+01  2.93370634E-02
2.17863802E-01  6.35858040E+01  2.92445831E-02
2.18251806E-01  6.35566216E+01  2.91468706E-02
2.18639809E-01  6.34472237E+01  2.90398486E-02
2.19027812E-01  6.34139633E+01  2.89542228E-02
2.19415815E-01  6.34734421E+01  2.88983230E-02
2.19803818E-01  6.34507942E+01  2.88396589E-02
2.20191822E-01  6.33902702E+01  2.87768189E-02
2.20579825E-01  6.33619385E+01  2.87296530E-02
2.20967828E-01  6.33499565E+01  2.86793765E-02
2.21355831E-01  6.32897224E+01  2.86110435E-02
2.21743835E-01  6.32902946E+01  2.85704471E-02
2.22131838E-01  6.32453690E+01  2.85161436E-02
2.22519841E-01  6.32313347E+01  2.84711607E-02
2.22907844E-01  6.32351151E+01  2.84315404E-02
2.23295847E-01  6.31830139E+01  2.83762813E-02
2.23683851E-01  6.31476974E+01  2.83286478E-02
2.24071854E-01  6.31016655E+01  2.82875691E-02
2.24459857E-01  6.31247330E+01  2.82778386E-02
2.24847860E-01  6.30568314E+01  2.82414462E-02
2.25235863E-01  6.31028366E+01  2.82377061E-02
2.25623867E-01  6.30061340E+01  2.81827990E-02
2.26011870E-01  6.29951973E+01  2.81463973E-02
2.26399873E-01  6.30309258E+01  2.81189270E-02
2.26787876E-01  6.30016899E+01  2.80786119E-02
2.27175879E-01  6.29624939E+01  2.80333459E-02
2.27563883E-01  6.29729195E+01  2.80027930E-02
2.27951886E-01  6.29148140E+01  2.79529504E-02
2.28339889E-01  6.29206047E+01  2.79264413E-02
2.28727892E-01  6.28424377E+01  2.78729387E-02
2.29115896E-01  6.28301926E+01  2.78316792E-02
2.29503899E-01  6.28780746E+01  2.77977921E-02
2.29891902E-01  6.28674088E+01  2.77411789E-02
2.30279905E-01  6.28086662E+01  2.76769884E-02
2.30667908E-01  6.27354660E+01  2.76183747E-02
2.31055912E-01  6.27724113E+01  2.76007466E-02
2.31443915E-01  6.26987686E+01  2.75523812E-02
2.31831918E-01  6.27189560E+01  2.75291409E-02
2.32219921E-01  6.26801872E+01  2.74834931E-02
2.32607924E-01  6.26464157E+01  2.74426788E-02
2.32995928E-01  6.26403618E+01  2.74092555E-02
2.33383931E-01  6.26582565E+01  2.73858402E-02
2.33771934E-01  6.26194878E+01  2.73483749E-02
2.34159937E-01  6.25540276E+01  2.73025539E-02
2.34547940E-01  6.25544968E+01  2.72802114E-02
2.34935944E-01  6.25588684E+01  2.72578839E-02
2.35323947E-01  6.25005074E+01  2.72110049E-02
2.35711950E-01  6.24571152E+01  2.71786805E-02
2.36099953E-01  6.24950485E+01  2.71786712E-02
2.36487957E-01  6.24729996E+01  2.71669030E-02
2.36875960E-01  6.24084549E+01  2.71349438E-02
2.37263963E-01  6.24338150E+01  2.71261279E-02
2.37651966E-01  6.23911247E+01  2.70905942E-02
2.38039969E-01  6.23803101E+01  2.70547159E-02
2.38427973E-01  6.23895645E+01  2.70310938E-02
2.38815976E-01  6.23541946E+01  2.69972775E-02
2.39203979E-01  6.22596970E+01  2.69425418E-02
2.39591982E-01  6.23325615E+01  2.69392729E-02
2.39979985E-01  6.23217697E+01  2.69118305E-02
2.40367989E-01  6.23146477E+01  2.68811323E-02
2.40755992E-01  6.22833786E+01  2.68422179E-02
2.41143995E-01  6.22586784E+01  2.68122442E-02
2.41531998E-01  6.22066574E+01  2.67728623E-02
2.41920001E-01  6.22099190E+01  2.67508961E-02
2.42308005E-01  6.21560974E+01  2.67111696E-02
2.42696008E-01  6.21537094E+01  2.66850088E-02
2.43084011E-01  6.21078491E+01  2.66481880E-02
2.43472014E-01  6.20545540E+01  2.66118795E-02
2.43860018E-01  6.20183220E+01  2.65816711E-02
2.44248021E-01  6.20217171E+01  2.65544355E-02
2.44636024E-01  6.20492554E+01  2.65343189E-02
2.45024027E-01  6.20497322E+01  2.65143812E-02
2.45412030E-01  6.19834061E+01  2.64774375E-02
2.45800034E-01  6.19254150E+01  2.64442209E-02
2.46188037E-01  6.19137077E+01  2.64118277E-02
2.46576040E-01  6.19414749E+01  2.63872445E-02
2.46964043E-01  6.19133186E+01  2.63569262E-02
2.47352046E-01  6.18672867E+01  2.63195094E-02
2.47740050E-01  6.18899345E+01  2.63026860E-02
2.48128053E-01  6.18285141E+01  2.62589715E-02
2.48516056E-01  6.18259163E+01  2.62413137E-02
2.48904059E-01  6.18225784E+01  2.62184236E-02
2.49292062E-01  6.17652359E+01  2.61709206E-02
2.49680066E-01  6.17549057E+01  2.61452161E-02
2.50068069E-01  6.17478409E+01  2.61206478E-02
2.50456072E-01  6.17037659E+01  2.60876622E-02
2.50844075E-01  6.17013664E+01  2.60617528E-02
2.51232079E-01  6.16816940E+01  2.60310657E-02
2.51620082E-01  6.16841125E+01  2.60092057E-02
2.52008085E-01  6.16681595E+01  2.59788539E-02
2.52396088E-01  6.16412239E+01  2.59504654E-02
2.52784091E-01  6.16102371E+01  2.59180609E-02
2.53172095E-01  6.15901260E+01  2.58921981E-02
2.53560098E-01  6.15753899E+01  2.58681830E-02
2.53948101E-01  6.15954971E+01  2.58465502E-02
2.54336104E-01  6.15005074E+01  2.57972274E-02
2.54724107E-01  6.15199280E+01  2.57910378E-02
2.55112111E-01  6.14973450E+01  2.57730298E-02
2.55500114E-01  6.14446831E+01  2.57261898E-02
2.55888117E-01  6.14061775E+01  2.56838910E-02
2.56276120E-01  6.14697342E+01  2.56794803E-02
2.56664123E-01  6.14318161E+01  2.56441832E-02
2.57052127E-01  6.13972969E+01  2.56171916E-02
2.57440130E-01  6.13740349E+01  2.55911201E-02
2.57828133E-01  6.13714523E+01  2.55716331E-02
2.58216136E-01  6.13300705E+01  2.55412422E-02
2.58604139E-01  6.13197021E+01  2.55164411E-02
2.58992143E-01  6.13365898E+01  2.54967008E-02
2.59380146E-01  6.13136978E+01  2.54685543E-02
2.59768149E-01  6.12280998E+01  2.54304316E-02
2.60156152E-01  6.11774101E+01  2.53988393E-02
2.60544156E-01  6.11946526E+01  2.53783204E-02
2.60932159E-01  6.12255020E+01  2.53632125E-02
2.61320162E-01  6.12230911E+01  2.53403280E-02
2.61708165E-01  6.11885185E+01  2.53165960E-02
2.62096168E-01  6.11450806E+01  2.52896212E-02
2.62484172E-01  6.11005478E+01  2.52566244E-02
2.62872175E-01  6.10892639E+01  2.52293386E-02
2.63260178E-01  6.10923996E+01  2.52076127E-02
2.63648181E-01  6.11185379E+01  2.51946859E-02
2.64036184E-01  6.10817375E+01  2.51626372E-02
2.64424188E-01  6.10204468E+01  2.51328461E-02
2.64812191E-01  6.10015755E+01  2.51133237E-02
2.65200194E-01  6.09888687E+01  2.50844248E-02
2.65588197E-01  6.09760818E+01  2.50592418E-02
2.65976200E-01  6.09583321E+01  2.50319205E-02
2.66364204E-01  6.09181519E+01  2.50036679E-02
2.66752207E-01  6.08514099E+01  2.49704160E-02
2.67140210E-01  6.08528252E+01  2.49515660E-02
2.67528213E-01  6.08746948E+01  2.49355510E-02
2.67916217E-01  6.08621712E+01  2.49112193E-02
2.68304220E-01  6.08294601E+01  2.48868894E-02
2.68692223E-01  6.08425980E+01  2.48695817E-02
2.69080226E-01  6.07888603E+01  2.48355195E-02
2.69468229E-01  6.07771606E+01  2.48119365E-02
2.69856233E-01  6.08033829E+01  2.47993283E-02
2.70244236E-01  6.07426834E+01  2.47666743E-02
2.70632239E-01  6.07226944E+01  2.47367341E-02
2.71020242E-01  6.07063522E+01  2.47151963E-02
2.71408245E-01  6.06805801E+01  2.46947594E-02
2.71796249E-01  6.06461411E+01  2.46677361E-02
2.72184252E-01  6.06130867E+01  2.46412270E-02
2.72572255E-01  6.06012650E+01  2.46166326E-02
2.72960258E-01  6.05733032E+01  2.45910063E-02
2.73348261E-01  6.05777893E+01  2.45718118E-02
2.73736265E-01  6.05770264E+01  2.45547406E-02
2.74124268E-01  6.05035706E+01  2.45187245E-02
2.74512271E-01  6.04779968E+01  2.44960804E-02
2.74900274E-01  6.04471321E+01  2.44735908E-02
2.75288278E-01  6.04827499E+01  2.44613886E-02
2.75676281E-01  6.04685745E+01  2.44356524E-02
2.76064284E-01  6.04582901E+01  2.44173147E-02
2.76452287E-01  6.04586906E+01  2.44012810E-02
2.76840290E-01  6.03861465E+01  2.43601911E-02
2.77228294E-01  6.03688431E+01  2.43361238E-02
2.77616297E-01  6.03595352E+01  2.43187789E-02
2.78004300E-01  6.03379326E+01  2.42936034E-02
2.78392303E-01  6.03536758E+01  2.43273340E-02
2.78780306E-01  6.03381882E+01  2.44554766E-02
2.79168310E-01  6.02926445E+01  2.45313887E-02
2.79556313E-01  6.02696457E+01  2.45897211E-02
2.79944316E-01  6.02901382E+01  2.46325471E-02
2.80332319E-01  6.02768440E+01  2.46618129E-02
2.80720322E-01  6.02441635E+01  2.46894117E-02
2.81108326E-01  6.02206230E+01  2.47184001E-02
2.81496329E-01  6.02050972E+01  2.47376040E-02
2.81884332E-01  6.02415466E+01  2.47620866E-02
2.82272335E-01  6.02275391E+01  2.47740429E-02
2.82660339E-01  6.01385307E+01  2.47689746E-02
2.83048342E-01  6.01391182E+01  2.47927308E-02
2.83436345E-01  6.01404114E+01  2.48094294E-02
2.83824348E-01  6.00672112E+01  2.48077512E-02
2.84212351E-01  6.00996628E+01  2.48286743E-02
2.84600355E-01  6.00516777E+01  2.48221457E-02
2.84988358E-01  6.00659561E+01  2.48377360E-02
2.85376361E-01  6.00614815E+01  2.47957222E-02
2.85764364E-01  5.99542236E+01  2.46201549E-02
2.86152367E-01  5.99282150E+01  2.46436838E-02
2.86540371E-01  5.98488998E+01  2.46978663E-02
2.86928374E-01  5.97800102E+01  2.47189496E-02
2.87316377E-01  5.98000412E+01  2.48777103E-02
2.87704380E-01  5.98050537E+01  2.50201561E-02
2.88092383E-01  5.98214417E+01  2.51010861E-02
2.88480387E-01  5.98110123E+01  2.51548924E-02
2.88868390E-01  5.98218689E+01  2.52155028E-02
2.89256393E-01  5.97930183E+01  2.52445582E-02
2.89644396E-01  5.97253723E+01  2.52557546E-02
2.90032400E-01  5.97025337E+01  2.52796654E-02
2.90420403E-01  5.97220345E+01  2.53120512E-02
2.90808406E-01  5.97416000E+01  2.53428128E-02
2.91196409E-01  5.97224655E+01  2.54479982E-02
2.91584412E-01  5.96671028E+01  2.56133284E-02
2.91972416E-01  5.97256889E+01  2.57732533E-02
2.92360419E-01  5.97390556E+01  2.59013120E-02
2.92748422E-01  5.96807861E+01  2.60048267E-02
2.93136425E-01  5.96852646E+01  2.61096712E-02
2.93524428E-01  5.96840515E+01  2.62105223E-02
2.93912432E-01  5.96464348E+01  2.62914002E-02
2.94300435E-01  5.96073837E+01  2.63563655E-02
2.94688438E-01  5.96319199E+01  2.64291819E-02
2.95076441E-01  5.96435776E+01  2.64905989E-02
2.95464444E-01  5.95974846E+01  2.65586674E-02
2.95852448E-01  5.95524521E+01  2.66279392E-02
2.96240451E-01  5.95893631E+01  2.67128386E-02
2.96628454E-01  5.96221123E+01  2.67996434E-02
2.97016457E-01  5.95812378E+01  2.68574115E-02
2.97404460E-01  5.95743713E+01  2.69321203E-02
2.97792464E-01  5.95781937E+01  2.70072669E-02
2.98180467E-01  5.95044861E+01  2.70568430E-02
2.98568470E-01  5.95021782E+01  2.71248221E-02
2.98956473E-01  5.95011368E+01  2.71904282E-02
2.99344477E-01  5.94901924E+01  2.72649042E-02
2.99732480E-01  5.94918022E+01  2.73215286E-02
3.00120483E-01  5.94516487E+01  2.73696743E-02
3.00508486E-01  5.94725723E+01  2.74430476E-02
3.00896489E-01  5.94318123E+01  2.75154207E-02
3.01284493E-01  5.93566513E+01  2.75917910E-02
3.01672496E-01  5.93882675E+01  2.76782215E-02
3.02060499E-01  5.93727913E+01  2.77512521E-02
3.02448502E-01  5.93233032E+01  2.77960841E-02
3.02836505E-01  5.93261223E+01  2.78577413E-02
3.03224509E-01  5.93210754E+01  2.79243700E-02
3.03612512E-01  5.93451538E+01  2.79807989E-02
3.04000515E-01  5.92880058E+01  2.80211177E-02
3.04388518E-01  5.92413330E+01  2.80563422E-02
3.04776521E-01  5.92057266E+01  2.81050149E-02
3.05164525E-01  5.92192459E+01  2.81694382E-02
3.05552528E-01  5.92328606E+01  2.82304250E-02
3.05940531E-01  5.92291069E+01  2.82819904E-02
3.06328534E-01  5.91870804E+01  2.83003487E-02
3.06716538E-01  5.91349716E+01  2.83149630E-02
3.07104541E-01  5.91501999E+01  2.83530597E-02
3.07492544E-01  5.90790482E+01  2.83854194E-02
3.07880547E-01  5.90772705E+01  2.84369532E-02
3.08268550E-01  5.91634827E+01  2.84979343E-02
3.08656554E-01  5.91048965E+01  2.85108946E-02
3.09044557E-01  5.91090813E+01  2.85464190E-02
3.09432560E-01  5.90411873E+01  2.85540484E-02
3.09820563E-01  5.90431747E+01  2.85805110E-02
3.10208566E-01  5.90068970E+01  2.85920892E-02
3.10596570E-01  5.90220146E+01  2.86287609E-02
3.10984573E-01  5.89874687E+01  2.86503918E-02
3.11372576E-01  5.89781418E+01  2.86860503E-02
3.11760579E-01  5.89249344E+01  2.87179649E-02
3.12148582E-01  5.88868217E+01  2.87626442E-02
3.12536586E-01  5.88802681E+01  2.88116336E-02
3.12924589E-01  5.88808708E+01  2.88590882E-02
3.13312592E-01  5.89116707E+01  2.88985334E-02
3.13700595E-01  5.88891678E+01  2.89075729E-02
3.14088599E-01  5.88682861E+01  2.89357454E-02
3.14476602E-01  5.88381577E+01  2.89440248E-02
3.14864605E-01  5.88201180E+01  2.89629400E-02
3.15252608E-01  5.87373238E+01  2.89617293E-02
3.15640611E-01  5.88116646E+01  2.90081389E-02
3.16028615E-01  5.87508469E+01  2.90326439E-02
3.16416618E-01  5.86772995E+01  2.90400088E-02
3.16804621E-01  5.86736031E+01  2.90836208E-02
3.17192624E-01  5.87289314E+01  2.91580763E-02
3.17580627E-01  5.86804199E+01  2.91898642E-02
3.17968631E-01  5.86565361E+01  2.92179249E-02
3.18356634E-01  5.86333733E+01  2.92475559E-02
3.18744637E-01  5.86108475E+01  2.92962827E-02
3.19132640E-01  5.85878067E+01  2.93323845E-02
3.19520643E-01  5.85493355E+01  2.93616466E-02
3.19908647E-01  5.85706863E+01  2.94144340E-02
3.20296650E-01  5.85544548E+01  2.94550844E-02
3.20684653E-01  5.85368576E+01  2.95033697E-02
3.21072656E-01  5.85050354E+01  2.95283645E-02
3.21460660E-01  5.85435486E+01  2.95890421E-02
3.21848663E-01  5.84841232E+01  2.96189878E-02
3.22236666E-01  5.84464798E+01  2.96514537E-02
3.22624669E-01  5.84066467E+01  2.96852179E-02
3.23012672E-01  5.84667473E+01  2.97444109E-02
3.23400676E-01  5.84262886E+01  2.97810175E-02
3.23788679E-01  5.84322891E+01  2.98282765E-02
3.24176682E-01  5.84136543E+01  2.98654474E-02
3.24564685E-01  5.83257751E+01  2.98864432E-02
3.24952688E-01  5.83405647E+01  2.99278442E-02
3.25340692E-01  5.83473434E+01  2.99871508E-02
3.25728695E-01  5.82923088E+01  3.00204661E-02
3.26116698E-01  5.83089485E+01  3.00619304E-02
3.26504701E-01  5.83180733E+01  3.00995354E-02
3.26892704E-01  5.83078842E+01  3.01413033E-02
3.27280708E-01  5.82297287E+01  3.01637258E-02
3.27668711E-01  5.82253227E+01  3.02008484E-02
3.28056714E-01  5.81806564E+01  3.02364584E-02
3.28444717E-01  5.81801453E+01  3.02805007E-02
3.28832721E-01  5.82537727E+01  3.03397216E-02
3.29220724E-01  5.82214279E+01  3.03757079E-02
3.29608727E-01  5.81034317E+01  3.03845052E-02
3.29996730E-01  5.80384941E+01  3.04178298E-02
3.30384733E-01  5.80747757E+01  3.04744188E-02
3.30772737E-01  5.80953560E+01  3.05347983E-02
3.31160740E-01  5.80289307E+01  3.05611789E-02
3.31548743E-01  5.79959183E+01  3.05769145E-02
3.31936746E-01  5.80310287E+01  3.06280442E-02
3.32324749E-01  5.79736862E+01  3.06458808E-02
3.32712753E-01  5.79575272E+01  3.06905266E-02
3.33100756E-01  5.79594955E+01  3.07362862E-02
3.33488759E-01  5.79277420E+01  3.07647102E-02
3.33876762E-01  5.79139786E+01  3.08021810E-02
3.34264765E-01  5.79562759E+01  3.08578424E-02
3.34652769E-01  5.79228592E+01  3.08970269E-02
3.35040772E-01  5.78895035E+01  3.09237037E-02
3.35428775E-01  5.79057846E+01  3.09746563E-02
3.35816778E-01  5.78213921E+01  3.09927668E-02
3.36204781E-01  5.77592392E+01  3.10129765E-02
3.36592785E-01  5.77852402E+01  3.10679264E-02
3.36980788E-01  5.77658157E+01  3.10993101E-02
3.37368791E-01  5.77547607E+01  3.11414786E-02
3.37756794E-01  5.77780991E+01  3.11912540E-02
3.38144798E-01  5.77501831E+01  3.12235020E-02
3.38532801E-01  5.77160225E+01  3.12672481E-02
3.38920804E-01  5.76916618E+01  3.12984437E-02
3.39308807E-01  5.76694031E+01  3.13319638E-02
3.39696810E-01  5.76664810E+01  3.13730352E-02
3.40084814E-01  5.76036377E+01  3.13916020E-02
3.40472817E-01  5.75787582E+01  3.14419530E-02
3.40860820E-01  5.75586548E+01  3.14977057E-02
3.41248823E-01  5.75674210E+01  3.15430984E-02
3.41636826E-01  5.75589371E+01  3.15527767E-02
3.42024830E-01  5.75900345E+01  3.16162556E-02
3.42412833E-01  5.74967461E+01  3.16251814E-02
3.42800836E-01  5.75358353E+01  3.16716619E-02
3.43188839E-01  5.75196724E+01  3.17119285E-02
3.43576842E-01  5.74972916E+01  3.17393616E-02
3.43964846E-01  5.74420242E+01  3.17643881E-02
3.44352849E-01  5.75027084E+01  3.18381265E-02
3.44740852E-01  5.74556580E+01  3.18691358E-02
3.45128855E-01  5.73937492E+01  3.18874717E-02
3.45516859E-01  5.73955383E+01  3.19209434E-02
3.45904862E-01  5.74197998E+01  3.19743603E-02
3.46292865E-01  5.73911362E+01  3.20042148E-02
3.46680868E-01  5.73684807E+01  3.20418701E-02
3.47068871E-01  5.73905716E+01  3.20781693E-02
3.47456875E-01  5.72759895E+01  3.20588611E-02
3.47844878E-01  5.73253555E+01  3.21034193E-02
3.48232881E-01  5.73003540E+01  3.21046710E-02
3.48620884E-01  5.72867317E+01  3.21217403E-02
3.49008887E-01  5.72346115E+01  3.21059600E-02
3.49396891E-01  5.71770020E+01  3.21059600E-02
3.49784894E-01  5.71899300E+01  3.21319178E-02
3.50172897E-01  5.71723442E+01  3.21216211E-02
3.50560900E-01  5.71850967E+01  3.21401730E-02
3.50948903E-01  5.72049561E+01  3.21613476E-02
3.51336907E-01  5.71612663E+01  3.21822688E-02
3.51724910E-01  5.71605606E+01  3.22160646E-02
3.52112913E-01  5.71384773E+01  3.22422720E-02
3.52500916E-01  5.71076469E+01  3.22842635E-02
3.52888920E-01  5.71020737E+01  3.23160812E-02
3.53276923E-01  5.71080627E+01  3.23690809E-02
3.53664926E-01  5.70331841E+01  3.23830880E-02
3.54052929E-01  5.69928703E+01  3.24026458E-02
3.54440932E-01  5.69965439E+01  3.24400552E-02
3.54828936E-01  5.69851189E+01  3.24532464E-02
3.55216939E-01  5.69573898E+01  3.24583799E-02
3.55604942E-01  5.69828568E+01  3.24787013E-02
3.55992945E-01  5.69308968E+01  3.24784778E-02
3.56380948E-01  5.69147415E+01  3.24815139E-02
3.56768952E-01  5.68478165E+01  3.24693397E-02
3.57156955E-01  5.68427315E+01  3.24987248E-02
3.57544958E-01  5.68323059E+01  3.24870758E-02
3.57932961E-01  5.68275681E+01  3.24985534E-02
3.58320964E-01  5.67835770E+01  3.24977376E-02
3.58708968E-01  5.68248711E+01  3.25408056E-02
3.59096971E-01  5.67482414E+01  3.25465985E-02
3.59484974E-01  5.67418137E+01  3.25865932E-02
3.59872977E-01  5.67490425E+01  3.26362550E-02
3.60260981E-01  5.67449875E+01  3.26694772E-02
3.60648984E-01  5.67016220E+01  3.27115655E-02
3.61036987E-01  5.67258530E+01  3.30295935E-02
3.61424990E-01  5.67177010E+01  3.35528776E-02
3.61812993E-01  5.67121773E+01  3.39036211E-02
3.62200997E-01  5.67340813E+01  3.42066027E-02
3.62589000E-01  5.67481766E+01  3.44585106E-02
3.62977003E-01  5.67540970E+01  3.46629955E-02
3.63365006E-01  5.67418747E+01  3.48712467E-02
3.63753009E-01  5.66796494E+01  3.50601226E-02
3.64141013E-01  5.66911850E+01  3.52588408E-02
3.64529016E-01  5.67071609E+01  3.54687311E-02
3.64917019E-01  5.66287651E+01  3.56211103E-02
3.65305022E-01  5.65503616E+01  3.57896909E-02
3.65693025E-01  5.65818558E+01  3.59853171E-02
3.66081029E-01  5.66376419E+01  3.61787006E-02
3.66469032E-01  5.66650505E+01  3.63694392E-02
3.66857035E-01  5.66468582E+01  3.65243927E-02
3.67245038E-01  5.65922737E+01  3.66959944E-02
3.67633042E-01  5.65883293E+01  3.68641056E-02
3.68021045E-01  5.65901070E+01  3.70364524E-02
3.68409048E-01  5.65787849E+01  3.72173935E-02
3.68797051E-01  5.65038872E+01  3.73458602E-02
3.69185054E-01  5.65820236E+01  3.75642404E-02
3.69573058E-01  5.65501328E+01  3.77255157E-02
3.69961061E-01  5.64989319E+01  3.78991701E-02
3.70349064E-01  5.64928474E+01  3.80503759E-02
3.70737067E-01  5.65127983E+01  3.82133350E-02
3.71125070E-01  5.64398575E+01  3.83654013E-02
3.71513074E-01  5.64294128E+01  3.85237783E-02
3.71901077E-01  5.63855286E+01  3.86868976E-02
3.72289080E-01  5.64230042E+01  3.88753898E-02
3.72677083E-01  5.64137955E+01  3.90466526E-02
3.73065086E-01  5.64919052E+01  3.92601751E-02
3.73453090E-01  5.64245720E+01  3.93054262E-02
3.73841093E-01  5.63853264E+01  3.93702090E-02
3.74229096E-01  5.64096870E+01  3.95340659E-02
3.74617099E-01  5.63793526E+01  3.97009887E-02
3.75005103E-01  5.63400764E+01  3.98329757E-02
3.75393106E-01  5.63739319E+01  4.00174186E-02
3.75781109E-01  5.63526993E+01  4.02021706E-02
3.76169112E-01  5.62797737E+01  4.03314456E-02
3.76557115E-01  5.62373466E+01  4.05075029E-02
3.76945119E-01  5.62376633E+01  4.06783223E-02
3.77333122E-01  5.62869949E+01  4.08806577E-02
3.77721125E-01  5.62307930E+01  4.10433896E-02
3.78109128E-01  5.62028694E+01  4.12117206E-02
3.78497131E-01  5.61494141E+01  4.13815454E-02
3.78885135E-01  5.61768303E+01  4.15756926E-02
3.79273138E-01  5.61214294E+01  4.17678282E-02
3.79661141E-01  5.61078072E+01  4.19277400E-02
3.80049144E-01  5.60743027E+01  4.20834161E-02
3.80437147E-01  5.61146126E+01  4.23019119E-02
3.80825151E-01  5.61757088E+01  4.24999818E-02
3.81213154E-01  5.62018242E+01  4.27225307E-02
3.81601157E-01  5.61097794E+01  4.28670608E-02
3.81989160E-01  5.61045761E+01  4.30777073E-02
3.82377163E-01  5.60660019E+01  4.32592481E-02
3.82765167E-01  5.59621658E+01  4.33982685E-02
3.83153170E-01  5.59556580E+01  4.36090976E-02
3.83541173E-01  5.61127930E+01  4.38673384E-02
3.83929176E-01  5.59908829E+01  4.40312885E-02
3.84317180E-01  5.59447632E+01  4.42134105E-02
3.84705183E-01  5.60132523E+01  4.44535390E-02
3.85093186E-01  5.59390984E+01  4.46479879E-02
3.85481189E-01  5.59677315E+01  4.48563918E-02
3.85869192E-01  5.59092598E+01  4.50564995E-02
3.86257196E-01  5.59366989E+01  4.52776365E-02
3.86645199E-01  5.59211502E+01  4.54902686E-02
3.87033202E-01  5.58893242E+01  4.57007699E-02
3.87421205E-01  5.58890305E+01  4.59183007E-02
3.87809208E-01  5.58407822E+01  4.61413525E-02
3.88197212E-01  5.58532944E+01  4.63586785E-02
3.88585215E-01  5.57941399E+01  4.65760268E-02
3.88973218E-01  5.57993050E+01  4.67992760E-02
3.89361221E-01  5.58412857E+01  4.70527001E-02
3.89749224E-01  5.58365898E+01  4.73061502E-02
3.90137228E-01  5.58139648E+01  4.75261584E-02
3.90525231E-01  5.57709885E+01  4.77618836E-02
3.90913234E-01  5.57661057E+01  4.79942858E-02
3.91301237E-01  5.57169991E+01  4.82339785E-02
3.91689241E-01  5.57475777E+01  4.85029519E-02
3.92077244E-01  5.57142525E+01  4.87267897E-02
3.92465247E-01  5.57498245E+01  4.90269847E-02
3.92853250E-01  5.57304993E+01  4.92509753E-02
3.93241253E-01  5.57162781E+01  4.95400913E-02
3.93629257E-01  5.56239929E+01  4.97511029E-02
3.94017260E-01  5.56807938E+01  5.00476547E-02
3.94405263E-01  5.56173592E+01  5.03150709E-02
3.94793266E-01  5.55270576E+01  5.05450591E-02
3.95181269E-01  5.55869446E+01  5.08711562E-02
3.95569273E-01  5.57139473E+01  5.12037575E-02
3.95957276E-01  5.56154671E+01  5.14517538E-02
3.96345279E-01  5.55927010E+01  5.17343581E-02
3.96733282E-01  5.56458206E+01  5.20548522E-02
3.97121285E-01  5.56518974E+01  5.23860566E-02
3.97509289E-01  5.54872360E+01  5.25896735E-02
3.97897292E-01  5.54864006E+01  5.29432185E-02
3.98285295E-01  5.55169563E+01  5.32578826E-02
3.98673298E-01  5.54538345E+01  5.35423644E-02
3.99061302E-01  5.54705887E+01  5.38618788E-02
3.99449305E-01  5.55803337E+01  5.41732796E-02
3.99837308E-01  5.55993538E+01  5.44046275E-02
4.00225311E-01  5.55878830E+01  5.45841828E-02
4.00613314E-01  5.54871101E+01  5.47478907E-02
4.01001318E-01  5.53896599E+01  5.48978448E-02
4.01389321E-01  5.54839897E+01  5.51456288E-02
4.01777324E-01  5.54207382E+01  5.53004518E-02
4.02165327E-01  5.54722404E+01  5.55473156E-02
4.02553330E-01  5.54534492E+01  5.57611994E-02
4.02941334E-01  5.54314346E+01  5.59489243E-02
4.03329337E-01  5.54114151E+01  5.61513379E-02
4.03717340E-01  5.52638054E+01  5.62801175E-02
4.04105343E-01  5.54068718E+01  5.66564314E-02
4.04493346E-01  5.53488159E+01  5.69511726E-02
4.04881350E-01  5.53564072E+01  5.73160164E-02
4.05269353E-01  5.53358269E+01  5.77000082E-02
4.05657356E-01  5.53381157E+01  5.81086092E-02
4.06045359E-01  5.52976799E+01  5.84896803E-02
4.06433363E-01  5.53235092E+01  5.89360110E-02
4.06821366E-01  5.52981071E+01  5.93228638E-02
4.07209369E-01  5.51486130E+01  5.96605055E-02
4.07597372E-01  5.52112656E+01  6.01465926E-02
4.07985375E-01  5.52351151E+01  6.05503805E-02
4.08373379E-01  5.52690048E+01  6.09366894E-02
4.08761382E-01  5.52542648E+01  6.12334982E-02
4.09149385E-01  5.51726494E+01  6.14422932E-02
4.09537388E-01  5.52082939E+01  6.17364757E-02
4.09925391E-01  5.52335701E+01  6.20299056E-02
4.10313395E-01  5.51213493E+01  6.22123890E-02
4.10701398E-01  5.51201248E+01  6.24902770E-02
4.11089401E-01  5.51997604E+01  6.28271475E-02
4.11477404E-01  5.51945572E+01  6.31052926E-02
4.11865407E-01  5.50581169E+01  6.33021370E-02
4.12253411E-01  5.50368652E+01  6.35585934E-02
4.12641414E-01  5.50941696E+01  6.39054105E-02
4.13029417E-01  5.49836044E+01  6.41292930E-02
4.13417420E-01  5.49935532E+01  6.44260496E-02
4.13805424E-01  5.49520683E+01  6.47089109E-02
4.14193427E-01  5.48920059E+01  6.49711937E-02
4.14581430E-01  5.49202080E+01  6.52969033E-02
4.14969433E-01  5.49002991E+01  6.55837506E-02
4.15357436E-01  5.48737717E+01  6.58745393E-02
4.15745440E-01  5.49068604E+01  6.62368387E-02
4.16133443E-01  5.49022141E+01  6.65397793E-02
4.16521446E-01  5.49620857E+01  6.69015050E-02
4.16909449E-01  5.50135727E+01  6.72839358E-02
4.17297452E-01  5.48348198E+01  6.74822032E-02
4.17685456E-01  5.47287483E+01  6.77377954E-02
4.18073459E-01  5.46993027E+01  6.80716112E-02
4.18461462E-01  5.46275139E+01  6.83758706E-02
4.18849465E-01  5.47582626E+01  6.88108727E-02
4.19237468E-01  5.47385063E+01  6.91253096E-02
4.19625472E-01  5.46953201E+01  6.94692209E-02
4.20013475E-01  5.46547737E+01  6.98181912E-02
4.20401478E-01  5.46093674E+01  7.01457486E-02
4.20789481E-01  5.46712570E+01  7.05756992E-02
4.21177484E-01  5.47616196E+01  7.10287094E-02
4.21565488E-01  5.46262398E+01  7.12947771E-02
4.21953491E-01  5.46079597E+01  7.16964751E-02
4.22341494E-01  5.44974556E+01  7.19918311E-02
4.22729497E-01  5.46053276E+01  7.24925324E-02
4.23117501E-01  5.46710625E+01  7.29394108E-02
4.23505504E-01  5.46286545E+01  7.33003244E-02
4.23893507E-01  5.45804863E+01  7.36745000E-02
4.24281510E-01  5.45133896E+01  7.40969703E-02
4.24669513E-01  5.43302307E+01  7.43554980E-02
4.25057517E-01  5.45099716E+01  7.49449283E-02
4.25445520E-01  5.43135071E+01  7.52420053E-02
4.25833523E-01  5.42679825E+01  7.56727457E-02
4.26221526E-01  5.44603806E+01  7.62860849E-02
4.26609529E-01  5.43800583E+01  7.66801760E-02
4.26997533E-01  5.42152405E+01  7.70027786E-02
4.27385536E-01  5.43868713E+01  7.76692927E-02
4.27773539E-01  5.43023872E+01  7.80836493E-02
4.28161542E-01  5.42897339E+01  7.85796419E-02
4.28549545E-01  5.41894417E+01  7.90209174E-02
4.28937549E-01  5.41802750E+01  7.95275271E-02
4.29325552E-01  5.41417236E+01  7.99839869E-02
4.29713555E-01  5.41893082E+01  8.05630833E-02
4.30101558E-01  5.40880203E+01  8.10071677E-02


### HEADER:
#
#{
#    "Conc": "0",
#    "analysis": {},
#    "calibration_params": {
#        "Beam_Center_X": 739.0457667593599,
#        "Beam_Center_Y": 749.1905114608388,
#        "Detector Tilt": 0.2562910903638858,
#        "Detector Tilt Plane Rotation": 132.57722223850126,
#        "Detector_X_Pixel_Size": 172.0,
#        "Detector_Y_Pixel_Size": 172.0,
#        "Integration Method": "full_csr",
#        "Radial_Average_Method": "pyFAI",
#        "Sample-to-detector distance (mm)": 2690.0,
#        "Wavelength (A)": 1.0332016536100022
#    },
#    "config_file": "C:\\Users\\biosaxs\\Desktop\\userdata\\cfg\\20231104.cfg",
#    "counters": {
#        "Code": "",
#        "Concentration_mg/ml": "0",
#        "Description": "buffer_45",
#        "Exposure_time_s": "1.0",
#        "Run_Number": "6",
#        "SAXS_Position": "saxs",
#        "SR_Current": "210.133663422mA",
#        "Timestamp": "2023-11-05  22:46:15.581564",
#        "Transmitted_Beam": "0.822108326667",
#        "Wavelength_nm": "0.1033nm"
#    },
#    "filename": "A_buffer_45_0006_00020",
#    "history": {
#        "averaged_files": [
#            [
#                "buffer_45_0006_00020.tif"
#            ],
#            [
#                "buffer_45_0006_00019.tif"
#            ],
#            [
#                "buffer_45_0006_00018.tif"
#            ],
#            [
#                "buffer_45_0006_00017.tif"
#            ],
#            [
#                "buffer_45_0006_00016.tif"
#            ],
#            [
#                "buffer_45_0006_00015.tif"
#            ],
#            [
#                "buffer_45_0006_00014.tif"
#            ],
#            [
#                "buffer_45_0006_00013.tif"
#            ],
#            [
#                "buffer_45_0006_00012.tif"
#            ],
#            [
#                "buffer_45_0006_00011.tif"
#            ],
#            [
#                "buffer_45_0006_00010.tif"
#            ],
#            [
#                "buffer_45_0006_00009.tif"
#            ],
#            [
#                "buffer_45_0006_00008.tif"
#            ],
#            [
#                "buffer_45_0006_00007.tif"
#            ],
#            [
#                "buffer_45_0006_00006.tif"
#            ],
#            [
#                "buffer_45_0006_00005.tif"
#            ],
#            [
#                "buffer_45_0006_00004.tif"
#            ],
#            [
#                "buffer_45_0006_00003.tif"
#            ],
#            [
#                "buffer_45_0006_00002.tif"
#            ],
#            [
#                "buffer_45_0006_00001.tif"
#            ]
#        ]
#    },
#    "imageHeader": {
#        "Alpha": "0.0000 deg.",
#        "Angle_increment": "0.1000 deg.",
#        "Beam_xy": "(0.00, 0.00) pixels",
#        "Chi": "0.0000 deg.",
#        "Count_cutoff": "1157021 counts",
#        "Detector_2theta": "0.0000 deg.",
#        "Detector_Voffset": "0.00000 m",
#        "Detector_distance": "1.00000 m",
#        "Energy_range": "(0, 0) eV",
#        "Excluded_pixels": "badpix_mask.tif",
#        "Exposure_period": "1.1000000 s",
#        "Exposure_time": "1.0000000 s",
#        "Filter_transmission": "1.0000",
#        "Flat_field": "FF_p24-0163_E12000_T6000_vrf_m0p100.tif",
#        "Flux": "0.000000",
#        "Gain_setting": "autog (vrf = 1.000)",
#        "Image_path": "/public/Data/2023/202311/20231105/yongfeng/",
#        "Kappa": "0.0000 deg.",
#        "N_excluded_pixels": "61",
#        "N_oscillations": "1",
#        "Oscillation_axis": "X, CW",
#        "Phi": "0.0000 deg.",
#        "Pixel_size": "172e-6 m x 172e-6 m",
#        "Polarization": "0.990",
#        "Ratecorr_lut_directory": "ContinuousStandard_v1.1",
#        "Retrigger_mode": "1",
#        "Silicon": "sensor, thickness 0.000450",
#        "Tau": "0 s",
#        "Threshold_setting": "6000 eV",
#        "Trim_file": "p24-0163_E12000_T6000.bin",
#        "Wavelength (A)": "1.54000 A"
#    },
#    "normalizations": {
#        "Counter_norms": [
#            [
#                "/",
#                "Transmitted_Beam"
#            ]
#        ],
#        "Polarization": {
#            "Used": false
#        },
#        "Solid_Angle_Correction": "On"
#    },
#    "raw_version": "2.1.1"
#}

