### DATA:
#
# 1093
#      Q             I(Q)           Error     
6.40205297E-03  6.36504443E+03  2.49978638E+00
6.79005618E-03  5.57483350E+03  2.03333187E+00
7.17805939E-03  4.83085156E+03  1.70397115E+00
7.56606260E-03  4.08821948E+03  1.47378898E+00
7.95406581E-03  3.40590430E+03  1.31392479E+00
8.34206902E-03  2.85888184E+03  1.17861259E+00
8.73007223E-03  2.44092383E+03  1.05695629E+00
9.11807544E-03  2.10170752E+03  9.41963851E-01
9.50607865E-03  1.81812402E+03  8.42671692E-01
9.89408186E-03  1.58330103E+03  7.60470212E-01
1.02820851E-02  1.38900610E+03  6.90038085E-01
1.06700883E-02  1.22599097E+03  6.30272090E-01
1.10580915E-02  1.08970447E+03  5.78689516E-01
1.14460947E-02  9.71065918E+02  5.32401383E-01
1.18340979E-02  8.66955750E+02  4.91561025E-01
1.22221011E-02  7.82113281E+02  4.56508964E-01
1.26101043E-02  7.07714844E+02  4.25097704E-01
1.29981075E-02  6.42662720E+02  3.97170484E-01
1.33861107E-02  5.86445190E+02  3.71762365E-01
1.37741140E-02  5.38543579E+02  3.49765480E-01
1.41621172E-02  4.95388977E+02  3.29456031E-01
1.45501204E-02  4.57110168E+02  3.11046362E-01
1.49381236E-02  4.24073181E+02  2.94664294E-01
1.53261268E-02  3.94334290E+02  2.79596508E-01
1.57141300E-02  3.67623962E+02  2.65806884E-01
1.61021332E-02  3.44401611E+02  2.53290892E-01
1.64901364E-02  3.23523193E+02  2.42034957E-01
1.68781396E-02  3.03965088E+02  2.31214732E-01
1.72661428E-02  2.87351135E+02  2.21809894E-01
1.76541461E-02  2.71784119E+02  2.12797090E-01
1.80421493E-02  2.58341003E+02  2.04752237E-01
1.84301525E-02  2.45582184E+02  1.97127745E-01
1.88181557E-02  2.34846313E+02  1.90441325E-01
1.92061589E-02  2.24291626E+02  1.83864817E-01
1.95941621E-02  2.14930420E+02  1.77902073E-01
1.99821653E-02  2.06531570E+02  1.72367126E-01
2.03701685E-02  1.98449219E+02  1.67051226E-01
2.07581717E-02  1.91340912E+02  1.62164584E-01
2.11461749E-02  1.85152496E+02  1.57847703E-01
2.15341782E-02  1.79266586E+02  1.53700784E-01
2.19221814E-02  1.73689758E+02  1.49723142E-01
2.23101846E-02  1.68660782E+02  1.46108478E-01
2.26981878E-02  1.64046722E+02  1.42591074E-01
2.30861910E-02  1.59818146E+02  1.39418304E-01
2.34741942E-02  1.55776962E+02  1.36350423E-01
2.38621974E-02  1.52488068E+02  1.33677930E-01
2.42502006E-02  1.48899399E+02  1.30898625E-01
2.46382038E-02  1.45589569E+02  1.28213912E-01
2.50262070E-02  1.42996613E+02  1.26014560E-01
2.54142103E-02  1.40009720E+02  1.23579606E-01
2.58022135E-02  1.37490372E+02  1.21432841E-01
2.61902167E-02  1.35232468E+02  1.19411215E-01
2.65782199E-02  1.32946747E+02  1.17358886E-01
2.69662231E-02  1.30938690E+02  1.15552485E-01
2.73542263E-02  1.29013153E+02  1.13745794E-01
2.77422295E-02  1.27472794E+02  1.12212077E-01
2.81302327E-02  1.25967064E+02  1.10675670E-01
2.85182359E-02  1.24213791E+02  1.09040573E-01
2.89062391E-02  1.22636391E+02  1.07563809E-01
2.92942424E-02  1.21245056E+02  1.06119312E-01
2.96822456E-02  1.20092590E+02  1.04891971E-01
3.00702488E-02  1.18791222E+02  1.03564300E-01
3.04582520E-02  1.17610458E+02  1.02326237E-01
3.08462552E-02  1.16637314E+02  1.01214014E-01
3.12342584E-02  1.15750229E+02  1.00105368E-01
3.16222616E-02  1.14802597E+02  1.00507751E-01
3.20102648E-02  1.13813248E+02  1.01019725E-01
3.23982680E-02  1.12945114E+02  1.00999258E-01
3.27862712E-02  1.12216812E+02  1.00868344E-01
3.31742745E-02  1.11427902E+02  1.00553110E-01
3.35622777E-02  1.10763329E+02  1.00294091E-01
3.39502809E-02  1.09983604E+02  9.98340771E-02
3.43382841E-02  1.09441383E+02  9.95092914E-02
3.47262873E-02  1.08915939E+02  9.91607979E-02
3.51142905E-02  1.08376877E+02  9.87475142E-02
3.55022937E-02  1.07640709E+02  9.82644781E-02
3.58902969E-02  1.07208168E+02  9.78594273E-02
3.62783001E-02  1.07042870E+02  9.76325274E-02
3.66663033E-02  1.06409836E+02  9.71042588E-02
3.70543066E-02  1.05871628E+02  9.66341943E-02
3.74423098E-02  1.05442825E+02  9.62148532E-02
3.78303130E-02  1.05138062E+02  9.58309621E-02
3.82183162E-02  1.04686562E+02  9.54241455E-02
3.86063194E-02  1.04434349E+02  9.35694426E-02
3.89943226E-02  1.03998047E+02  9.15117040E-02
3.93823258E-02  1.03707718E+02  9.02238935E-02
3.97703290E-02  1.03668617E+02  8.92109424E-02
4.01583322E-02  1.03439880E+02  8.82791877E-02
4.05463354E-02  1.02974144E+02  8.72982740E-02
4.09343387E-02  1.02630478E+02  8.64342004E-02
4.13223419E-02  1.02279404E+02  8.56214911E-02
4.17103451E-02  1.02170303E+02  8.49426687E-02
4.20983483E-02  1.02069855E+02  8.43087062E-02
4.24863515E-02  1.01888237E+02  8.36368129E-02
4.28743547E-02  1.01668762E+02  8.30080360E-02
4.32623579E-02  1.01332466E+02  8.23280066E-02
4.36503611E-02  1.01298019E+02  8.17930624E-02
4.40383643E-02  1.01300957E+02  8.13279897E-02
4.44263675E-02  1.00908470E+02  8.06306824E-02
4.48143708E-02  1.00921066E+02  8.04345757E-02
4.52023740E-02  1.00701950E+02  8.04332644E-02
4.55903772E-02  1.00855949E+02  8.05932730E-02
4.59783804E-02  1.00629959E+02  8.05398300E-02
4.63663836E-02  1.00677635E+02  8.05400908E-02
4.67543868E-02  1.00583015E+02  8.04688334E-02
4.71423900E-02  1.00476181E+02  8.03907365E-02
4.75303932E-02  1.00303207E+02  8.01892430E-02
4.79183964E-02  1.00334747E+02  8.01758468E-02
4.83063996E-02  1.00212906E+02  8.00121427E-02
4.86944029E-02  1.00014877E+02  7.98249617E-02
4.90824061E-02  9.98429565E+01  7.96556994E-02
4.94704093E-02  9.97125931E+01  7.94602931E-02
4.98584125E-02  9.97372589E+01  7.93735310E-02
5.02464157E-02  9.96068573E+01  7.91475549E-02
5.06344189E-02  9.96757355E+01  7.90828094E-02
5.10224221E-02  9.94983749E+01  7.87109360E-02
5.14104253E-02  9.92273178E+01  7.77462050E-02
5.17984285E-02  9.90033875E+01  7.67659098E-02
5.21864318E-02  9.87114868E+01  7.59089962E-02
5.25744350E-02  9.84068298E+01  7.51616880E-02
5.29624382E-02  9.85040131E+01  7.46307001E-02
5.33504414E-02  9.84179993E+01  7.40683228E-02
5.37384446E-02  9.81868439E+01  7.35165477E-02
5.41264478E-02  9.80415802E+01  7.30048716E-02
5.45144510E-02  9.81140900E+01  7.26162344E-02
5.49024542E-02  9.81056366E+01  7.21716732E-02
5.52904574E-02  9.79063110E+01  7.17043430E-02
5.56784606E-02  9.79232025E+01  7.13605136E-02
5.60664639E-02  9.78715057E+01  7.09576160E-02
5.64544671E-02  9.77458420E+01  7.05518275E-02
5.68424703E-02  9.77047577E+01  7.02067837E-02
5.72304735E-02  9.75534821E+01  6.98032901E-02
5.76184767E-02  9.75642548E+01  6.94800168E-02
5.80064799E-02  9.74716110E+01  6.91492409E-02
5.83944831E-02  9.72087708E+01  6.86968714E-02
5.87824863E-02  9.72434235E+01  6.84155300E-02
5.91704895E-02  9.74160004E+01  6.82132691E-02
5.95584927E-02  9.72601547E+01  6.78299591E-02
5.99464960E-02  9.70877228E+01  6.74920231E-02
6.03344992E-02  9.71387634E+01  6.72364607E-02
6.07225024E-02  9.71623764E+01  6.69814870E-02
6.11105056E-02  9.69441986E+01  6.65953010E-02
6.14985088E-02  9.69434738E+01  6.63330555E-02
6.18865120E-02  9.70371017E+01  6.61448985E-02
6.22745152E-02  9.69540253E+01  6.58303946E-02
6.26625184E-02  9.68731995E+01  6.55474737E-02
6.30505216E-02  9.68126144E+01  6.52784035E-02
6.34385248E-02  9.67608261E+01  6.50152713E-02
6.38265281E-02  9.68311005E+01  6.47852868E-02
6.42145313E-02  9.67842178E+01  6.45339787E-02
6.46025345E-02  9.66404877E+01  6.42678589E-02
6.49905377E-02  9.66041183E+01  6.40232116E-02
6.53785409E-02  9.65618057E+01  6.37853295E-02
6.57665441E-02  9.64410553E+01  6.34827912E-02
6.61545473E-02  9.64247665E+01  6.32632449E-02
6.65425505E-02  9.64663544E+01  6.30804002E-02
6.69305537E-02  9.64615402E+01  6.28464520E-02
6.73185569E-02  9.63955994E+01  6.26351386E-02
6.77065602E-02  9.62510910E+01  6.23702891E-02
6.80945634E-02  9.62248688E+01  6.21425509E-02
6.84825666E-02  9.63195114E+01  6.19679093E-02
6.88705698E-02  9.62106781E+01  6.17138222E-02
6.92585730E-02  9.61006012E+01  6.14880212E-02
6.96465762E-02  9.60594025E+01  6.12591207E-02
7.00345794E-02  9.60323029E+01  6.10801503E-02
7.04225826E-02  9.59718552E+01  6.08680062E-02
7.08105858E-02  9.60310822E+01  6.06832579E-02
7.11985890E-02  9.58979034E+01  6.04473352E-02
7.15865923E-02  9.58968048E+01  6.02570698E-02
7.19745955E-02  9.58684692E+01  6.00695424E-02
7.23625987E-02  9.57979279E+01  5.98805360E-02
7.27506019E-02  9.57344208E+01  5.96735999E-02
7.31386051E-02  9.57545700E+01  5.94936982E-02
7.35266083E-02  9.58211060E+01  5.93126900E-02
7.39146115E-02  9.57070694E+01  5.91068380E-02
7.43026147E-02  9.56168976E+01  5.89082912E-02
7.46906179E-02  9.56562347E+01  5.87470718E-02
7.50786211E-02  9.55699539E+01  5.85553050E-02
7.54666244E-02  9.56342926E+01  5.83907664E-02
7.58546276E-02  9.56097183E+01  5.82030043E-02
7.62426308E-02  9.55619965E+01  5.80368564E-02
7.66306340E-02  9.55689163E+01  5.78743927E-02
7.70186372E-02  9.55940323E+01  5.77272065E-02
7.74066404E-02  9.54540253E+01  5.75169325E-02
7.77946436E-02  9.53529510E+01  5.73233254E-02
7.81826468E-02  9.53621445E+01  5.71688637E-02
7.85706500E-02  9.52338486E+01  5.69746718E-02
7.89586532E-02  9.52691879E+01  5.68447597E-02
7.93466565E-02  9.52278824E+01  5.66562638E-02
7.97346597E-02  9.52252655E+01  5.65105900E-02
8.01226629E-02  9.51035385E+01  5.63230030E-02
8.05106661E-02  9.49885330E+01  5.61401732E-02
8.08986693E-02  9.50161591E+01  5.59941716E-02
8.12866725E-02  9.50237579E+01  5.58320209E-02
8.16746757E-02  9.49918060E+01  5.56918010E-02
8.20626789E-02  9.49722290E+01  5.55515960E-02
8.24506821E-02  9.49182358E+01  5.54035790E-02
8.28386853E-02  9.48651276E+01  5.52379079E-02
8.32266886E-02  9.49060974E+01  5.51002994E-02
8.36146918E-02  9.47863617E+01  5.49266338E-02
8.40026950E-02  9.47476959E+01  5.47730625E-02
8.43906982E-02  9.47658157E+01  5.46490625E-02
8.47787014E-02  9.47543793E+01  5.45038693E-02
8.51667046E-02  9.47465134E+01  5.43540195E-02
8.55547078E-02  9.47334747E+01  5.42209558E-02
8.59427110E-02  9.47525940E+01  5.40956073E-02
8.63307142E-02  9.46924744E+01  5.39421439E-02
8.67187174E-02  9.46008148E+01  5.37996404E-02
8.71067207E-02  9.45298615E+01  5.36622889E-02
8.74947239E-02  9.46479492E+01  5.35789654E-02
8.78827271E-02  9.45699234E+01  5.34000583E-02
8.82707303E-02  9.45055084E+01  5.32488637E-02
8.86587335E-02  9.45968781E+01  5.31639755E-02
8.90467367E-02  9.44373932E+01  5.29933162E-02
8.94347399E-02  9.43239517E+01  5.28363958E-02
8.98227431E-02  9.42670135E+01  5.26768677E-02
9.02107463E-02  9.43984680E+01  5.25982790E-02
9.05987495E-02  9.43864288E+01  5.24670407E-02
9.09867528E-02  9.43690338E+01  5.23471348E-02
9.13747560E-02  9.42086411E+01  5.21673150E-02
9.17627592E-02  9.41807404E+01  5.20440452E-02
9.21507624E-02  9.42971954E+01  5.19749336E-02
9.25387656E-02  9.42720032E+01  5.18485606E-02
9.29267688E-02  9.41888199E+01  5.17103001E-02
9.33147720E-02  9.41659546E+01  5.15850708E-02
9.37027752E-02  9.40788803E+01  5.14475778E-02
9.40907784E-02  9.40519867E+01  5.16193323E-02
9.44787816E-02  9.40545807E+01  5.20923212E-02
9.48667849E-02  9.39954758E+01  5.25697283E-02
9.52547881E-02  9.39538269E+01  5.33350594E-02
9.56427913E-02  9.38632965E+01  5.38189225E-02
9.60307945E-02  9.37769012E+01  5.41861542E-02
9.64187977E-02  9.37679520E+01  5.45184389E-02
9.68068009E-02  9.37562790E+01  5.48181459E-02
9.71948041E-02  9.37098541E+01  5.47285154E-02
9.75828073E-02  9.37171478E+01  5.42692542E-02
9.79708105E-02  9.35672760E+01  5.37332073E-02
9.83588137E-02  9.35749969E+01  5.29833660E-02
9.87468170E-02  9.35532074E+01  5.25149889E-02
9.91348202E-02  9.35210037E+01  5.21510914E-02
9.95228234E-02  9.34699554E+01  5.18135428E-02
9.99108266E-02  9.34487762E+01  5.14888689E-02
1.00298830E-01  9.35499878E+01  5.11993095E-02
1.00686833E-01  9.36002960E+01  5.09144478E-02
1.01074836E-01  9.35773773E+01  5.06282821E-02
1.01462839E-01  9.35370331E+01  5.03552146E-02
1.01850843E-01  9.34722061E+01  5.00945635E-02
1.02238846E-01  9.34968719E+01  4.99343798E-02
1.02626849E-01  9.34550629E+01  4.98083495E-02
1.03014852E-01  9.34392395E+01  4.97207716E-02
1.03402855E-01  9.34312820E+01  4.96816859E-02
1.03790859E-01  9.33260880E+01  4.96040694E-02
1.04178862E-01  9.32918854E+01  4.95396927E-02
1.04566865E-01  9.33805313E+01  4.94698696E-02
1.04954868E-01  9.33682861E+01  4.93108481E-02
1.05342872E-01  9.32823639E+01  4.91164327E-02
1.05730875E-01  9.31579132E+01  4.88731787E-02
1.06118878E-01  9.32904510E+01  4.87316288E-02
1.06506881E-01  9.32348404E+01  4.85210232E-02
1.06894884E-01  9.31863632E+01  4.83526364E-02
1.07282888E-01  9.32562180E+01  4.82643917E-02
1.07670891E-01  9.31886444E+01  4.81643528E-02
1.08058894E-01  9.30978241E+01  4.80923690E-02
1.08446897E-01  9.32149734E+01  4.80985679E-02
1.08834900E-01  9.30842438E+01  4.80334945E-02
1.09222904E-01  9.31231461E+01  4.80243191E-02
1.09610907E-01  9.31017609E+01  4.79802974E-02
1.09998910E-01  9.30204468E+01  4.79048900E-02
1.10386913E-01  9.30797958E+01  4.78554182E-02
1.10774916E-01  9.30268097E+01  4.77490276E-02
1.11162920E-01  9.30434265E+01  4.76503000E-02
1.11550923E-01  9.30081940E+01  4.75356169E-02
1.11938926E-01  9.29731903E+01  4.74345796E-02
1.12326929E-01  9.29598312E+01  4.73331511E-02
1.12714933E-01  9.29466095E+01  4.72362936E-02
1.13102936E-01  9.29534149E+01  4.71383072E-02
1.13490939E-01  9.29190216E+01  4.70395610E-02
1.13878942E-01  9.28614655E+01  4.72104028E-02
1.14266945E-01  9.29459915E+01  4.76446524E-02
1.14654949E-01  9.28719940E+01  4.78111207E-02
1.15042952E-01  9.28358536E+01  4.79349308E-02
1.15430955E-01  9.27811508E+01  4.80233990E-02
1.15818958E-01  9.27469635E+01  4.80885394E-02
1.16206961E-01  9.26879425E+01  4.81240712E-02
1.16594965E-01  9.27111359E+01  4.81844135E-02
1.16982968E-01  9.27130585E+01  4.82233390E-02
1.17370971E-01  9.27373047E+01  4.82704043E-02
1.17758974E-01  9.27174835E+01  4.82908823E-02
1.18146977E-01  9.27387848E+01  4.83269058E-02
1.18534981E-01  9.26800995E+01  4.83136103E-02
1.18922984E-01  9.27727203E+01  4.83456030E-02
1.19310987E-01  9.27540894E+01  4.83555794E-02
1.19698990E-01  9.26819000E+01  4.83473651E-02
1.20086994E-01  9.25557709E+01  4.83130142E-02
1.20474997E-01  9.25283356E+01  4.83056232E-02
1.20863000E-01  9.26637192E+01  4.80456688E-02
1.21251003E-01  9.26877365E+01  4.75073531E-02
1.21639006E-01  9.25818100E+01  4.71701622E-02
1.22027010E-01  9.25221024E+01  4.69296984E-02
1.22415013E-01  9.25107422E+01  4.67379391E-02
1.22803016E-01  9.25054016E+01  4.65579294E-02
1.23191019E-01  9.24168854E+01  4.63666692E-02
1.23579022E-01  9.24324570E+01  4.62303571E-02
1.23967026E-01  9.24324493E+01  4.60942462E-02
1.24355029E-01  9.24351425E+01  4.59662005E-02
1.24743032E-01  9.23281326E+01  4.58090529E-02
1.25131035E-01  9.21796265E+01  4.56422493E-02
1.25519038E-01  9.23254242E+01  4.55751717E-02
1.25907042E-01  9.22723236E+01  4.54436392E-02
1.26295045E-01  9.22973480E+01  4.53616083E-02
1.26683048E-01  9.23512039E+01  4.55022901E-02
1.27071051E-01  9.23681030E+01  4.57038060E-02
1.27459054E-01  9.24443588E+01  4.58554551E-02
1.27847058E-01  9.23412323E+01  4.59120683E-02
1.28235061E-01  9.23749161E+01  4.59883623E-02
1.28623064E-01  9.23918381E+01  4.60480191E-02
1.29011067E-01  9.24279404E+01  4.61011752E-02
1.29399071E-01  9.24177399E+01  4.61232886E-02
1.29787074E-01  9.23710251E+01  4.61335741E-02
1.30175077E-01  9.23950653E+01  4.61638942E-02
1.30563080E-01  9.23199692E+01  4.61534634E-02
1.30951083E-01  9.23860321E+01  4.61797565E-02
1.31339087E-01  9.24577103E+01  4.62246612E-02
1.31727090E-01  9.23943100E+01  4.62124012E-02
1.32115093E-01  9.23248367E+01  4.61807810E-02
1.32503096E-01  9.23039398E+01  4.61687781E-02
1.32891099E-01  9.23171616E+01  4.61660400E-02
1.33279103E-01  9.23003082E+01  4.61385585E-02
1.33667106E-01  9.22149277E+01  4.58688997E-02
1.34055109E-01  9.21154175E+01  4.55202684E-02
1.34443112E-01  9.20031509E+01  4.52412590E-02
1.34831115E-01  9.20224152E+01  4.50610034E-02
1.35219119E-01  9.20286865E+01  4.49129418E-02
1.35607122E-01  9.19518433E+01  4.47311401E-02
1.35995125E-01  9.18427277E+01  4.45367061E-02
1.36383128E-01  9.17733765E+01  4.43757474E-02
1.36771132E-01  9.18256378E+01  4.42713276E-02
1.37159135E-01  9.17445831E+01  4.41280678E-02
1.37547138E-01  9.17151031E+01  4.40060385E-02
1.37935141E-01  9.16741943E+01  4.38831188E-02
1.38323144E-01  9.16568222E+01  4.37678099E-02
1.38711148E-01  9.17635651E+01  4.36954871E-02
1.39099151E-01  9.16226349E+01  4.35509793E-02
1.39487154E-01  9.15458603E+01  4.34300564E-02
1.39875157E-01  9.14993973E+01  4.33226004E-02
1.40263160E-01  9.14659119E+01  4.32130583E-02
1.40651164E-01  9.14889755E+01  4.31248918E-02
1.41039167E-01  9.14885254E+01  4.30376306E-02
1.41427170E-01  9.14641342E+01  4.29382734E-02
1.41815173E-01  9.13370209E+01  4.28162515E-02
1.42203176E-01  9.13880157E+01  4.27517816E-02
1.42591180E-01  9.14111862E+01  4.26776446E-02
1.42979183E-01  9.14062042E+01  4.26055677E-02
1.43367186E-01  9.13301392E+01  4.25180160E-02
1.43755189E-01  9.12329941E+01  4.24317941E-02
1.44143193E-01  9.12606049E+01  4.23627906E-02
1.44531196E-01  9.12289276E+01  4.22573313E-02
1.44919199E-01  9.12424698E+01  4.21846434E-02
1.45307202E-01  9.11663132E+01  4.20814715E-02
1.45695205E-01  9.11368790E+01  4.20023426E-02
1.46083209E-01  9.11338882E+01  4.19269241E-02
1.46471212E-01  9.11831741E+01  4.18675281E-02
1.46859215E-01  9.10801163E+01  4.17639390E-02
1.47247218E-01  9.11169510E+01  4.17024419E-02
1.47635221E-01  9.11075363E+01  4.16318029E-02
1.48023225E-01  9.10260239E+01  4.15239967E-02
1.48411228E-01  9.09599762E+01  4.14001159E-02
1.48799231E-01  9.09799957E+01  4.13016453E-02
1.49187234E-01  9.09455566E+01  4.11817692E-02
1.49575237E-01  9.08862152E+01  4.10596915E-02
1.49963241E-01  9.09348755E+01  4.09862958E-02
1.50351244E-01  9.07815247E+01  4.08694893E-02
1.50739247E-01  9.07535248E+01  4.07990515E-02
1.51127250E-01  9.07887650E+01  4.07477356E-02
1.51515254E-01  9.06984634E+01  4.06536832E-02
1.51903257E-01  9.07348862E+01  4.06000167E-02
1.52291260E-01  9.06724319E+01  4.05242033E-02
1.52679263E-01  9.06783600E+01  4.04620841E-02
1.53067266E-01  9.06754684E+01  4.04009447E-02
1.53455270E-01  9.05766830E+01  4.03238684E-02
1.53843273E-01  9.06347198E+01  4.03108709E-02
1.54231276E-01  9.05279694E+01  4.02611829E-02
1.54619279E-01  9.05822983E+01  4.02512029E-02
1.55007282E-01  9.05806046E+01  4.02258709E-02
1.55395286E-01  9.05676727E+01  4.01853584E-02
1.55783289E-01  9.05389557E+01  4.01238427E-02
1.56171292E-01  9.03706512E+01  4.00174297E-02
1.56559295E-01  9.04040909E+01  3.99685390E-02
1.56947298E-01  9.03879318E+01  3.99040654E-02
1.57335302E-01  9.03399963E+01  3.98352370E-02
1.57723305E-01  9.03581467E+01  3.97817120E-02
1.58111308E-01  9.03262482E+01  3.96930836E-02
1.58499311E-01  9.02979279E+01  3.95924821E-02
1.58887315E-01  9.02616348E+01  3.94952744E-02
1.59275318E-01  9.01839142E+01  3.93860340E-02
1.59663321E-01  9.02236710E+01  3.93148214E-02
1.60051324E-01  9.02198486E+01  3.92444432E-02
1.60439327E-01  9.02169952E+01  3.91866826E-02
1.60827331E-01  9.01847763E+01  3.91289070E-02
1.61215334E-01  9.01114731E+01  3.90544757E-02
1.61603337E-01  9.01407471E+01  3.90075296E-02
1.61991340E-01  9.01310120E+01  3.89583148E-02
1.62379343E-01  9.00880280E+01  3.89013849E-02
1.62767347E-01  9.00514984E+01  3.88439707E-02
1.63155350E-01  9.00183716E+01  3.87771241E-02
1.63543353E-01  8.99181747E+01  3.87085900E-02
1.63931356E-01  8.98856430E+01  3.86774428E-02
1.64319359E-01  8.99247284E+01  3.86607274E-02
1.64707363E-01  8.99092865E+01  3.86378616E-02
1.65095366E-01  8.98620148E+01  3.85955349E-02
1.65483369E-01  8.98135681E+01  3.85518894E-02
1.65871372E-01  8.98615036E+01  3.85241583E-02
1.66259376E-01  8.98121109E+01  3.84505093E-02
1.66647379E-01  8.97172089E+01  3.83782163E-02
1.67035382E-01  8.97238159E+01  3.83244082E-02
1.67423385E-01  8.97273712E+01  3.82796042E-02
1.67811388E-01  8.96422043E+01  3.82090695E-02
1.68199392E-01  8.96049957E+01  3.81446443E-02
1.68587395E-01  8.96543732E+01  3.81095484E-02
1.68975398E-01  8.96943893E+01  3.80673856E-02
1.69363401E-01  8.96241760E+01  3.80069129E-02
1.69751404E-01  8.95335999E+01  3.79320867E-02
1.70139408E-01  8.95319824E+01  3.78830135E-02
1.70527411E-01  8.95127258E+01  3.78324315E-02
1.70915414E-01  8.94802399E+01  3.77782546E-02
1.71303417E-01  8.94542465E+01  3.77297029E-02
1.71691420E-01  8.94120331E+01  3.76698300E-02
1.72079424E-01  8.93647003E+01  3.76162902E-02
1.72467427E-01  8.93992996E+01  3.75882797E-02
1.72855430E-01  8.93543472E+01  3.75266820E-02
1.73243433E-01  8.93224945E+01  3.74710336E-02
1.73631436E-01  8.92446060E+01  3.74012217E-02
1.74019440E-01  8.93386230E+01  3.73866931E-02
1.74407443E-01  8.92542877E+01  3.73131260E-02
1.74795446E-01  8.92074738E+01  3.72534990E-02
1.75183449E-01  8.92098465E+01  3.72075066E-02
1.75571453E-01  8.91787872E+01  3.71554196E-02
1.75959456E-01  8.92013626E+01  3.71166281E-02
1.76347459E-01  8.91431580E+01  3.70526165E-02
1.76735462E-01  8.91003876E+01  3.70105393E-02
1.77123465E-01  8.90663605E+01  3.69613990E-02
1.77511469E-01  8.90908279E+01  3.69220749E-02
1.77899472E-01  8.89859772E+01  3.68361548E-02
1.78287475E-01  8.90082932E+01  3.67948189E-02
1.78675478E-01  8.90085831E+01  3.67547087E-02
1.79063481E-01  8.89549561E+01  3.66929509E-02
1.79451485E-01  8.88820343E+01  3.66337523E-02
1.79839488E-01  8.88525238E+01  3.65812853E-02
1.80227491E-01  8.88408661E+01  3.65329608E-02
1.80615494E-01  8.87629242E+01  3.64651866E-02
1.81003497E-01  8.87456894E+01  3.64230387E-02
1.81391501E-01  8.87405167E+01  3.63757014E-02
1.81779504E-01  8.87568817E+01  3.63288969E-02
1.82167507E-01  8.87515411E+01  3.62938717E-02
1.82555510E-01  8.87074509E+01  3.62405889E-02
1.82943514E-01  8.86023941E+01  3.61735523E-02
1.83331517E-01  8.86533432E+01  3.61500420E-02
1.83719520E-01  8.86651993E+01  3.61008197E-02
1.84107523E-01  8.85775604E+01  3.60401347E-02
1.84495526E-01  8.85959167E+01  3.59992720E-02
1.84883530E-01  8.85504150E+01  3.59438322E-02
1.85271533E-01  8.84423523E+01  3.58809195E-02
1.85659536E-01  8.83873138E+01  3.58278900E-02
1.86047539E-01  8.84109573E+01  3.58004160E-02
1.86435542E-01  8.83497543E+01  3.57363485E-02
1.86823546E-01  8.84478531E+01  3.57312895E-02
1.87211549E-01  8.83612976E+01  3.56704779E-02
1.87599552E-01  8.83504486E+01  3.56280096E-02
1.87987555E-01  8.83688354E+01  3.55979130E-02
1.88375558E-01  8.83440247E+01  3.55501547E-02
1.88763562E-01  8.82500458E+01  3.54901478E-02
1.89151565E-01  8.82231140E+01  3.54470983E-02
1.89539568E-01  8.81678619E+01  3.53921391E-02
1.89927571E-01  8.81403656E+01  3.53478119E-02
1.90315575E-01  8.81313248E+01  3.53104994E-02
1.90703578E-01  8.80827103E+01  3.52675728E-02
1.91091581E-01  8.80091553E+01  3.52071747E-02
1.91479584E-01  8.80240860E+01  3.51686440E-02
1.91867587E-01  8.80326385E+01  3.51339765E-02
1.92255591E-01  8.80014191E+01  3.50872055E-02
1.92643594E-01  8.79400482E+01  3.50348465E-02
1.93031597E-01  8.79269867E+01  3.49922925E-02
1.93419600E-01  8.79243546E+01  3.49510796E-02
1.93807603E-01  8.78866043E+01  3.49044874E-02
1.94195607E-01  8.78943176E+01  3.48677859E-02
1.94583610E-01  8.78151627E+01  3.48114409E-02
1.94971613E-01  8.77723923E+01  3.47634591E-02
1.95359616E-01  8.77020416E+01  3.47055309E-02
1.95747619E-01  8.77547531E+01  3.46812010E-02
1.96135623E-01  8.77623672E+01  3.47252600E-02
1.96523626E-01  8.77566833E+01  3.49475369E-02
1.96911629E-01  8.77389679E+01  3.50841880E-02
1.97299632E-01  8.76723099E+01  3.51623967E-02
1.97687636E-01  8.76752853E+01  3.52327898E-02
1.98075639E-01  8.77292633E+01  3.52986492E-02
1.98463642E-01  8.76635284E+01  3.53324935E-02
1.98851645E-01  8.76149292E+01  3.53688523E-02
1.99239648E-01  8.75428772E+01  3.53914984E-02
1.99627652E-01  8.75404358E+01  3.54208462E-02
2.00015655E-01  8.75499725E+01  3.54486816E-02
2.00403658E-01  8.75605164E+01  3.54862139E-02
2.00791661E-01  8.74614410E+01  3.54890153E-02
2.01179664E-01  8.73920441E+01  3.54895592E-02
2.01567668E-01  8.74625397E+01  3.55272293E-02
2.01955671E-01  8.73738480E+01  3.55230458E-02
2.02343674E-01  8.73836823E+01  3.55564281E-02
2.02731677E-01  8.73859711E+01  3.55645865E-02
2.03119680E-01  8.73137970E+01  3.54572274E-02
2.03507684E-01  8.72874908E+01  3.51964459E-02
2.03895687E-01  8.72642746E+01  3.50283608E-02
2.04283690E-01  8.71874313E+01  3.48749049E-02
2.04671693E-01  8.71845551E+01  3.47590223E-02
2.05059697E-01  8.71855927E+01  3.46809141E-02
2.05447700E-01  8.71727142E+01  3.46069634E-02
2.05835703E-01  8.70807953E+01  3.45019363E-02
2.06223706E-01  8.70597839E+01  3.44234183E-02
2.06611709E-01  8.70704422E+01  3.43589559E-02
2.06999713E-01  8.70006409E+01  3.42809446E-02
2.07387716E-01  8.69862976E+01  3.42207067E-02
2.07775719E-01  8.69540634E+01  3.41548063E-02
2.08163722E-01  8.69308777E+01  3.40969265E-02
2.08551725E-01  8.68722687E+01  3.40321064E-02
2.08939729E-01  8.69021912E+01  3.41079794E-02
2.09327732E-01  8.69219513E+01  3.42576951E-02
2.09715735E-01  8.68581085E+01  3.43335494E-02
2.10103738E-01  8.68163757E+01  3.43890265E-02
2.10491741E-01  8.68101730E+01  3.44457403E-02
2.10879745E-01  8.67736053E+01  3.44793573E-02
2.11267748E-01  8.68321609E+01  3.45259681E-02
2.11655751E-01  8.67818909E+01  3.45401242E-02
2.12043754E-01  8.67575150E+01  3.45630385E-02
2.12431757E-01  8.67892532E+01  3.45916152E-02
2.12819761E-01  8.67605743E+01  3.46042067E-02
2.13207764E-01  8.66837921E+01  3.45993079E-02
2.13595767E-01  8.67136841E+01  3.46204229E-02
2.13983770E-01  8.66434784E+01  3.46204266E-02
2.14371774E-01  8.65921860E+01  3.46182548E-02
2.14759777E-01  8.65661545E+01  3.46190222E-02
2.15147780E-01  8.64749680E+01  3.46040353E-02
2.15535783E-01  8.64995728E+01  3.46227363E-02
2.15923786E-01  8.64275513E+01  3.44873145E-02
2.16311790E-01  8.64495468E+01  3.42925899E-02
2.16699793E-01  8.63400650E+01  3.41138467E-02
2.17087796E-01  8.63697891E+01  3.40123102E-02
2.17475799E-01  8.62934113E+01  3.38968411E-02
2.17863802E-01  8.62477570E+01  3.37880217E-02
2.18251806E-01  8.62470474E+01  3.36867720E-02
2.18639809E-01  8.62075272E+01  3.35846320E-02
2.19027812E-01  8.62017365E+01  3.34932245E-02
2.19415815E-01  8.61670074E+01  3.34049538E-02
2.19803818E-01  8.61281586E+01  3.33374068E-02
2.20191822E-01  8.60861664E+01  3.32744308E-02
2.20579825E-01  8.60280914E+01  3.32129374E-02
2.20967828E-01  8.60066986E+01  3.31556052E-02
2.21355831E-01  8.59770813E+01  3.30862515E-02
2.21743835E-01  8.59565735E+01  3.30314636E-02
2.22131838E-01  8.59378815E+01  3.29858810E-02
2.22519841E-01  8.58358688E+01  3.29122022E-02
2.22907844E-01  8.58516388E+01  3.28681283E-02
2.23295847E-01  8.58242264E+01  3.28111276E-02
2.23683851E-01  8.58102875E+01  3.27647887E-02
2.24071854E-01  8.56951904E+01  3.27037647E-02
2.24459857E-01  8.56967773E+01  3.26888524E-02
2.24847860E-01  8.56192627E+01  3.26542743E-02
2.25235863E-01  8.56599884E+01  3.26398835E-02
2.25623867E-01  8.56520615E+01  3.26043665E-02
2.26011870E-01  8.56166534E+01  3.25606540E-02
2.26399873E-01  8.55439529E+01  3.25032957E-02
2.26787876E-01  8.54976959E+01  3.24560031E-02
2.27175879E-01  8.54632111E+01  3.24051082E-02
2.27563883E-01  8.55033340E+01  3.23705971E-02
2.27951886E-01  8.54759979E+01  3.23291421E-02
2.28339889E-01  8.53792267E+01  3.22705731E-02
2.28727892E-01  8.53531647E+01  3.22287306E-02
2.29115896E-01  8.53522339E+01  3.21856216E-02
2.29503899E-01  8.53553009E+01  3.21316943E-02
2.29891902E-01  8.52679596E+01  3.20526026E-02
2.30279905E-01  8.52469940E+01  3.19915526E-02
2.30667908E-01  8.52440338E+01  3.19423825E-02
2.31055912E-01  8.52041092E+01  3.18993889E-02
2.31443915E-01  8.51576996E+01  3.18620130E-02
2.31831918E-01  8.51591721E+01  3.18258628E-02
2.32219921E-01  8.51294937E+01  3.17751206E-02
2.32607924E-01  8.51165085E+01  3.17389295E-02
2.32995928E-01  8.49999466E+01  3.16783860E-02
2.33383931E-01  8.50080490E+01  3.16484794E-02
2.33771934E-01  8.49905090E+01  3.16121951E-02
2.34159937E-01  8.48733368E+01  3.15531082E-02
2.34547940E-01  8.49219971E+01  3.15394402E-02
2.34935944E-01  8.48827896E+01  3.14979479E-02
2.35323947E-01  8.48353500E+01  3.14519331E-02
2.35711950E-01  8.48323212E+01  3.14310379E-02
2.36099953E-01  8.47897110E+01  3.14079672E-02
2.36487957E-01  8.47636871E+01  3.13944928E-02
2.36875960E-01  8.46957855E+01  3.13638076E-02
2.37263963E-01  8.47174988E+01  3.13506499E-02
2.37651966E-01  8.46615448E+01  3.13112400E-02
2.38039969E-01  8.46138916E+01  3.12634744E-02
2.38427973E-01  8.46531830E+01  3.12397275E-02
2.38815976E-01  8.46328659E+01  3.12046148E-02
2.39203979E-01  8.45788727E+01  3.11606582E-02
2.39591982E-01  8.45083466E+01  3.11154667E-02
2.39979985E-01  8.45194778E+01  3.10975164E-02
2.40367989E-01  8.44901276E+01  3.10559273E-02
2.40755992E-01  8.44488602E+01  3.10121179E-02
2.41143995E-01  8.44059448E+01  3.09724770E-02
2.41531998E-01  8.43898773E+01  3.09385769E-02
2.41920001E-01  8.43452530E+01  3.09005938E-02
2.42308005E-01  8.43737488E+01  3.08798291E-02
2.42696008E-01  8.43189087E+01  3.08362059E-02
2.43084011E-01  8.42731476E+01  3.07988431E-02
2.43472014E-01  8.42559357E+01  3.07655372E-02
2.43860018E-01  8.42001038E+01  3.07299830E-02
2.44248021E-01  8.41818161E+01  3.06979120E-02
2.44636024E-01  8.41691360E+01  3.06630339E-02
2.45024027E-01  8.41378250E+01  3.06308232E-02
2.45412030E-01  8.40549088E+01  3.05897258E-02
2.45800034E-01  8.40250931E+01  3.05656698E-02
2.46188037E-01  8.39843445E+01  3.05214319E-02
2.46576040E-01  8.39732666E+01  3.04841641E-02
2.46964043E-01  8.39134216E+01  3.04453876E-02
2.47352046E-01  8.39321442E+01  3.04199792E-02
2.47740050E-01  8.39110718E+01  3.03855781E-02
2.48128053E-01  8.38515015E+01  3.03433780E-02
2.48516056E-01  8.38362427E+01  3.03185582E-02
2.48904059E-01  8.37867508E+01  3.02839018E-02
2.49292062E-01  8.37640686E+01  3.02424580E-02
2.49680066E-01  8.37430420E+01  3.02058104E-02
2.50068069E-01  8.37233658E+01  3.01772356E-02
2.50456072E-01  8.36512833E+01  3.01382877E-02
2.50844075E-01  8.36471710E+01  3.01075764E-02
2.51232079E-01  8.36400986E+01  3.00755464E-02
2.51620082E-01  8.36093369E+01  3.00432481E-02
2.52008085E-01  8.35385590E+01  2.99984179E-02
2.52396088E-01  8.35280838E+01  2.99682468E-02
2.52784091E-01  8.35207291E+01  2.99413390E-02
2.53172095E-01  8.34382172E+01  2.99012847E-02
2.53560098E-01  8.33833160E+01  2.98645291E-02
2.53948101E-01  8.33873825E+01  2.98356172E-02
2.54336104E-01  8.33706512E+01  2.98038237E-02
2.54724107E-01  8.33756561E+01  2.97891758E-02
2.55112111E-01  8.33258209E+01  2.97637619E-02
2.55500114E-01  8.32924347E+01  2.97185741E-02
2.55888117E-01  8.32326279E+01  2.96666883E-02
2.56276120E-01  8.32772751E+01  2.96532456E-02
2.56664123E-01  8.32388382E+01  2.96177957E-02
2.57052127E-01  8.32207336E+01  2.95944270E-02
2.57440130E-01  8.31081314E+01  2.95426305E-02
2.57828133E-01  8.30966492E+01  2.95174755E-02
2.58216136E-01  8.30933685E+01  2.94975583E-02
2.58604139E-01  8.30848770E+01  2.94699967E-02
2.58992143E-01  8.30586395E+01  2.94336770E-02
2.59380146E-01  8.30533295E+01  2.94064246E-02
2.59768149E-01  8.29542084E+01  2.93660667E-02
2.60156152E-01  8.29017944E+01  2.93368883E-02
2.60544156E-01  8.28540802E+01  2.93024629E-02
2.60932159E-01  8.28260345E+01  2.92696711E-02
2.61320162E-01  8.28396759E+01  2.92455014E-02
2.61708165E-01  8.28058624E+01  2.92190276E-02
2.62096168E-01  8.28179092E+01  2.92024314E-02
2.62484172E-01  8.27697220E+01  2.91673187E-02
2.62872175E-01  8.26908188E+01  2.91242693E-02
2.63260178E-01  8.26327515E+01  2.90849451E-02
2.63648181E-01  8.26616669E+01  2.90708933E-02
2.64036184E-01  8.25885468E+01  2.90283114E-02
2.64424188E-01  8.25902863E+01  2.90121641E-02
2.64812191E-01  8.25581512E+01  2.89858226E-02
2.65200194E-01  8.25449448E+01  2.89536268E-02
2.65588197E-01  8.25146332E+01  2.89198346E-02
2.65976200E-01  8.24659271E+01  2.88855247E-02
2.66364204E-01  8.24219208E+01  2.88581364E-02
2.66752207E-01  8.23780670E+01  2.88277604E-02
2.67140210E-01  8.23739090E+01  2.88036652E-02
2.67528213E-01  8.23661118E+01  2.87789758E-02
2.67916217E-01  8.23200226E+01  2.87452936E-02
2.68304220E-01  8.22644043E+01  2.87154857E-02
2.68692223E-01  8.22234497E+01  2.86815129E-02
2.69080226E-01  8.22148819E+01  2.86551025E-02
2.69468229E-01  8.21533661E+01  2.86233835E-02
2.69856233E-01  8.21306915E+01  2.85963770E-02
2.70244236E-01  8.21037750E+01  2.85671446E-02
2.70632239E-01  8.20550308E+01  2.85300110E-02
2.71020242E-01  8.20385818E+01  2.85063200E-02
2.71408245E-01  8.20258560E+01  2.84849200E-02
2.71796249E-01  8.20196838E+01  2.84614861E-02
2.72184252E-01  8.19693069E+01  2.84291953E-02
2.72572255E-01  8.19449692E+01  2.83995215E-02
2.72960258E-01  8.18842926E+01  2.83659492E-02
2.73348261E-01  8.18303680E+01  2.83342302E-02
2.73736265E-01  8.18496475E+01  2.83156130E-02
2.74124268E-01  8.18809204E+01  2.83031203E-02
2.74512271E-01  8.17710419E+01  2.82595698E-02
2.74900274E-01  8.17170486E+01  2.82301363E-02
2.75288278E-01  8.17106400E+01  2.82053296E-02
2.75676281E-01  8.16614532E+01  2.81730294E-02
2.76064284E-01  8.15997467E+01  2.81422138E-02
2.76452287E-01  8.16115570E+01  2.81263627E-02
2.76840290E-01  8.16246872E+01  2.81027518E-02
2.77228294E-01  8.15845947E+01  2.80701667E-02
2.77616297E-01  8.15442352E+01  2.80455891E-02
2.78004300E-01  8.15416794E+01  2.80242860E-02
2.78392303E-01  8.14714890E+01  2.80407257E-02
2.78780306E-01  8.15197906E+01  2.82047503E-02
2.79168310E-01  8.14544373E+01  2.82907989E-02
2.79556313E-01  8.13392868E+01  2.83402316E-02
2.79944316E-01  8.13285446E+01  2.83868965E-02
2.80332319E-01  8.13432465E+01  2.84271538E-02
2.80720322E-01  8.12888412E+01  2.84541585E-02
2.81108326E-01  8.12043762E+01  2.84773074E-02
2.81496329E-01  8.12122192E+01  2.85057668E-02
2.81884332E-01  8.12063904E+01  2.85203401E-02
2.82272335E-01  8.12242126E+01  2.85453163E-02
2.82660339E-01  8.11954193E+01  2.85581835E-02
2.83048342E-01  8.11316071E+01  2.85689123E-02
2.83436345E-01  8.11324005E+01  2.85893679E-02
2.83824348E-01  8.10888824E+01  2.85991672E-02
2.84212351E-01  8.10341644E+01  2.85995118E-02
2.84600355E-01  8.10068512E+01  2.86032762E-02
2.84988358E-01  8.10137939E+01  2.86249518E-02
2.85376361E-01  8.09068146E+01  2.85496172E-02
2.85764364E-01  8.08784561E+01  2.83716917E-02
2.86152367E-01  8.08183746E+01  2.83929110E-02
2.86540371E-01  8.07458954E+01  2.84627341E-02
2.86928374E-01  8.06715546E+01  2.84942240E-02
2.87316377E-01  8.06876144E+01  2.86720283E-02
2.87704380E-01  8.06918793E+01  2.88325399E-02
2.88092383E-01  8.06815262E+01  2.89215837E-02
2.88480387E-01  8.06722412E+01  2.89853718E-02
2.88868390E-01  8.06387863E+01  2.90458165E-02
2.89256393E-01  8.06184921E+01  2.90815979E-02
2.89644396E-01  8.05721283E+01  2.91014072E-02
2.90032400E-01  8.05273056E+01  2.91303359E-02
2.90420403E-01  8.04999161E+01  2.91573517E-02
2.90808406E-01  8.05056915E+01  2.91881803E-02
2.91196409E-01  8.05070496E+01  2.93169282E-02
2.91584412E-01  8.04214783E+01  2.95043290E-02
2.91972416E-01  8.04033279E+01  2.96670459E-02
2.92360419E-01  8.04781647E+01  2.98302621E-02
2.92748422E-01  8.04056091E+01  2.99465060E-02
2.93136425E-01  8.03588104E+01  3.00564878E-02
2.93524428E-01  8.03752213E+01  3.01804803E-02
2.93912432E-01  8.03246613E+01  3.02708093E-02
2.94300435E-01  8.03177414E+01  3.03529538E-02
2.94688438E-01  8.02912445E+01  3.04249823E-02
2.95076441E-01  8.02242584E+01  3.04815657E-02
2.95464444E-01  8.02611694E+01  3.05853523E-02
2.95852448E-01  8.01989899E+01  3.06588225E-02
2.96240451E-01  8.02524719E+01  3.07585448E-02
2.96628454E-01  8.01958008E+01  3.08326278E-02
2.97016457E-01  8.01528549E+01  3.09098698E-02
2.97404460E-01  8.00421906E+01  3.09732743E-02
2.97792464E-01  8.00170822E+01  3.10490783E-02
2.98180467E-01  8.00170135E+01  3.11303288E-02
2.98568470E-01  7.99848480E+01  3.11988145E-02
2.98956473E-01  7.99997101E+01  3.12823728E-02
2.99344477E-01  7.99117126E+01  3.13492753E-02
2.99732480E-01  7.98907242E+01  3.14086303E-02
3.00120483E-01  7.99003143E+01  3.14830206E-02
3.00508486E-01  7.98972778E+01  3.15611735E-02
3.00896489E-01  7.98395844E+01  3.16388011E-02
3.01284493E-01  7.99053650E+01  3.17668803E-02
3.01672496E-01  7.98159180E+01  3.18360701E-02
3.02060499E-01  7.97151031E+01  3.19015421E-02
3.02448502E-01  7.96841812E+01  3.19609679E-02
3.02836505E-01  7.96912308E+01  3.20314653E-02
3.03224509E-01  7.97039642E+01  3.21157314E-02
3.03612512E-01  7.96299591E+01  3.21526602E-02
3.04000515E-01  7.96433105E+01  3.22220400E-02
3.04388518E-01  7.96474228E+01  3.22830155E-02
3.04776521E-01  7.95379333E+01  3.23183052E-02
3.05164525E-01  7.94913788E+01  3.23782898E-02
3.05552528E-01  7.94672089E+01  3.24410312E-02
3.05940531E-01  7.94820099E+01  3.25059332E-02
3.06328534E-01  7.94919281E+01  3.25452089E-02
3.06716538E-01  7.94074249E+01  3.25550400E-02
3.07104541E-01  7.93829193E+01  3.25831920E-02
3.07492544E-01  7.93815079E+01  3.26444618E-02
3.07880547E-01  7.93173065E+01  3.26939337E-02
3.08268550E-01  7.93057556E+01  3.27313058E-02
3.08656554E-01  7.93027802E+01  3.27666625E-02
3.09044557E-01  7.93287964E+01  3.28085646E-02
3.09432560E-01  7.92567596E+01  3.28251682E-02
3.09820563E-01  7.92146454E+01  3.28413732E-02
3.10208566E-01  7.91334076E+01  3.28477770E-02
3.10596570E-01  7.91521149E+01  3.28935534E-02
3.10984573E-01  7.91125107E+01  3.29216197E-02
3.11372576E-01  7.90583878E+01  3.29522230E-02
3.11760579E-01  7.90773773E+01  3.30087766E-02
3.12148582E-01  7.90522079E+01  3.30663696E-02
3.12536586E-01  7.89236908E+01  3.30898128E-02
3.12924589E-01  7.89469757E+01  3.31527777E-02
3.13312592E-01  7.89134216E+01  3.31829824E-02
3.13700595E-01  7.88908920E+01  3.32011357E-02
3.14088599E-01  7.88272171E+01  3.32189389E-02
3.14476602E-01  7.87944489E+01  3.32334526E-02
3.14864605E-01  7.88461456E+01  3.32699269E-02
3.15252608E-01  7.87455368E+01  3.32729518E-02
3.15640611E-01  7.86914825E+01  3.32880542E-02
3.16028615E-01  7.87222290E+01  3.33449468E-02
3.16416618E-01  7.86986160E+01  3.33689526E-02
3.16804621E-01  7.86351395E+01  3.34037468E-02
3.17192624E-01  7.85832977E+01  3.34594212E-02
3.17580627E-01  7.85710373E+01  3.35127749E-02
3.17968631E-01  7.85429459E+01  3.35462280E-02
3.18356634E-01  7.85209351E+01  3.35794017E-02
3.18744637E-01  7.85218353E+01  3.36410441E-02
3.19132640E-01  7.84426041E+01  3.36702503E-02
3.19520643E-01  7.84559174E+01  3.37273031E-02
3.19908647E-01  7.83777847E+01  3.37578580E-02
3.20296650E-01  7.84249954E+01  3.38236615E-02
3.20684653E-01  7.83287582E+01  3.38546149E-02
3.21072656E-01  7.83056870E+01  3.38997208E-02
3.21460660E-01  7.82345963E+01  3.39342766E-02
3.21848663E-01  7.82413788E+01  3.39918546E-02
3.22236666E-01  7.82083817E+01  3.40309814E-02
3.22624669E-01  7.81779938E+01  3.40816826E-02
3.23012672E-01  7.81391449E+01  3.41155455E-02
3.23400676E-01  7.80797501E+01  3.41538154E-02
3.23788679E-01  7.80710907E+01  3.42090242E-02
3.24176682E-01  7.80244980E+01  3.42416726E-02
3.24564685E-01  7.81008148E+01  3.43178511E-02
3.24952688E-01  7.79901505E+01  3.43317762E-02
3.25340692E-01  7.79549942E+01  3.43882702E-02
3.25728695E-01  7.78825531E+01  3.44239436E-02
3.26116698E-01  7.79296570E+01  3.44866328E-02
3.26504701E-01  7.79046326E+01  3.45167927E-02
3.26892704E-01  7.78654480E+01  3.45511809E-02
3.27280708E-01  7.78342819E+01  3.46027836E-02
3.27668711E-01  7.78213272E+01  3.46440487E-02
3.28056714E-01  7.77802734E+01  3.46854851E-02
3.28444717E-01  7.77344131E+01  3.47237028E-02
3.28832721E-01  7.77585907E+01  3.47800665E-02
3.29220724E-01  7.76781464E+01  3.48083600E-02
3.29608727E-01  7.76690369E+01  3.48559208E-02
3.29996730E-01  7.76323318E+01  3.49048153E-02
3.30384733E-01  7.75740814E+01  3.49411443E-02
3.30772737E-01  7.76232376E+01  3.50199416E-02
3.31160740E-01  7.75170746E+01  3.50417905E-02
3.31548743E-01  7.74621506E+01  3.50632295E-02
3.31936746E-01  7.74930878E+01  3.51219773E-02
3.32324749E-01  7.74440460E+01  3.51476036E-02
3.32712753E-01  7.73842316E+01  3.51856239E-02
3.33100756E-01  7.73145523E+01  3.52182835E-02
3.33488759E-01  7.73028946E+01  3.52594778E-02
3.33876762E-01  7.73013153E+01  3.53123322E-02
3.34264765E-01  7.72866364E+01  3.53561416E-02
3.34652769E-01  7.72149124E+01  3.53888161E-02
3.35040772E-01  7.71884460E+01  3.54216658E-02
3.35428775E-01  7.72770844E+01  3.55015546E-02
3.35816778E-01  7.72179794E+01  3.55333239E-02
3.36204781E-01  7.71528778E+01  3.55608538E-02
3.36592785E-01  7.71102448E+01  3.56076434E-02
3.36980788E-01  7.71067429E+01  3.56533751E-02
3.37368791E-01  7.70178070E+01  3.56786922E-02
3.37756794E-01  7.70632477E+01  3.57403867E-02
3.38144798E-01  7.69410248E+01  3.57547924E-02
3.38532801E-01  7.69081879E+01  3.58135179E-02
3.38920804E-01  7.68893661E+01  3.58463600E-02
3.39308807E-01  7.68465118E+01  3.58796231E-02
3.39696810E-01  7.68674850E+01  3.59342806E-02
3.40084814E-01  7.68551331E+01  3.59797329E-02
3.40472817E-01  7.68244400E+01  3.60363871E-02
3.40860820E-01  7.67810745E+01  3.60989235E-02
3.41248823E-01  7.67055817E+01  3.61216664E-02
3.41636826E-01  7.67024307E+01  3.61420065E-02
3.42024830E-01  7.66244278E+01  3.61802243E-02
3.42412833E-01  7.65872955E+01  3.62176895E-02
3.42800836E-01  7.65459671E+01  3.62388939E-02
3.43188839E-01  7.66351624E+01  3.63188013E-02
3.43576842E-01  7.65390472E+01  3.63305286E-02
3.43964846E-01  7.64684067E+01  3.63661423E-02
3.44352849E-01  7.65115662E+01  3.64356861E-02
3.44740852E-01  7.64840164E+01  3.64817604E-02
3.45128855E-01  7.65009079E+01  3.65272723E-02
3.45516859E-01  7.64668045E+01  3.65569666E-02
3.45904862E-01  7.63554230E+01  3.65835018E-02
3.46292865E-01  7.63064957E+01  3.66136096E-02
3.46680868E-01  7.62691803E+01  3.66494879E-02
3.47068871E-01  7.62890015E+01  3.66945863E-02
3.47456875E-01  7.62075806E+01  3.66919860E-02
3.47844878E-01  7.62108078E+01  3.67208682E-02
3.48232881E-01  7.61835785E+01  3.67360339E-02
3.48620884E-01  7.61252441E+01  3.67369279E-02
3.49008887E-01  7.61265488E+01  3.67366821E-02
3.49396891E-01  7.60811386E+01  3.67446132E-02
3.49784894E-01  7.60664215E+01  3.67638841E-02
3.50172897E-01  7.59972382E+01  3.67432795E-02
3.50560900E-01  7.59423523E+01  3.67521457E-02
3.50948903E-01  7.58906631E+01  3.67560871E-02
3.51336907E-01  7.59232559E+01  3.68003175E-02
3.51724910E-01  7.59133301E+01  3.68324891E-02
3.52112913E-01  7.58611298E+01  3.68635319E-02
3.52500916E-01  7.58292160E+01  3.69119719E-02
3.52888920E-01  7.57555084E+01  3.69286835E-02
3.53276923E-01  7.57118988E+01  3.69763859E-02
3.53664926E-01  7.56820526E+01  3.70141454E-02
3.54052929E-01  7.56223602E+01  3.70317660E-02
3.54440932E-01  7.57149582E+01  3.71006429E-02
3.54828936E-01  7.56579361E+01  3.71024013E-02
3.55216939E-01  7.56273422E+01  3.71133760E-02
3.55604942E-01  7.56013565E+01  3.71143147E-02
3.55992945E-01  7.54865799E+01  3.71022001E-02
3.56380948E-01  7.55109406E+01  3.71230915E-02
3.56768952E-01  7.55175171E+01  3.71382050E-02
3.57156955E-01  7.54722137E+01  3.71546857E-02
3.57544958E-01  7.54765396E+01  3.71475890E-02
3.57932961E-01  7.54335861E+01  3.71475331E-02
3.58320964E-01  7.53473053E+01  3.71454246E-02
3.58708968E-01  7.53214264E+01  3.71708721E-02
3.59096971E-01  7.52609406E+01  3.71925533E-02
3.59484974E-01  7.52819672E+01  3.72423679E-02
3.59872977E-01  7.52649155E+01  3.72906365E-02
3.60260981E-01  7.52205658E+01  3.73139866E-02
3.60648984E-01  7.52581940E+01  3.73948887E-02
3.61036987E-01  7.51049805E+01  3.77002396E-02
3.61424990E-01  7.51588516E+01  3.83236036E-02
3.61812993E-01  7.51377716E+01  3.87167856E-02
3.62200997E-01  7.51557312E+01  3.90635133E-02
3.62589000E-01  7.50788803E+01  3.93192060E-02
3.62977003E-01  7.50740280E+01  3.95500101E-02
3.63365006E-01  7.51022949E+01  3.98013778E-02
3.63753009E-01  7.50783386E+01  4.00395356E-02
3.64141013E-01  7.50456161E+01  4.02512625E-02
3.64529016E-01  7.50308990E+01  4.04803976E-02
3.64917019E-01  7.49687347E+01  4.06652652E-02
3.65305022E-01  7.49404221E+01  4.08732705E-02
3.65693025E-01  7.49243011E+01  4.10800427E-02
3.66081029E-01  7.48685760E+01  4.12651859E-02
3.66469032E-01  7.48695908E+01  4.14769724E-02
3.66857035E-01  7.48860397E+01  4.16709594E-02
3.67245038E-01  7.48906021E+01  4.18858640E-02
3.67633042E-01  7.48734741E+01  4.20770794E-02
3.68021045E-01  7.48467560E+01  4.22667749E-02
3.68409048E-01  7.48391800E+01  4.24666442E-02
3.68797051E-01  7.48114471E+01  4.26426418E-02
3.69185054E-01  7.48083878E+01  4.28521335E-02
3.69573058E-01  7.46967697E+01  4.30104807E-02
3.69961061E-01  7.47175522E+01  4.32432964E-02
3.70349064E-01  7.46860962E+01  4.34063599E-02
3.70737067E-01  7.46933975E+01  4.35876437E-02
3.71125070E-01  7.46089325E+01  4.37670052E-02
3.71513074E-01  7.45065079E+01  4.39185426E-02
3.71901077E-01  7.45062866E+01  4.41314057E-02
3.72289080E-01  7.44905014E+01  4.43123579E-02
3.72677083E-01  7.44249496E+01  4.44984511E-02
3.73065086E-01  7.44550476E+01  4.47087474E-02
3.73453090E-01  7.44759598E+01  4.47983071E-02
3.73841093E-01  7.44063339E+01  4.48834412E-02
3.74229096E-01  7.43465805E+01  4.50331382E-02
3.74617099E-01  7.43594360E+01  4.52346243E-02
3.75005103E-01  7.43275833E+01  4.53966185E-02
3.75393106E-01  7.43600845E+01  4.56045493E-02
3.75781109E-01  7.41870499E+01  4.57568578E-02
3.76169112E-01  7.42410355E+01  4.59636971E-02
3.76557115E-01  7.42740021E+01  4.61921133E-02
3.76945119E-01  7.41721802E+01  4.63558286E-02
3.77333122E-01  7.41561737E+01  4.65584137E-02
3.77721125E-01  7.40963898E+01  4.67371792E-02
3.78109128E-01  7.41466522E+01  4.69533578E-02
3.78497131E-01  7.41262512E+01  4.71826047E-02
3.78885135E-01  7.40796127E+01  4.73729447E-02
3.79273138E-01  7.40884018E+01  4.76183146E-02
3.79661141E-01  7.40111084E+01  4.77727465E-02
3.80049144E-01  7.39769440E+01  4.79625911E-02
3.80437147E-01  7.38468170E+01  4.81526591E-02
3.80825151E-01  7.38643036E+01  4.83539775E-02
3.81213154E-01  7.39187241E+01  4.86071818E-02
3.81601157E-01  7.39561234E+01  4.88417782E-02
3.81989160E-01  7.38598480E+01  4.90312986E-02
3.82377163E-01  7.37432098E+01  4.92133573E-02
3.82765167E-01  7.37661438E+01  4.94351834E-02
3.83153170E-01  7.38008347E+01  4.97087799E-02
3.83541173E-01  7.37222519E+01  4.98783328E-02
3.83929176E-01  7.37556915E+01  5.01444526E-02
3.84317180E-01  7.36832123E+01  5.03421836E-02
3.84705183E-01  7.36779938E+01  5.05786315E-02
3.85093186E-01  7.36488876E+01  5.08296974E-02
3.85481189E-01  7.36215286E+01  5.10328636E-02
3.85869192E-01  7.35753174E+01  5.12801595E-02
3.86257196E-01  7.35368195E+01  5.15041277E-02
3.86645199E-01  7.35979309E+01  5.17916605E-02
3.87033202E-01  7.34938202E+01  5.19945733E-02
3.87421205E-01  7.35186005E+01  5.22423461E-02
3.87809208E-01  7.34994354E+01  5.25296703E-02
3.88197212E-01  7.34286957E+01  5.27416095E-02
3.88585215E-01  7.34069366E+01  5.30090630E-02
3.88973218E-01  7.33572388E+01  5.32448106E-02
3.89361221E-01  7.33823700E+01  5.35198972E-02
3.89749224E-01  7.33154297E+01  5.37650883E-02
3.90137228E-01  7.34144363E+01  5.40882759E-02
3.90525231E-01  7.32632751E+01  5.43145947E-02
3.90913234E-01  7.31622925E+01  5.45343086E-02
3.91301237E-01  7.31503448E+01  5.48383780E-02
3.91689241E-01  7.32198792E+01  5.51470928E-02
3.92077244E-01  7.31732559E+01  5.54011352E-02
3.92465247E-01  7.31816711E+01  5.57349138E-02
3.92853250E-01  7.31697311E+01  5.60086593E-02
3.93241253E-01  7.32174377E+01  5.63478842E-02
3.93629257E-01  7.31036835E+01  5.65823242E-02
3.94017260E-01  7.31068344E+01  5.69048114E-02
3.94405263E-01  7.30650330E+01  5.72175868E-02
3.94793266E-01  7.30028534E+01  5.74901812E-02
3.95181269E-01  7.30434952E+01  5.78657389E-02
3.95569273E-01  7.28956070E+01  5.80965653E-02
3.95957276E-01  7.29732208E+01  5.84845245E-02
3.96345279E-01  7.30031738E+01  5.88292107E-02
3.96733282E-01  7.29106903E+01  5.91171607E-02
3.97121285E-01  7.28438492E+01  5.94583154E-02
3.97509289E-01  7.27678833E+01  5.97597286E-02
3.97897292E-01  7.28515930E+01  6.01862669E-02
3.98285295E-01  7.27702026E+01  6.04940839E-02
3.98673298E-01  7.26782913E+01  6.08309805E-02
3.99061302E-01  7.27425537E+01  6.12067208E-02
3.99449305E-01  7.26932678E+01  6.14539757E-02
3.99837308E-01  7.27305832E+01  6.17302433E-02
4.00225311E-01  7.27497253E+01  6.19447902E-02
4.00613314E-01  7.27425690E+01  6.21992350E-02
4.01001318E-01  7.25781555E+01  6.23482652E-02
4.01389321E-01  7.25314789E+01  6.25448078E-02
4.01777324E-01  7.26023178E+01  6.28279001E-02
4.02165327E-01  7.25697327E+01  6.30262047E-02
4.02553330E-01  7.25919876E+01  6.33107126E-02
4.02941334E-01  7.25819626E+01  6.35262206E-02
4.03329337E-01  7.24801865E+01  6.36994764E-02
4.03717340E-01  7.24896317E+01  6.39915690E-02
4.04105343E-01  7.23894501E+01  6.42249882E-02
4.04493346E-01  7.24874649E+01  6.46725744E-02
4.04881350E-01  7.22654953E+01  6.49619848E-02
4.05269353E-01  7.23408432E+01  6.54737800E-02
4.05657356E-01  7.23917694E+01  6.59498125E-02
4.06045359E-01  7.23344879E+01  6.63783923E-02
4.06433363E-01  7.22401276E+01  6.68074489E-02
4.06821366E-01  7.22653809E+01  6.72845542E-02
4.07209369E-01  7.22661667E+01  6.77827746E-02
4.07597372E-01  7.21762238E+01  6.82339072E-02
4.07985375E-01  7.21215744E+01  6.86696023E-02
4.08373379E-01  7.21320343E+01  6.90777749E-02
4.08761382E-01  7.21346970E+01  6.94057643E-02
4.09149385E-01  7.20626297E+01  6.96677268E-02
4.09537388E-01  7.21594696E+01  7.00358078E-02
4.09925391E-01  7.20167160E+01  7.02552050E-02
4.10313395E-01  7.20172424E+01  7.05774575E-02
4.10701398E-01  7.20055237E+01  7.08790421E-02
4.11089401E-01  7.19678116E+01  7.11672902E-02
4.11477404E-01  7.19908905E+01  7.15091825E-02
4.11865407E-01  7.19672699E+01  7.18229860E-02
4.12253411E-01  7.17697067E+01  7.20079690E-02
4.12641414E-01  7.18870468E+01  7.24328458E-02
4.13029417E-01  7.18307953E+01  7.27175251E-02
4.13417420E-01  7.18558731E+01  7.30867684E-02
4.13805424E-01  7.16221390E+01  7.32693449E-02
4.14193427E-01  7.17862778E+01  7.37185925E-02
4.14581430E-01  7.16105728E+01  7.39468858E-02
4.14969433E-01  7.16592178E+01  7.43569583E-02
4.15357436E-01  7.15829239E+01  7.46487975E-02
4.15745440E-01  7.16202393E+01  7.50515088E-02
4.16133443E-01  7.15632706E+01  7.53757954E-02
4.16521446E-01  7.15594025E+01  7.57512972E-02
4.16909449E-01  7.14783020E+01  7.60640129E-02
4.17297452E-01  7.15118103E+01  7.64660463E-02
4.17685456E-01  7.13919525E+01  7.67843798E-02
4.18073459E-01  7.11626053E+01  7.70301595E-02
4.18461462E-01  7.13246002E+01  7.75295421E-02
4.18849465E-01  7.14858322E+01  7.80035853E-02
4.19237468E-01  7.13754044E+01  7.83123896E-02
4.19625472E-01  7.13285828E+01  7.87235871E-02
4.20013475E-01  7.12044220E+01  7.90520310E-02
4.20401478E-01  7.13193283E+01  7.95555338E-02
4.20789481E-01  7.12688599E+01  7.99542740E-02
4.21177484E-01  7.11043243E+01  8.02743435E-02
4.21565488E-01  7.10659332E+01  8.06842074E-02
4.21953491E-01  7.11144257E+01  8.11943486E-02
4.22341494E-01  7.09498825E+01  8.15199986E-02
4.22729497E-01  7.09822235E+01  8.19965154E-02
4.23117501E-01  7.08071518E+01  8.23163614E-02
4.23505504E-01  7.08114929E+01  8.27961639E-02
4.23893507E-01  7.08176117E+01  8.32820237E-02
4.24281510E-01  7.09155655E+01  8.38312805E-02
4.24669513E-01  7.08324203E+01  8.42511952E-02
4.25057517E-01  7.07466278E+01  8.47334340E-02
4.25445520E-01  7.05930328E+01  8.51049870E-02
4.25833523E-01  7.07655945E+01  8.57576728E-02
4.26221526E-01  7.06458282E+01  8.61955285E-02
4.26609529E-01  7.06627884E+01  8.67012963E-02
4.26997533E-01  7.07598724E+01  8.73154849E-02
4.27385536E-01  7.05652161E+01  8.77341181E-02
4.27773539E-01  7.05624390E+01  8.82996321E-02
4.28161542E-01  7.06285629E+01  8.89156908E-02
4.28549545E-01  7.06241150E+01  8.94694179E-02
4.28937549E-01  7.06020813E+01  9.00534093E-02
4.29325552E-01  7.03376160E+01  9.04523879E-02
4.29713555E-01  7.04594193E+01  9.11676735E-02
4.30101558E-01  7.04796982E+01  9.17672515E-02


### HEADER:
#
#{
#    "Conc": "0",
#    "analysis": {},
#    "calibration_params": {
#        "Beam_Center_X": 739.0457667593599,
#        "Beam_Center_Y": 749.1905114608388,
#        "Detector Tilt": 0.2562910903638858,
#        "Detector Tilt Plane Rotation": 132.57722223850126,
#        "Detector_X_Pixel_Size": 172.0,
#        "Detector_Y_Pixel_Size": 172.0,
#        "Integration Method": "full_csr",
#        "Radial_Average_Method": "pyFAI",
#        "Sample-to-detector distance (mm)": 2690.0,
#        "Wavelength (A)": 1.0332016536100022
#    },
#    "config_file": "C:\\Users\\biosaxs\\Desktop\\userdata\\cfg\\20231104.cfg",
#    "counters": {
#        "Code": "",
#        "Concentration_mg/ml": "0",
#        "Description": "buffer2",
#        "Exposure_time_s": "1.0",
#        "Run_Number": "12",
#        "SAXS_Position": "saxs",
#        "SR_Current": "210.23831082mA",
#        "Timestamp": "2023-11-05  11:07:21.329025",
#        "Transmitted_Beam": "0.83513491619",
#        "Wavelength_nm": "0.1033nm"
#    },
#    "filename": "A_buffer2_0012_00020",
#    "history": {
#        "averaged_files": [
#            [
#                "buffer2_0012_00020.tif"
#            ],
#            [
#                "buffer2_0012_00019.tif"
#            ],
#            [
#                "buffer2_0012_00018.tif"
#            ],
#            [
#                "buffer2_0012_00017.tif"
#            ],
#            [
#                "buffer2_0012_00016.tif"
#            ],
#            [
#                "buffer2_0012_00015.tif"
#            ],
#            [
#                "buffer2_0012_00014.tif"
#            ],
#            [
#                "buffer2_0012_00013.tif"
#            ],
#            [
#                "buffer2_0012_00012.tif"
#            ],
#            [
#                "buffer2_0012_00011.tif"
#            ],
#            [
#                "buffer2_0012_00010.tif"
#            ],
#            [
#                "buffer2_0012_00009.tif"
#            ],
#            [
#                "buffer2_0012_00008.tif"
#            ],
#            [
#                "buffer2_0012_00007.tif"
#            ],
#            [
#                "buffer2_0012_00006.tif"
#            ],
#            [
#                "buffer2_0012_00005.tif"
#            ],
#            [
#                "buffer2_0012_00004.tif"
#            ],
#            [
#                "buffer2_0012_00003.tif"
#            ],
#            [
#                "buffer2_0012_00002.tif"
#            ],
#            [
#                "buffer2_0012_00001.tif"
#            ]
#        ]
#    },
#    "imageHeader": {
#        "Alpha": "0.0000 deg.",
#        "Angle_increment": "0.1000 deg.",
#        "Beam_xy": "(0.00, 0.00) pixels",
#        "Chi": "0.0000 deg.",
#        "Count_cutoff": "1157021 counts",
#        "Detector_2theta": "0.0000 deg.",
#        "Detector_Voffset": "0.00000 m",
#        "Detector_distance": "1.00000 m",
#        "Energy_range": "(0, 0) eV",
#        "Excluded_pixels": "badpix_mask.tif",
#        "Exposure_period": "1.1000000 s",
#        "Exposure_time": "1.0000000 s",
#        "Filter_transmission": "1.0000",
#        "Flat_field": "FF_p24-0163_E12000_T6000_vrf_m0p100.tif",
#        "Flux": "0.000000",
#        "Gain_setting": "autog (vrf = 1.000)",
#        "Image_path": "/public/Data/2023/202311/20231105/xiaoxia/LNP/",
#        "Kappa": "0.0000 deg.",
#        "N_excluded_pixels": "61",
#        "N_oscillations": "1",
#        "Oscillation_axis": "X, CW",
#        "Phi": "0.0000 deg.",
#        "Pixel_size": "172e-6 m x 172e-6 m",
#        "Polarization": "0.990",
#        "Ratecorr_lut_directory": "ContinuousStandard_v1.1",
#        "Retrigger_mode": "1",
#        "Silicon": "sensor, thickness 0.000450",
#        "Tau": "0 s",
#        "Threshold_setting": "6000 eV",
#        "Trim_file": "p24-0163_E12000_T6000.bin",
#        "Wavelength (A)": "1.54000 A"
#    },
#    "normalizations": {
#        "Counter_norms": [
#            [
#                "/",
#                "Transmitted_Beam"
#            ]
#        ],
#        "Polarization": {
#            "Used": false
#        },
#        "Solid_Angle_Correction": "On"
#    },
#    "raw_version": "2.1.1"
#}

