### DATA:
#
# 1093
#      Q             I(Q)           Error     
6.40205297E-03  5.92055859E+03  2.42519665E+00
6.79005618E-03  5.19042041E+03  1.97405648E+00
7.17805939E-03  4.49667480E+03  1.65424061E+00
7.56606260E-03  3.79025928E+03  1.42719626E+00
7.95406581E-03  3.16287256E+03  1.27398705E+00
8.34206902E-03  2.65793335E+03  1.14337552E+00
8.73007223E-03  2.27139453E+03  1.02583838E+00
9.11807544E-03  1.95601245E+03  9.14093614E-01
9.50607865E-03  1.69462231E+03  8.18452358E-01
9.89408186E-03  1.47547632E+03  7.38596082E-01
1.02820851E-02  1.29505188E+03  6.70564651E-01
1.06700883E-02  1.13945935E+03  6.11364663E-01
1.10580915E-02  1.01040204E+03  5.60580015E-01
1.14460947E-02  9.00022156E+02  5.15543222E-01
1.18340979E-02  8.04815369E+02  4.76606458E-01
1.22221011E-02  7.23219788E+02  4.41569328E-01
1.26101043E-02  6.53688782E+02  4.11014885E-01
1.29981075E-02  5.93557373E+02  3.83942366E-01
1.33861107E-02  5.40895813E+02  3.59230280E-01
1.37741140E-02  4.94385406E+02  3.37126613E-01
1.41621172E-02  4.54175964E+02  3.17381531E-01
1.45501204E-02  4.18563080E+02  2.99463242E-01
1.49381236E-02  3.87225433E+02  2.83310235E-01
1.53261268E-02  3.59274750E+02  2.68566191E-01
1.57141300E-02  3.35036469E+02  2.55358398E-01
1.61021332E-02  3.12681091E+02  2.42807955E-01
1.64901364E-02  2.92302551E+02  2.31409267E-01
1.68781396E-02  2.73990997E+02  2.20861956E-01
1.72661428E-02  2.58028137E+02  2.11433217E-01
1.76541461E-02  2.43883865E+02  2.02848673E-01
1.80421493E-02  2.30762482E+02  1.94672510E-01
1.84301525E-02  2.19033859E+02  1.87342674E-01
1.88181557E-02  2.08561768E+02  1.80510581E-01
1.92061589E-02  1.98772079E+02  1.74097449E-01
1.95941621E-02  1.89804367E+02  1.68146029E-01
1.99821653E-02  1.81750549E+02  1.62655771E-01
2.03701685E-02  1.74299423E+02  1.57527134E-01
2.07581717E-02  1.68010651E+02  1.52904853E-01
2.11461749E-02  1.61346603E+02  1.48164108E-01
2.15341782E-02  1.55644043E+02  1.44068927E-01
2.19221814E-02  1.50597626E+02  1.40246570E-01
2.23101846E-02  1.45784088E+02  1.36624128E-01
2.26981878E-02  1.41325302E+02  1.33156940E-01
2.30861910E-02  1.37131470E+02  1.29935473E-01
2.34741942E-02  1.33508652E+02  1.27005816E-01
2.38621974E-02  1.30132431E+02  1.24190845E-01
2.42502006E-02  1.26979309E+02  1.21594205E-01
2.46382038E-02  1.24083206E+02  1.19094886E-01
2.50262070E-02  1.21216675E+02  1.16706178E-01
2.54142103E-02  1.18522324E+02  1.14386037E-01
2.58022135E-02  1.16050758E+02  1.12212852E-01
2.61902167E-02  1.13755836E+02  1.10162698E-01
2.65782199E-02  1.11911301E+02  1.08358160E-01
2.69662231E-02  1.09792786E+02  1.06456958E-01
2.73542263E-02  1.07834213E+02  1.04623079E-01
2.77422295E-02  1.06130653E+02  1.02976896E-01
2.81302327E-02  1.04716637E+02  1.01524971E-01
2.85182359E-02  1.03133911E+02  9.99628454E-02
2.89062391E-02  1.01590927E+02  9.84723568E-02
2.92942424E-02  1.00418243E+02  9.71641690E-02
2.96822456E-02  9.93084030E+01  9.59495306E-02
3.00702488E-02  9.80965500E+01  9.46600884E-02
3.04582520E-02  9.69864960E+01  9.34638828E-02
3.08462552E-02  9.60700912E+01  9.23918411E-02
3.12342584E-02  9.52106400E+01  9.13235098E-02
3.16222616E-02  9.41987000E+01  9.15875882E-02
3.20102648E-02  9.33917084E+01  9.20369476E-02
3.23982680E-02  9.26314850E+01  9.20194387E-02
3.27862712E-02  9.16947556E+01  9.17265937E-02
3.31742745E-02  9.09469833E+01  9.13622603E-02
3.35622777E-02  9.04029770E+01  9.11239535E-02
3.39502809E-02  8.98294067E+01  9.07724649E-02
3.43382841E-02  8.90909271E+01  9.03171077E-02
3.47262873E-02  8.84185104E+01  8.98732096E-02
3.51142905E-02  8.80107727E+01  8.95231515E-02
3.55022937E-02  8.73783951E+01  8.90238732E-02
3.58902969E-02  8.69565506E+01  8.86418894E-02
3.62783001E-02  8.65402222E+01  8.83016139E-02
3.66663033E-02  8.58796387E+01  8.77518728E-02
3.70543066E-02  8.55662766E+01  8.73973817E-02
3.74423098E-02  8.52063446E+01  8.70185494E-02
3.78303130E-02  8.46251678E+01  8.64733756E-02
3.82183162E-02  8.43436050E+01  8.61717761E-02
3.86063194E-02  8.40965729E+01  8.44565555E-02
3.89943226E-02  8.36322174E+01  8.25226903E-02
3.93823258E-02  8.33830795E+01  8.13603997E-02
3.97703290E-02  8.31330566E+01  8.03365409E-02
4.01583322E-02  8.29828033E+01  7.95515925E-02
4.05463354E-02  8.25447388E+01  7.85847306E-02
4.09343387E-02  8.23329163E+01  7.78626576E-02
4.13223419E-02  8.19909744E+01  7.71223456E-02
4.17103451E-02  8.17436752E+01  7.64320344E-02
4.20983483E-02  8.14375153E+01  7.57463500E-02
4.24863515E-02  8.13024673E+01  7.51450658E-02
4.28743547E-02  8.12464142E+01  7.46486336E-02
4.32623579E-02  8.08748322E+01  7.39772394E-02
4.36503611E-02  8.07745514E+01  7.34880865E-02
4.40383643E-02  8.06015625E+01  7.29695484E-02
4.44263675E-02  8.03482819E+01  7.23826513E-02
4.48143708E-02  8.03451157E+01  7.21816793E-02
4.52023740E-02  8.02750397E+01  7.22492561E-02
4.55903772E-02  8.02963409E+01  7.23404437E-02
4.59783804E-02  8.02329483E+01  7.23525733E-02
4.63663836E-02  8.01751785E+01  7.22904354E-02
4.67543868E-02  8.01392288E+01  7.22833350E-02
4.71423900E-02  7.98602676E+01  7.20783174E-02
4.75303932E-02  7.97789764E+01  7.19510466E-02
4.79183964E-02  7.97898865E+01  7.19293058E-02
4.83063996E-02  7.96304169E+01  7.17352629E-02
4.86944029E-02  7.93903351E+01  7.15374500E-02
4.90824061E-02  7.93751907E+01  7.14390874E-02
4.94704093E-02  7.94865723E+01  7.13927969E-02
4.98584125E-02  7.93157806E+01  7.12002441E-02
5.02464157E-02  7.91206512E+01  7.09527731E-02
5.06344189E-02  7.90080566E+01  7.08132088E-02
5.10224221E-02  7.88367462E+01  7.04795569E-02
5.14104253E-02  7.86083145E+01  6.96186274E-02
5.17984285E-02  7.82271957E+01  6.86164051E-02
5.21864318E-02  7.81033783E+01  6.79299831E-02
5.25744350E-02  7.77879791E+01  6.72245771E-02
5.29624382E-02  7.76408157E+01  6.66425750E-02
5.33504414E-02  7.75571213E+01  6.61494806E-02
5.37384446E-02  7.74487762E+01  6.56890422E-02
5.41264478E-02  7.72630234E+01  6.51932359E-02
5.45144510E-02  7.71639786E+01  6.47666305E-02
5.49024542E-02  7.71545715E+01  6.43957108E-02
5.52904574E-02  7.70672379E+01  6.40090480E-02
5.56784606E-02  7.69711075E+01  6.36475608E-02
5.60664639E-02  7.68505249E+01  6.32637814E-02
5.64544671E-02  7.68203812E+01  6.29106760E-02
5.68424703E-02  7.68113251E+01  6.26137108E-02
5.72304735E-02  7.66592865E+01  6.22554645E-02
5.76184767E-02  7.64311752E+01  6.18393794E-02
5.80064799E-02  7.65342178E+01  6.16370253E-02
5.83944831E-02  7.65344086E+01  6.13263547E-02
5.87824863E-02  7.64289856E+01  6.10027015E-02
5.91704895E-02  7.64441605E+01  6.07735142E-02
5.95584927E-02  7.64042511E+01  6.04742765E-02
5.99464960E-02  7.64170532E+01  6.02486208E-02
6.03344992E-02  7.61635742E+01  5.98755255E-02
6.07225024E-02  7.61857834E+01  5.96671291E-02
6.11105056E-02  7.60593719E+01  5.93366139E-02
6.14985088E-02  7.60124664E+01  5.90865240E-02
6.18865120E-02  7.58942261E+01  5.88300154E-02
6.22745152E-02  7.57882996E+01  5.85346147E-02
6.26625184E-02  7.58606873E+01  5.83580658E-02
6.30505216E-02  7.57671967E+01  5.80804236E-02
6.34385248E-02  7.57788010E+01  5.78675643E-02
6.38265281E-02  7.57677841E+01  5.76466843E-02
6.42145313E-02  7.56488571E+01  5.73837273E-02
6.46025345E-02  7.56010208E+01  5.71857914E-02
6.49905377E-02  7.54885559E+01  5.69343567E-02
6.53785409E-02  7.52745590E+01  5.66324070E-02
6.57665441E-02  7.52229462E+01  5.63997924E-02
6.61545473E-02  7.51938324E+01  5.61965480E-02
6.65425505E-02  7.50783386E+01  5.59764020E-02
6.69305537E-02  7.49464035E+01  5.57163469E-02
6.73185569E-02  7.49673691E+01  5.55614829E-02
6.77065602E-02  7.48206940E+01  5.53115308E-02
6.80945634E-02  7.47451324E+01  5.50967529E-02
6.84825666E-02  7.46915054E+01  5.49000129E-02
6.88705698E-02  7.45199738E+01  5.46363778E-02
6.92585730E-02  7.43887482E+01  5.44120595E-02
6.96465762E-02  7.42736816E+01  5.41789047E-02
7.00345794E-02  7.41994324E+01  5.40042892E-02
7.04225826E-02  7.41194687E+01  5.38031049E-02
7.08105858E-02  7.41194916E+01  5.36305495E-02
7.11985890E-02  7.39413757E+01  5.33890501E-02
7.15865923E-02  7.39111099E+01  5.32099120E-02
7.19745955E-02  7.38637009E+01  5.30410819E-02
7.23625987E-02  7.36633606E+01  5.28043024E-02
7.27506019E-02  7.36199417E+01  5.26332445E-02
7.31386051E-02  7.35895996E+01  5.24652973E-02
7.35266083E-02  7.35339279E+01  5.22626713E-02
7.39146115E-02  7.34619598E+01  5.20870574E-02
7.43026147E-02  7.33396606E+01  5.18912859E-02
7.46906179E-02  7.32989426E+01  5.17210141E-02
7.50786211E-02  7.33033524E+01  5.15979007E-02
7.54666244E-02  7.30830765E+01  5.13359383E-02
7.58546276E-02  7.30903854E+01  5.12036309E-02
7.62426308E-02  7.29699020E+01  5.10127470E-02
7.66306340E-02  7.28749542E+01  5.08393124E-02
7.70186372E-02  7.27917328E+01  5.06718829E-02
7.74066404E-02  7.27515869E+01  5.05077764E-02
7.77946436E-02  7.26286774E+01  5.03289104E-02
7.81826468E-02  7.25603561E+01  5.01670614E-02
7.85706500E-02  7.24928665E+01  5.00031002E-02
7.89586532E-02  7.24333572E+01  4.98608984E-02
7.93466565E-02  7.22605057E+01  4.96427342E-02
7.97346597E-02  7.21784821E+01  4.94878963E-02
8.01226629E-02  7.21742706E+01  4.93639559E-02
8.05106661E-02  7.21023636E+01  4.91995886E-02
8.08986693E-02  7.20828705E+01  4.90699932E-02
8.12866725E-02  7.18580093E+01  4.88400832E-02
8.16746757E-02  7.18321609E+01  4.87090722E-02
8.20626789E-02  7.18219604E+01  4.85923812E-02
8.24506821E-02  7.16707230E+01  4.84258011E-02
8.28386853E-02  7.16001892E+01  4.82748225E-02
8.32266886E-02  7.15661163E+01  4.81379293E-02
8.36146918E-02  7.14142761E+01  4.79568802E-02
8.40026950E-02  7.13195877E+01  4.77963611E-02
8.43906982E-02  7.13493042E+01  4.76932153E-02
8.47787014E-02  7.13422470E+01  4.75689732E-02
8.51667046E-02  7.12046661E+01  4.73977067E-02
8.55547078E-02  7.11686401E+01  4.72785830E-02
8.59427110E-02  7.11506500E+01  4.71530631E-02
8.63307142E-02  7.10640717E+01  4.70024310E-02
8.67187174E-02  7.09608154E+01  4.68682423E-02
8.71067207E-02  7.09002533E+01  4.67607975E-02
8.74947239E-02  7.08837128E+01  4.66418788E-02
8.78827271E-02  7.08165665E+01  4.64910083E-02
8.82707303E-02  7.06832504E+01  4.63296548E-02
8.86587335E-02  7.06495209E+01  4.62075137E-02
8.90467367E-02  7.06039429E+01  4.60890085E-02
8.94347399E-02  7.06261368E+01  4.59941998E-02
8.98227431E-02  7.05867691E+01  4.58631702E-02
9.02107463E-02  7.05373077E+01  4.57345396E-02
9.05987495E-02  7.05349274E+01  4.56257686E-02
9.09867528E-02  7.04251099E+01  4.54885513E-02
9.13747560E-02  7.03785324E+01  4.53685373E-02
9.17627592E-02  7.03291321E+01  4.52357754E-02
9.21507624E-02  7.03533783E+01  4.51551490E-02
9.25387656E-02  7.03547058E+01  4.50596437E-02
9.29267688E-02  7.02467422E+01  4.49188948E-02
9.33147720E-02  7.02063751E+01  4.48078476E-02
9.37027752E-02  7.02121277E+01  4.47123349E-02
9.40907784E-02  7.01329803E+01  4.48375642E-02
9.44787816E-02  7.01260223E+01  4.52514440E-02
9.48667849E-02  7.01184540E+01  4.56811041E-02
9.52547881E-02  6.99510651E+01  4.62887958E-02
9.56427913E-02  6.98521271E+01  4.66972627E-02
9.60307945E-02  6.98290176E+01  4.70262915E-02
9.64187977E-02  6.98516998E+01  4.73273471E-02
9.68068009E-02  6.97149048E+01  4.75419015E-02
9.71948041E-02  6.96688995E+01  4.74688448E-02
9.75828073E-02  6.96246796E+01  4.70505282E-02
9.79708105E-02  6.96271515E+01  4.66388837E-02
9.83588137E-02  6.95863800E+01  4.59608845E-02
9.87468170E-02  6.95949402E+01  4.55619171E-02
9.91348202E-02  6.95512466E+01  4.52429578E-02
9.95228234E-02  6.94693604E+01  4.49344628E-02
9.99108266E-02  6.94752731E+01  4.46559228E-02
1.00298830E-01  6.95429840E+01  4.44027185E-02
1.00686833E-01  6.96063080E+01  4.41675819E-02
1.01074836E-01  6.95332413E+01  4.39022072E-02
1.01462839E-01  6.94243622E+01  4.36356440E-02
1.01850843E-01  6.93792343E+01  4.34216224E-02
1.02238846E-01  6.94118423E+01  4.32862900E-02
1.02626849E-01  6.94073944E+01  4.31757793E-02
1.03014852E-01  6.93619843E+01  4.30928580E-02
1.03402855E-01  6.93226089E+01  4.30486426E-02
1.03790859E-01  6.92717743E+01  4.29899059E-02
1.04178862E-01  6.92636108E+01  4.29429039E-02
1.04566865E-01  6.92360306E+01  4.28451188E-02
1.04954868E-01  6.92864761E+01  4.27312404E-02
1.05342872E-01  6.93013306E+01  4.25898954E-02
1.05730875E-01  6.92433624E+01  4.23937961E-02
1.06118878E-01  6.92569733E+01  4.22365591E-02
1.06506881E-01  6.92912674E+01  4.20861170E-02
1.06894884E-01  6.92027740E+01  4.19207290E-02
1.07282888E-01  6.91080551E+01  4.17886749E-02
1.07670891E-01  6.91352463E+01  4.17276137E-02
1.08058894E-01  6.90851746E+01  4.16739769E-02
1.08446897E-01  6.90817719E+01  4.16471735E-02
1.08834900E-01  6.91161270E+01  4.16390076E-02
1.09222904E-01  6.90834122E+01  4.16036882E-02
1.09610907E-01  6.90418549E+01  4.15657349E-02
1.09998910E-01  6.89639435E+01  4.14902084E-02
1.10386913E-01  6.89934998E+01  4.14409488E-02
1.10774916E-01  6.89950104E+01  4.13738377E-02
1.11162920E-01  6.89018326E+01  4.12442163E-02
1.11550923E-01  6.89467621E+01  4.11723517E-02
1.11938926E-01  6.89250717E+01  4.10827026E-02
1.12326929E-01  6.88871994E+01  4.09819782E-02
1.12714933E-01  6.88856964E+01  4.09076735E-02
1.13102936E-01  6.88410721E+01  4.08093370E-02
1.13490939E-01  6.89013214E+01  4.07505184E-02
1.13878942E-01  6.88637314E+01  4.08993550E-02
1.14266945E-01  6.88707657E+01  4.12543342E-02
1.14654949E-01  6.88053665E+01  4.13996093E-02
1.15042952E-01  6.87356415E+01  4.14927490E-02
1.15430955E-01  6.87527390E+01  4.15792540E-02
1.15818958E-01  6.87896576E+01  4.16567065E-02
1.16206961E-01  6.87369614E+01  4.16936129E-02
1.16594965E-01  6.86840363E+01  4.17161509E-02
1.16982968E-01  6.87384949E+01  4.17699181E-02
1.17370971E-01  6.86861725E+01  4.17783000E-02
1.17758974E-01  6.87222443E+01  4.18215469E-02
1.18146977E-01  6.86016464E+01  4.17960659E-02
1.18534981E-01  6.86909332E+01  4.18481939E-02
1.18922984E-01  6.86177521E+01  4.18118611E-02
1.19310987E-01  6.86072845E+01  4.18286473E-02
1.19698990E-01  6.85731049E+01  4.18293774E-02
1.20086994E-01  6.85249710E+01  4.18185182E-02
1.20474997E-01  6.84578934E+01  4.17943671E-02
1.20863000E-01  6.85199280E+01  4.15578932E-02
1.21251003E-01  6.85401917E+01  4.10978347E-02
1.21639006E-01  6.84840240E+01  4.08063792E-02
1.22027010E-01  6.84517059E+01  4.06033918E-02
1.22415013E-01  6.84437943E+01  4.04352285E-02
1.22803016E-01  6.83932495E+01  4.02619280E-02
1.23191019E-01  6.83980789E+01  4.01319228E-02
1.23579022E-01  6.83916245E+01  3.99983451E-02
1.23967026E-01  6.83653717E+01  3.98770571E-02
1.24355029E-01  6.84056549E+01  3.97850461E-02
1.24743032E-01  6.83328857E+01  3.96362320E-02
1.25131035E-01  6.83016739E+01  3.95303629E-02
1.25519038E-01  6.82434311E+01  3.94135229E-02
1.25907042E-01  6.82613373E+01  3.93255912E-02
1.26295045E-01  6.81655197E+01  3.92054766E-02
1.26683048E-01  6.83096466E+01  3.93695012E-02
1.27071051E-01  6.83144379E+01  3.95417139E-02
1.27459054E-01  6.82903900E+01  3.96431014E-02
1.27847058E-01  6.83421707E+01  3.97381708E-02
1.28235061E-01  6.84243851E+01  3.98214050E-02
1.28623064E-01  6.83240814E+01  3.98291275E-02
1.29011067E-01  6.83763046E+01  3.98919471E-02
1.29399071E-01  6.83140259E+01  3.98852639E-02
1.29787074E-01  6.83558807E+01  3.99216935E-02
1.30175077E-01  6.83792267E+01  3.99445221E-02
1.30563080E-01  6.83762360E+01  3.99615020E-02
1.30951083E-01  6.83517685E+01  3.99556831E-02
1.31339087E-01  6.83450165E+01  3.99775803E-02
1.31727090E-01  6.82391510E+01  3.99498194E-02
1.32115093E-01  6.82244492E+01  3.99324112E-02
1.32503096E-01  6.82618256E+01  3.99423428E-02
1.32891099E-01  6.82489471E+01  3.99286970E-02
1.33279103E-01  6.82436829E+01  3.99107262E-02
1.33667106E-01  6.81759033E+01  3.96729633E-02
1.34055109E-01  6.80986176E+01  3.93626243E-02
1.34443112E-01  6.80355377E+01  3.91379930E-02
1.34831115E-01  6.79299774E+01  3.89421955E-02
1.35219119E-01  6.79543457E+01  3.88138369E-02
1.35607122E-01  6.79842453E+01  3.86916883E-02
1.35995125E-01  6.78149872E+01  3.84952947E-02
1.36383128E-01  6.77494125E+01  3.83590385E-02
1.36771132E-01  6.77047348E+01  3.82348746E-02
1.37159135E-01  6.77355194E+01  3.81437391E-02
1.37547138E-01  6.76825714E+01  3.80276106E-02
1.37935141E-01  6.76520844E+01  3.79221365E-02
1.38323144E-01  6.76299133E+01  3.78205925E-02
1.38711148E-01  6.76004715E+01  3.77238095E-02
1.39099151E-01  6.75630646E+01  3.76164243E-02
1.39487154E-01  6.75887527E+01  3.75368223E-02
1.39875157E-01  6.74718857E+01  3.74160372E-02
1.40263160E-01  6.74246979E+01  3.73216346E-02
1.40651164E-01  6.74548264E+01  3.72504108E-02
1.41039167E-01  6.74660492E+01  3.71745788E-02
1.41427170E-01  6.74508209E+01  3.70893627E-02
1.41815173E-01  6.73684845E+01  3.69939730E-02
1.42203176E-01  6.73032379E+01  3.69049609E-02
1.42591180E-01  6.73775330E+01  3.68545204E-02
1.42979183E-01  6.73214188E+01  3.67737599E-02
1.43367186E-01  6.72796783E+01  3.67104746E-02
1.43755189E-01  6.72738724E+01  3.66549492E-02
1.44143193E-01  6.73009720E+01  3.65918204E-02
1.44531196E-01  6.72930145E+01  3.65088657E-02
1.44919199E-01  6.72251968E+01  3.64190862E-02
1.45307202E-01  6.71852798E+01  3.63377072E-02
1.45695205E-01  6.71343307E+01  3.62618938E-02
1.46083209E-01  6.71691742E+01  3.62147391E-02
1.46471212E-01  6.71114044E+01  3.61307524E-02
1.46859215E-01  6.71336823E+01  3.60747427E-02
1.47247218E-01  6.71189957E+01  3.60046476E-02
1.47635221E-01  6.70703888E+01  3.59304510E-02
1.48023225E-01  6.70505295E+01  3.58432457E-02
1.48411228E-01  6.70157928E+01  3.57445553E-02
1.48799231E-01  6.69641113E+01  3.56424823E-02
1.49187234E-01  6.68941574E+01  3.55235189E-02
1.49575237E-01  6.69468307E+01  3.54538336E-02
1.49963241E-01  6.69336700E+01  3.53680849E-02
1.50351244E-01  6.68840790E+01  3.52875255E-02
1.50739247E-01  6.68908310E+01  3.52309830E-02
1.51127250E-01  6.69129868E+01  3.51840481E-02
1.51515254E-01  6.68559189E+01  3.51131298E-02
1.51903257E-01  6.68037338E+01  3.50410789E-02
1.52291260E-01  6.68186111E+01  3.49977724E-02
1.52679263E-01  6.67573929E+01  3.49233933E-02
1.53067266E-01  6.67244415E+01  3.48602049E-02
1.53455270E-01  6.67208633E+01  3.48155349E-02
1.53843273E-01  6.67141037E+01  3.47854011E-02
1.54231276E-01  6.67218094E+01  3.47738042E-02
1.54619279E-01  6.66671295E+01  3.47356722E-02
1.55007282E-01  6.66128998E+01  3.46969441E-02
1.55395286E-01  6.65367279E+01  3.46407816E-02
1.55783289E-01  6.65611115E+01  3.46034989E-02
1.56171292E-01  6.65552139E+01  3.45511436E-02
1.56559295E-01  6.65207443E+01  3.44872363E-02
1.56947298E-01  6.64906387E+01  3.44259776E-02
1.57335302E-01  6.64560547E+01  3.43666896E-02
1.57723305E-01  6.65199738E+01  3.43372412E-02
1.58111308E-01  6.64436417E+01  3.42455916E-02
1.58499311E-01  6.64160461E+01  3.41585875E-02
1.58887315E-01  6.63584747E+01  3.40613090E-02
1.59275318E-01  6.63964462E+01  3.39954123E-02
1.59663321E-01  6.64111786E+01  3.39295939E-02
1.60051324E-01  6.63176041E+01  3.38402763E-02
1.60439327E-01  6.63457947E+01  3.38039361E-02
1.60827331E-01  6.62792130E+01  3.37387286E-02
1.61215334E-01  6.62853165E+01  3.36954221E-02
1.61603337E-01  6.62773514E+01  3.36445495E-02
1.61991340E-01  6.62684021E+01  3.36031616E-02
1.62379343E-01  6.62261505E+01  3.35514545E-02
1.62767347E-01  6.62382202E+01  3.35120782E-02
1.63155350E-01  6.62172165E+01  3.34514715E-02
1.63543353E-01  6.61991806E+01  3.34100351E-02
1.63931356E-01  6.62172241E+01  3.34011018E-02
1.64319359E-01  6.61284332E+01  3.33488025E-02
1.64707363E-01  6.61002502E+01  3.33236642E-02
1.65095366E-01  6.60756836E+01  3.32906730E-02
1.65483369E-01  6.60466919E+01  3.32585834E-02
1.65871372E-01  6.60172806E+01  3.32145356E-02
1.66259376E-01  6.59790802E+01  3.31516787E-02
1.66647379E-01  6.59585419E+01  3.31045873E-02
1.67035382E-01  6.59336243E+01  3.30500044E-02
1.67423385E-01  6.58917465E+01  3.29940245E-02
1.67811388E-01  6.59166031E+01  3.29618528E-02
1.68199392E-01  6.58810196E+01  3.28978710E-02
1.68587395E-01  6.58914490E+01  3.28581035E-02
1.68975398E-01  6.59194412E+01  3.28291506E-02
1.69363401E-01  6.58242264E+01  3.27627622E-02
1.69751404E-01  6.57622757E+01  3.26995477E-02
1.70139408E-01  6.57722931E+01  3.26598957E-02
1.70527411E-01  6.57843704E+01  3.26276869E-02
1.70915414E-01  6.57884674E+01  3.25875469E-02
1.71303417E-01  6.57834854E+01  3.25475596E-02
1.71691420E-01  6.57266388E+01  3.24847028E-02
1.72079424E-01  6.57191010E+01  3.24472226E-02
1.72467427E-01  6.57479630E+01  3.24250460E-02
1.72855430E-01  6.56842117E+01  3.23623829E-02
1.73243433E-01  6.56622849E+01  3.23202685E-02
1.73631436E-01  6.55801315E+01  3.22529078E-02
1.74019440E-01  6.55942688E+01  3.22207399E-02
1.74407443E-01  6.55550919E+01  3.21695060E-02
1.74795446E-01  6.55081940E+01  3.21149006E-02
1.75183449E-01  6.55323410E+01  3.20837423E-02
1.75571453E-01  6.54849167E+01  3.20302732E-02
1.75959456E-01  6.54862976E+01  3.19952890E-02
1.76347459E-01  6.54252777E+01  3.19337174E-02
1.76735462E-01  6.54597931E+01  3.19103971E-02
1.77123465E-01  6.54396973E+01  3.18709388E-02
1.77511469E-01  6.54254074E+01  3.18267904E-02
1.77899472E-01  6.54266205E+01  3.17736901E-02
1.78287475E-01  6.53990402E+01  3.17229629E-02
1.78675478E-01  6.53323441E+01  3.16703692E-02
1.79063481E-01  6.53582687E+01  3.16402502E-02
1.79451485E-01  6.53235321E+01  3.15921195E-02
1.79839488E-01  6.52867279E+01  3.15428302E-02
1.80227491E-01  6.52848892E+01  3.15021053E-02
1.80615494E-01  6.52378922E+01  3.14471200E-02
1.81003497E-01  6.52156219E+01  3.14037874E-02
1.81391501E-01  6.52333145E+01  3.13720778E-02
1.81779504E-01  6.51438370E+01  3.13058011E-02
1.82167507E-01  6.51611710E+01  3.12829986E-02
1.82555510E-01  6.51260300E+01  3.12317759E-02
1.82943514E-01  6.50917816E+01  3.11870370E-02
1.83331517E-01  6.50901642E+01  3.11596841E-02
1.83719520E-01  6.50943604E+01  3.11171114E-02
1.84107523E-01  6.50857468E+01  3.10781691E-02
1.84495526E-01  6.50407562E+01  3.10237892E-02
1.84883530E-01  6.50323868E+01  3.09872814E-02
1.85271533E-01  6.49803925E+01  3.09400521E-02
1.85659536E-01  6.48963699E+01  3.08796670E-02
1.86047539E-01  6.49919281E+01  3.08798607E-02
1.86435542E-01  6.49782410E+01  3.08332946E-02
1.86823546E-01  6.49092407E+01  3.07884514E-02
1.87211549E-01  6.48567810E+01  3.07400264E-02
1.87599552E-01  6.49172516E+01  3.07223853E-02
1.87987555E-01  6.48419800E+01  3.06693707E-02
1.88375558E-01  6.48430023E+01  3.06377374E-02
1.88763562E-01  6.48008804E+01  3.05937529E-02
1.89151565E-01  6.47917023E+01  3.05606015E-02
1.89539568E-01  6.47698441E+01  3.05165462E-02
1.89927571E-01  6.46983032E+01  3.04613896E-02
1.90315575E-01  6.47188721E+01  3.04380115E-02
1.90703578E-01  6.47221375E+01  3.04087549E-02
1.91091581E-01  6.46706085E+01  3.03590856E-02
1.91479584E-01  6.46777039E+01  3.03251948E-02
1.91867587E-01  6.46816406E+01  3.02966051E-02
1.92255591E-01  6.46242447E+01  3.02472916E-02
1.92643594E-01  6.45881271E+01  3.02044656E-02
1.93031597E-01  6.45793152E+01  3.01677529E-02
1.93419600E-01  6.46002884E+01  3.01388353E-02
1.93807603E-01  6.45150146E+01  3.00807301E-02
1.94195607E-01  6.45038300E+01  3.00435666E-02
1.94583610E-01  6.45445023E+01  3.00228838E-02
1.94971613E-01  6.44819946E+01  2.99710520E-02
1.95359616E-01  6.44459991E+01  2.99261119E-02
1.95747619E-01  6.44709396E+01  2.99036000E-02
1.96135623E-01  6.43909607E+01  2.99210697E-02
1.96523626E-01  6.44193573E+01  3.01186927E-02
1.96911629E-01  6.44141159E+01  3.02359164E-02
1.97299632E-01  6.44457016E+01  3.03277913E-02
1.97687636E-01  6.44020767E+01  3.03774867E-02
1.98075639E-01  6.43278961E+01  3.04053873E-02
1.98463642E-01  6.43731232E+01  3.04600205E-02
1.98851645E-01  6.43258514E+01  3.04831415E-02
1.99239648E-01  6.43489380E+01  3.05235237E-02
1.99627652E-01  6.43182983E+01  3.05370204E-02
2.00015655E-01  6.42880707E+01  3.05568669E-02
2.00403658E-01  6.42932281E+01  3.05860378E-02
2.00791661E-01  6.42692642E+01  3.05986106E-02
2.01179664E-01  6.42240753E+01  3.06029916E-02
2.01567668E-01  6.42301025E+01  3.06228586E-02
2.01955671E-01  6.42542572E+01  3.06482259E-02
2.02343674E-01  6.41987000E+01  3.06525938E-02
2.02731677E-01  6.41658325E+01  3.06493901E-02
2.03119680E-01  6.41738815E+01  3.05786021E-02
2.03507684E-01  6.40898438E+01  3.03351544E-02
2.03895687E-01  6.40589066E+01  3.01843844E-02
2.04283690E-01  6.40810471E+01  3.00789438E-02
2.04671693E-01  6.40047684E+01  2.99595091E-02
2.05059697E-01  6.40238190E+01  2.98966058E-02
2.05447700E-01  6.39851265E+01  2.98200306E-02
2.05835703E-01  6.39460754E+01  2.97391359E-02
2.06223706E-01  6.39251480E+01  2.96732746E-02
2.06611709E-01  6.38509407E+01  2.95961294E-02
2.06999713E-01  6.38844986E+01  2.95538604E-02
2.07387716E-01  6.38651810E+01  2.94953734E-02
2.07775719E-01  6.38314590E+01  2.94399522E-02
2.08163722E-01  6.38161316E+01  2.93875132E-02
2.08551725E-01  6.38141556E+01  2.93411072E-02
2.08939729E-01  6.38159180E+01  2.94027720E-02
2.09327732E-01  6.38235054E+01  2.95286719E-02
2.09715735E-01  6.38189812E+01  2.96035502E-02
2.10103738E-01  6.38274155E+01  2.96651535E-02
2.10491741E-01  6.37747993E+01  2.96945572E-02
2.10879745E-01  6.38699570E+01  2.97618899E-02
2.11267748E-01  6.38236694E+01  2.97733303E-02
2.11655751E-01  6.37809830E+01  2.97848769E-02
2.12043754E-01  6.38010674E+01  2.98171584E-02
2.12431757E-01  6.38018913E+01  2.98349168E-02
2.12819761E-01  6.37992554E+01  2.98503004E-02
2.13207764E-01  6.37289619E+01  2.98414640E-02
2.13595767E-01  6.37251778E+01  2.98546609E-02
2.13983770E-01  6.36923141E+01  2.98627913E-02
2.14371774E-01  6.36124458E+01  2.98458226E-02
2.14759777E-01  6.36742058E+01  2.98699643E-02
2.15147780E-01  6.36240044E+01  2.98581775E-02
2.15535783E-01  6.36554642E+01  2.98791789E-02
2.15923786E-01  6.36089592E+01  2.97628976E-02
2.16311790E-01  6.35481186E+01  2.95686685E-02
2.16699793E-01  6.35324478E+01  2.94387676E-02
2.17087796E-01  6.34758835E+01  2.93284021E-02
2.17475799E-01  6.34211044E+01  2.92327553E-02
2.17863802E-01  6.34463081E+01  2.91568525E-02
2.18251806E-01  6.33758850E+01  2.90485919E-02
2.18639809E-01  6.33338318E+01  2.89604850E-02
2.19027812E-01  6.33024406E+01  2.88720336E-02
2.19415815E-01  6.32907639E+01  2.88014207E-02
2.19803818E-01  6.32169800E+01  2.87279841E-02
2.20191822E-01  6.32218437E+01  2.86839493E-02
2.20579825E-01  6.32042542E+01  2.86371205E-02
2.20967828E-01  6.32016830E+01  2.85896696E-02
2.21355831E-01  6.31777039E+01  2.85291877E-02
2.21743835E-01  6.31759224E+01  2.84853838E-02
2.22131838E-01  6.31771660E+01  2.84468029E-02
2.22519841E-01  6.31183662E+01  2.83888243E-02
2.22907844E-01  6.30818176E+01  2.83414982E-02
2.23295847E-01  6.30766106E+01  2.82977466E-02
2.23683851E-01  6.30650749E+01  2.82541029E-02
2.24071854E-01  6.30254707E+01  2.82156877E-02
2.24459857E-01  6.30193672E+01  2.81995870E-02
2.24847860E-01  6.29449539E+01  2.81648841E-02
2.25235863E-01  6.29662399E+01  2.81536337E-02
2.25623867E-01  6.29583435E+01  2.81188190E-02
2.26011870E-01  6.29683952E+01  2.80854702E-02
2.26399873E-01  6.29400253E+01  2.80443020E-02
2.26787876E-01  6.29206009E+01  2.80070752E-02
2.27175879E-01  6.28829536E+01  2.79626343E-02
2.27563883E-01  6.28522949E+01  2.79203262E-02
2.27951886E-01  6.28548164E+01  2.78889127E-02
2.28339889E-01  6.28137283E+01  2.78458036E-02
2.28727892E-01  6.27448006E+01  2.77971923E-02
2.29115896E-01  6.26999702E+01  2.77501605E-02
2.29503899E-01  6.26792717E+01  2.76943650E-02
2.29891902E-01  6.27139282E+01  2.76527144E-02
2.30279905E-01  6.27163620E+01  2.76053697E-02
2.30667908E-01  6.26381760E+01  2.75442414E-02
2.31055912E-01  6.25974350E+01  2.75072064E-02
2.31443915E-01  6.26153946E+01  2.74822805E-02
2.31831918E-01  6.26601639E+01  2.74597555E-02
2.32219921E-01  6.26049805E+01  2.74116006E-02
2.32607924E-01  6.25488777E+01  2.73691565E-02
2.32995928E-01  6.25228348E+01  2.73312069E-02
2.33383931E-01  6.25150833E+01  2.73016598E-02
2.33771934E-01  6.24406738E+01  2.72566117E-02
2.34159937E-01  6.24503555E+01  2.72269733E-02
2.34547940E-01  6.24348755E+01  2.71992832E-02
2.34935944E-01  6.23764954E+01  2.71663107E-02
2.35323947E-01  6.24065132E+01  2.71422826E-02
2.35711950E-01  6.23910637E+01  2.71095745E-02
2.36099953E-01  6.24066887E+01  2.71050632E-02
2.36487957E-01  6.23394356E+01  2.70856284E-02
2.36875960E-01  6.23110542E+01  2.70659272E-02
2.37263963E-01  6.22850761E+01  2.70393826E-02
2.37651966E-01  6.22597847E+01  2.70068012E-02
2.38039969E-01  6.22589607E+01  2.69766953E-02
2.38427973E-01  6.21928291E+01  2.69344207E-02
2.38815976E-01  6.21886406E+01  2.69086864E-02
2.39203979E-01  6.21926041E+01  2.68793851E-02
2.39591982E-01  6.22283211E+01  2.68642958E-02
2.39979985E-01  6.21675606E+01  2.68258601E-02
2.40367989E-01  6.21621895E+01  2.67982185E-02
2.40755992E-01  6.20788994E+01  2.67452095E-02
2.41143995E-01  6.20867386E+01  2.67215874E-02
2.41531998E-01  6.20464287E+01  2.66835876E-02
2.41920001E-01  6.20383911E+01  2.66579501E-02
2.42308005E-01  6.20298157E+01  2.66324375E-02
2.42696008E-01  6.20402336E+01  2.66091377E-02
2.43084011E-01  6.20052414E+01  2.65747812E-02
2.43472014E-01  6.19602852E+01  2.65400447E-02
2.43860018E-01  6.19659538E+01  2.65204161E-02
2.44248021E-01  6.19412003E+01  2.64853686E-02
2.44636024E-01  6.19463425E+01  2.64615770E-02
2.45024027E-01  6.19132309E+01  2.64295936E-02
2.45412030E-01  6.18777657E+01  2.64013913E-02
2.45800034E-01  6.18974533E+01  2.63931900E-02
2.46188037E-01  6.18666382E+01  2.63538547E-02
2.46576040E-01  6.18126945E+01  2.63089575E-02
2.46964043E-01  6.18025513E+01  2.62849685E-02
2.47352046E-01  6.17782211E+01  2.62531936E-02
2.47740050E-01  6.17580986E+01  2.62224879E-02
2.48128053E-01  6.17456589E+01  2.61911098E-02
2.48516056E-01  6.17044792E+01  2.61634830E-02
2.48904059E-01  6.16751022E+01  2.61368658E-02
2.49292062E-01  6.16279068E+01  2.60912515E-02
2.49680066E-01  6.16215630E+01  2.60661989E-02
2.50068069E-01  6.16533813E+01  2.60502305E-02
2.50456072E-01  6.16310349E+01  2.60247029E-02
2.50844075E-01  6.15087395E+01  2.59673502E-02
2.51232079E-01  6.16008682E+01  2.59672739E-02
2.51620082E-01  6.15461426E+01  2.59267930E-02
2.52008085E-01  6.15387192E+01  2.59041041E-02
2.52396088E-01  6.14933968E+01  2.58674975E-02
2.52784091E-01  6.15146179E+01  2.58501135E-02
2.53172095E-01  6.15150642E+01  2.58288588E-02
2.53560098E-01  6.15029678E+01  2.58017890E-02
2.53948101E-01  6.14685783E+01  2.57682614E-02
2.54336104E-01  6.13910828E+01  2.57237852E-02
2.54724107E-01  6.14316101E+01  2.57217642E-02
2.55112111E-01  6.13639336E+01  2.56912913E-02
2.55500114E-01  6.13613052E+01  2.56582405E-02
2.55888117E-01  6.13497391E+01  2.56216712E-02
2.56276120E-01  6.13421135E+01  2.55989097E-02
2.56664123E-01  6.13006706E+01  2.55710036E-02
2.57052127E-01  6.13048592E+01  2.55518667E-02
2.57440130E-01  6.12813911E+01  2.55191922E-02
2.57828133E-01  6.12402725E+01  2.54910439E-02
2.58216136E-01  6.11847610E+01  2.54614055E-02
2.58604139E-01  6.11597366E+01  2.54327115E-02
2.58992143E-01  6.11539993E+01  2.54067983E-02
2.59380146E-01  6.11407280E+01  2.53810100E-02
2.59768149E-01  6.11556587E+01  2.53650062E-02
2.60156152E-01  6.11744270E+01  2.53491011E-02
2.60544156E-01  6.11048203E+01  2.53085848E-02
2.60932159E-01  6.10591431E+01  2.52771340E-02
2.61320162E-01  6.10893440E+01  2.52646916E-02
2.61708165E-01  6.10738144E+01  2.52440814E-02
2.62096168E-01  6.10567932E+01  2.52241306E-02
2.62484172E-01  6.09857178E+01  2.51864232E-02
2.62872175E-01  6.09266586E+01  2.51435395E-02
2.63260178E-01  6.10467033E+01  2.51527224E-02
2.63648181E-01  6.09323349E+01  2.51030680E-02
2.64036184E-01  6.09669380E+01  2.50917785E-02
2.64424188E-01  6.09372673E+01  2.50663944E-02
2.64812191E-01  6.09298592E+01  2.50517130E-02
2.65200194E-01  6.08079453E+01  2.49940623E-02
2.65588197E-01  6.08318977E+01  2.49821041E-02
2.65976200E-01  6.08514023E+01  2.49626692E-02
2.66364204E-01  6.08293571E+01  2.49399599E-02
2.66752207E-01  6.07949600E+01  2.49121320E-02
2.67140210E-01  6.07724190E+01  2.48835552E-02
2.67528213E-01  6.07788391E+01  2.48674713E-02
2.67916217E-01  6.07616692E+01  2.48436835E-02
2.68304220E-01  6.07690620E+01  2.48268209E-02
2.68692223E-01  6.07240372E+01  2.47960910E-02
2.69080226E-01  6.06493454E+01  2.47580316E-02
2.69468229E-01  6.06357956E+01  2.47346237E-02
2.69856233E-01  6.06453743E+01  2.47192122E-02
2.70244236E-01  6.06019402E+01  2.46883575E-02
2.70632239E-01  6.06210136E+01  2.46714093E-02
2.71020242E-01  6.05525017E+01  2.46344991E-02
2.71408245E-01  6.05858154E+01  2.46284995E-02
2.71796249E-01  6.05023422E+01  2.45861709E-02
2.72184252E-01  6.05424385E+01  2.45816745E-02
2.72572255E-01  6.05338211E+01  2.45545302E-02
2.72960258E-01  6.04813614E+01  2.45242380E-02
2.73348261E-01  6.04520187E+01  2.44982149E-02
2.73736265E-01  6.04668198E+01  2.44814195E-02
2.74124268E-01  6.04578018E+01  2.44616792E-02
2.74512271E-01  6.03880615E+01  2.44273674E-02
2.74900274E-01  6.03588791E+01  2.44063921E-02
2.75288278E-01  6.03546257E+01  2.43845247E-02
2.75676281E-01  6.03210144E+01  2.43579447E-02
2.76064284E-01  6.03091125E+01  2.43399851E-02
2.76452287E-01  6.02941780E+01  2.43199337E-02
2.76840290E-01  6.02828140E+01  2.42945328E-02
2.77228294E-01  6.02737122E+01  2.42693443E-02
2.77616297E-01  6.02624817E+01  2.42516734E-02
2.78004300E-01  6.02633781E+01  2.42324919E-02
2.78392303E-01  6.02676315E+01  2.42634565E-02
2.78780306E-01  6.02257080E+01  2.43850388E-02
2.79168310E-01  6.01995010E+01  2.44649164E-02
2.79556313E-01  6.01629639E+01  2.45184042E-02
2.79944316E-01  6.01678848E+01  2.45604739E-02
2.80332319E-01  6.01382523E+01  2.45854687E-02
2.80720322E-01  6.01145935E+01  2.46144310E-02
2.81108326E-01  6.01026192E+01  2.46447921E-02
2.81496329E-01  6.01189499E+01  2.46731937E-02
2.81884332E-01  6.00700798E+01  2.46749409E-02
2.82272335E-01  6.00719528E+01  2.46926099E-02
2.82660339E-01  6.00409737E+01  2.47004032E-02
2.83048342E-01  6.00608749E+01  2.47304030E-02
2.83436345E-01  5.99902763E+01  2.47288272E-02
2.83824348E-01  5.99513741E+01  2.47378908E-02
2.84212351E-01  5.99506035E+01  2.47478485E-02
2.84600355E-01  5.99408798E+01  2.47484948E-02
2.84988358E-01  5.99748535E+01  2.47743130E-02
2.85376361E-01  5.98755722E+01  2.47093588E-02
2.85764364E-01  5.97779312E+01  2.45338269E-02
2.86152367E-01  5.97863083E+01  2.45646201E-02
2.86540371E-01  5.97885513E+01  2.46394388E-02
2.86928374E-01  5.96911125E+01  2.46528126E-02
2.87316377E-01  5.97104568E+01  2.48119775E-02
2.87704380E-01  5.97197075E+01  2.49539129E-02
2.88092383E-01  5.96984253E+01  2.50234716E-02
2.88480387E-01  5.97412605E+01  2.50923447E-02
2.88868390E-01  5.96987305E+01  2.51399130E-02
2.89256393E-01  5.96688232E+01  2.51690112E-02
2.89644396E-01  5.96532974E+01  2.51921527E-02
2.90032400E-01  5.96511650E+01  2.52205227E-02
2.90420403E-01  5.96167107E+01  2.52397694E-02
2.90808406E-01  5.95741463E+01  2.52578221E-02
2.91196409E-01  5.95768127E+01  2.53671147E-02
2.91584412E-01  5.96088486E+01  2.55533196E-02
2.91972416E-01  5.96073303E+01  2.56991275E-02
2.92360419E-01  5.95985336E+01  2.58212127E-02
2.92748422E-01  5.95834274E+01  2.59343535E-02
2.93136425E-01  5.95712585E+01  2.60346178E-02
2.93524428E-01  5.96096687E+01  2.61439476E-02
2.93912432E-01  5.95850945E+01  2.62256712E-02
2.94300435E-01  5.96050529E+01  2.63055954E-02
2.94688438E-01  5.95478287E+01  2.63576172E-02
2.95076441E-01  5.94992752E+01  2.64075696E-02
2.95464444E-01  5.95296745E+01  2.64950786E-02
2.95852448E-01  5.95013046E+01  2.65671797E-02
2.96240451E-01  5.94589233E+01  2.66311504E-02
2.96628454E-01  5.94734726E+01  2.67150216E-02
2.97016457E-01  5.94068375E+01  2.67632157E-02
2.97404460E-01  5.94572678E+01  2.68550105E-02
2.97792464E-01  5.94175224E+01  2.69130878E-02
2.98180467E-01  5.94336967E+01  2.69881301E-02
2.98568470E-01  5.93696899E+01  2.70395465E-02
2.98956473E-01  5.93511543E+01  2.71065775E-02
2.99344477E-01  5.93523788E+01  2.71811727E-02
2.99732480E-01  5.93332634E+01  2.72286683E-02
3.00120483E-01  5.93500366E+01  2.72946898E-02
3.00508486E-01  5.93360901E+01  2.73572244E-02
3.00896489E-01  5.92872086E+01  2.74254624E-02
3.01284493E-01  5.93315010E+01  2.75375508E-02
3.01672496E-01  5.92455864E+01  2.75882129E-02
3.02060499E-01  5.92105637E+01  2.76549812E-02
3.02448502E-01  5.92100754E+01  2.77150925E-02
3.02836505E-01  5.92064095E+01  2.77746506E-02
3.03224509E-01  5.92705994E+01  2.78625283E-02
3.03612512E-01  5.92284660E+01  2.78982259E-02
3.04000515E-01  5.91497269E+01  2.79323552E-02
3.04388518E-01  5.91844673E+01  2.79898308E-02
3.04776521E-01  5.91797981E+01  2.80437432E-02
3.05164525E-01  5.91346436E+01  2.80930735E-02
3.05552528E-01  5.91585007E+01  2.81589124E-02
3.05940531E-01  5.90773315E+01  2.81863119E-02
3.06328534E-01  5.90750046E+01  2.82218363E-02
3.06716538E-01  5.90188179E+01  2.82285921E-02
3.07104541E-01  5.90517502E+01  2.82695703E-02
3.07492544E-01  5.90716057E+01  2.83291191E-02
3.07880547E-01  5.90587044E+01  2.83796396E-02
3.08268550E-01  5.90125504E+01  2.83999033E-02
3.08656554E-01  5.90024948E+01  2.84341816E-02
3.09044557E-01  5.89760361E+01  2.84538623E-02
3.09432560E-01  5.90261536E+01  2.84996424E-02
3.09820563E-01  5.88868523E+01  2.84778811E-02
3.10208566E-01  5.88964615E+01  2.85128318E-02
3.10596570E-01  5.88336487E+01  2.85246782E-02
3.10984573E-01  5.88406754E+01  2.85599977E-02
3.11372576E-01  5.88631821E+01  2.86076274E-02
3.11760579E-01  5.88073235E+01  2.86311451E-02
3.12148582E-01  5.88239021E+01  2.86880489E-02
3.12536586E-01  5.88393478E+01  2.87441798E-02
3.12924589E-01  5.87647171E+01  2.87698749E-02
3.13312592E-01  5.87671432E+01  2.88085192E-02
3.13700595E-01  5.87313156E+01  2.88146846E-02
3.14088599E-01  5.87511482E+01  2.88506448E-02
3.14476602E-01  5.86993294E+01  2.88547166E-02
3.14864605E-01  5.86820602E+01  2.88725551E-02
3.15252608E-01  5.86562119E+01  2.88843103E-02
3.15640611E-01  5.86891899E+01  2.89162453E-02
3.16028615E-01  5.86610413E+01  2.89566368E-02
3.16416618E-01  5.85767021E+01  2.89624091E-02
3.16804621E-01  5.85528679E+01  2.89976411E-02
3.17192624E-01  5.85633469E+01  2.90578157E-02
3.17580627E-01  5.85774841E+01  2.91088074E-02
3.17968631E-01  5.85632935E+01  2.91406065E-02
3.18356634E-01  5.85198784E+01  2.91606449E-02
3.18744637E-01  5.84966812E+01  2.92056110E-02
3.19132640E-01  5.84865608E+01  2.92508695E-02
3.19520643E-01  5.84402847E+01  2.92794146E-02
3.19908647E-01  5.84306145E+01  2.93216649E-02
3.20296650E-01  5.84620132E+01  2.93748863E-02
3.20684653E-01  5.84344292E+01  2.94156726E-02
3.21072656E-01  5.84224472E+01  2.94523537E-02
3.21460660E-01  5.83823547E+01  2.94874366E-02
3.21848663E-01  5.83890572E+01  2.95363255E-02
3.22236666E-01  5.83473930E+01  2.95666698E-02
3.22624669E-01  5.82940979E+01  2.96034273E-02
3.23012672E-01  5.82828064E+01  2.96380930E-02
3.23400676E-01  5.82742233E+01  2.96848919E-02
3.23788679E-01  5.82363052E+01  2.97201462E-02
3.24176682E-01  5.82448654E+01  2.97633912E-02
3.24564685E-01  5.83158340E+01  2.98288520E-02
3.24952688E-01  5.82914238E+01  2.98602767E-02
3.25340692E-01  5.82136116E+01  2.98898257E-02
3.25728695E-01  5.82012749E+01  2.99368389E-02
3.26116698E-01  5.82130547E+01  2.99815871E-02
3.26504701E-01  5.81934929E+01  3.00087035E-02
3.26892704E-01  5.81125793E+01  3.00254636E-02
3.27280708E-01  5.80808716E+01  3.00701000E-02
3.27668711E-01  5.81084061E+01  3.01129520E-02
3.28056714E-01  5.81455917E+01  3.01709510E-02
3.28444717E-01  5.80752945E+01  3.01928483E-02
3.28832721E-01  5.80923653E+01  3.02406512E-02
3.29220724E-01  5.80671997E+01  3.02772373E-02
3.29608727E-01  5.80363083E+01  3.03068161E-02
3.29996730E-01  5.79871407E+01  3.03425249E-02
3.30384733E-01  5.79606514E+01  3.03793661E-02
3.30772737E-01  5.80155945E+01  3.04571651E-02
3.31160740E-01  5.79410896E+01  3.04781906E-02
3.31548743E-01  5.79011955E+01  3.04911993E-02
3.31936746E-01  5.79618721E+01  3.05512790E-02
3.32324749E-01  5.79240723E+01  3.05769481E-02
3.32712753E-01  5.78119202E+01  3.05889342E-02
3.33100756E-01  5.78922348E+01  3.06607075E-02
3.33488759E-01  5.78869820E+01  3.06908246E-02
3.33876762E-01  5.78607864E+01  3.07291187E-02
3.34264765E-01  5.78269424E+01  3.07631735E-02
3.34652769E-01  5.77925415E+01  3.08001395E-02
3.35040772E-01  5.77762642E+01  3.08333337E-02
3.35428775E-01  5.78272285E+01  3.08982581E-02
3.35816778E-01  5.77335625E+01  3.09086777E-02
3.36204781E-01  5.76985970E+01  3.09359170E-02
3.36592785E-01  5.77072372E+01  3.09864786E-02
3.36980788E-01  5.77049141E+01  3.10232434E-02
3.37368791E-01  5.76844711E+01  3.10641788E-02
3.37756794E-01  5.76326599E+01  3.10874693E-02
3.38144798E-01  5.76404800E+01  3.11320610E-02
3.38532801E-01  5.76567688E+01  3.11945826E-02
3.38920804E-01  5.76032333E+01  3.12138703E-02
3.39308807E-01  5.75461235E+01  3.12328823E-02
3.39696810E-01  5.76159668E+01  3.12945247E-02
3.40084814E-01  5.76080704E+01  3.13345790E-02
3.40472817E-01  5.75028381E+01  3.13581526E-02
3.40860820E-01  5.75268784E+01  3.14302966E-02
3.41248823E-01  5.74790154E+01  3.14563438E-02
3.41636826E-01  5.74294853E+01  3.14585641E-02
3.42024830E-01  5.74445686E+01  3.15157361E-02
3.42412833E-01  5.74220161E+01  3.15441824E-02
3.42800836E-01  5.74395256E+01  3.15773897E-02
3.43188839E-01  5.73943863E+01  3.16142775E-02
3.43576842E-01  5.73913765E+01  3.16487923E-02
3.43964846E-01  5.73841553E+01  3.16882506E-02
3.44352849E-01  5.73646126E+01  3.17344591E-02
3.44740852E-01  5.73705559E+01  3.17852348E-02
3.45128855E-01  5.73533096E+01  3.18141207E-02
3.45516859E-01  5.73119812E+01  3.18325199E-02
3.45904862E-01  5.72838974E+01  3.18735540E-02
3.46292865E-01  5.73017654E+01  3.19221392E-02
3.46680868E-01  5.72606392E+01  3.19463350E-02
3.47068871E-01  5.72613640E+01  3.19720693E-02
3.47456875E-01  5.72408371E+01  3.19895372E-02
3.47844878E-01  5.71815186E+01  3.19968835E-02
3.48232881E-01  5.71309280E+01  3.19966078E-02
3.48620884E-01  5.72022095E+01  3.20377462E-02
3.49008887E-01  5.71692123E+01  3.20255198E-02
3.49396891E-01  5.71401978E+01  3.20378616E-02
3.49784894E-01  5.70787468E+01  3.20310146E-02
3.50172897E-01  5.71033745E+01  3.20408642E-02
3.50560900E-01  5.70839348E+01  3.20505947E-02
3.50948903E-01  5.69893608E+01  3.20374742E-02
3.51336907E-01  5.70185356E+01  3.20820510E-02
3.51724910E-01  5.70012817E+01  3.21055874E-02
3.52112913E-01  5.69949036E+01  3.21467295E-02
3.52500916E-01  5.69246025E+01  3.21694240E-02
3.52888920E-01  5.69221077E+01  3.22065838E-02
3.53276923E-01  5.69368973E+01  3.22583951E-02
3.53664926E-01  5.69498978E+01  3.22973505E-02
3.54052929E-01  5.69375420E+01  3.23280543E-02
3.54440932E-01  5.69881516E+01  3.23761590E-02
3.54828936E-01  5.69480209E+01  3.23785581E-02
3.55216939E-01  5.68319702E+01  3.23645659E-02
3.55604942E-01  5.67920341E+01  3.23591493E-02
3.55992945E-01  5.68306389E+01  3.23893726E-02
3.56380948E-01  5.68353577E+01  3.23997475E-02
3.56768952E-01  5.67801704E+01  3.23930942E-02
3.57156955E-01  5.67631454E+01  3.24087664E-02
3.57544958E-01  5.67445984E+01  3.23994458E-02
3.57932961E-01  5.67177620E+01  3.24071124E-02
3.58320964E-01  5.67237968E+01  3.24206352E-02
3.58708968E-01  5.66663284E+01  3.24288718E-02
3.59096971E-01  5.66269646E+01  3.24526131E-02
3.59484974E-01  5.67036133E+01  3.25140283E-02
3.59872977E-01  5.66871414E+01  3.25550549E-02
3.60260981E-01  5.66168594E+01  3.25632244E-02
3.60648984E-01  5.66020432E+01  3.26193199E-02
3.61036987E-01  5.65934525E+01  3.29279341E-02
3.61424990E-01  5.66278915E+01  3.34657952E-02
3.61812993E-01  5.66244087E+01  3.38146612E-02
3.62200997E-01  5.66090508E+01  3.40984538E-02
3.62589000E-01  5.66847649E+01  3.43713537E-02
3.62977003E-01  5.66281433E+01  3.45538855E-02
3.63365006E-01  5.65746765E+01  3.47510800E-02
3.63753009E-01  5.65942307E+01  3.49699706E-02
3.64141013E-01  5.66112556E+01  3.51694413E-02
3.64529016E-01  5.65903511E+01  3.53589691E-02
3.64917019E-01  5.65251884E+01  3.55195515E-02
3.65305022E-01  5.64622803E+01  3.56953330E-02
3.65693025E-01  5.64946213E+01  3.58898714E-02
3.66081029E-01  5.64787407E+01  3.60519961E-02
3.66469032E-01  5.64914932E+01  3.62495147E-02
3.66857035E-01  5.65429268E+01  3.64297144E-02
3.67245038E-01  5.65485725E+01  3.66114303E-02
3.67633042E-01  5.64555244E+01  3.67464796E-02
3.68021045E-01  5.65002441E+01  3.69415805E-02
3.68409048E-01  5.64723587E+01  3.71077359E-02
3.68797051E-01  5.64974594E+01  3.72804590E-02
3.69185054E-01  5.65217514E+01  3.74735817E-02
3.69573058E-01  5.64467354E+01  3.76139618E-02
3.69961061E-01  5.63753166E+01  3.77841219E-02
3.70349064E-01  5.63434334E+01  3.79277319E-02
3.70737067E-01  5.63564262E+01  3.80841866E-02
3.71125070E-01  5.63030472E+01  3.82387415E-02
3.71513074E-01  5.63527718E+01  3.84233482E-02
3.71901077E-01  5.63324814E+01  3.85984331E-02
3.72289080E-01  5.63748169E+01  3.87819931E-02
3.72677083E-01  5.62871895E+01  3.89245227E-02
3.73065086E-01  5.62743607E+01  3.90968844E-02
3.73453090E-01  5.62716370E+01  3.91711630E-02
3.73841093E-01  5.62970810E+01  3.92673723E-02
3.74229096E-01  5.62681503E+01  3.94064300E-02
3.74617099E-01  5.62464294E+01  3.95785645E-02
3.75005103E-01  5.63161392E+01  3.97531465E-02
3.75393106E-01  5.62535400E+01  3.98987122E-02
3.75781109E-01  5.61285629E+01  4.00358960E-02
3.76169112E-01  5.61725998E+01  4.02169563E-02
3.76557115E-01  5.61888199E+01  4.04161587E-02
3.76945119E-01  5.61385994E+01  4.05641533E-02
3.77333122E-01  5.61868362E+01  4.07699980E-02
3.77721125E-01  5.61008911E+01  4.09066156E-02
3.78109128E-01  5.60787735E+01  4.10779789E-02
3.78497131E-01  5.60714951E+01  4.12755124E-02
3.78885135E-01  5.60481071E+01  4.14431393E-02
3.79273138E-01  5.60256767E+01  4.16472927E-02
3.79661141E-01  5.60369949E+01  4.18138541E-02
3.80049144E-01  5.60812263E+01  4.20042761E-02
3.80437147E-01  5.60711784E+01  4.22036871E-02
3.80825151E-01  5.60758476E+01  4.23790589E-02
3.81213154E-01  5.60078735E+01  4.25582007E-02
3.81601157E-01  5.59008789E+01  4.27081361E-02
3.81989160E-01  5.59189224E+01  4.29090410E-02
3.82377163E-01  5.60489082E+01  4.31662500E-02
3.82765167E-01  5.60515366E+01  4.33511995E-02
3.83153170E-01  5.59849548E+01  4.35444824E-02
3.83541173E-01  5.59610786E+01  4.37260680E-02
3.83929176E-01  5.59290581E+01  4.39195558E-02
3.84317180E-01  5.59601059E+01  4.41379026E-02
3.84705183E-01  5.59091568E+01  4.43179533E-02
3.85093186E-01  5.58573112E+01  4.45276462E-02
3.85481189E-01  5.58654709E+01  4.47222367E-02
3.85869192E-01  5.58239326E+01  4.49360535E-02
3.86257196E-01  5.57690849E+01  4.51241098E-02
3.86645199E-01  5.58111382E+01  4.53674570E-02
3.87033202E-01  5.58217087E+01  4.55813482E-02
3.87421205E-01  5.58886108E+01  4.58243415E-02
3.87809208E-01  5.58319511E+01  4.60472144E-02
3.88197212E-01  5.57934685E+01  4.62315753E-02
3.88585215E-01  5.57930717E+01  4.64872085E-02
3.88973218E-01  5.56667595E+01  4.66472022E-02
3.89361221E-01  5.57154160E+01  4.69189398E-02
3.89749224E-01  5.56455917E+01  4.71366234E-02
3.90137228E-01  5.56388130E+01  4.73424308E-02
3.90525231E-01  5.57095718E+01  4.76418808E-02
3.90913234E-01  5.56721306E+01  4.78546098E-02
3.91301237E-01  5.56566353E+01  4.81196381E-02
3.91689241E-01  5.55464554E+01  4.83050235E-02
3.92077244E-01  5.56472588E+01  4.86062765E-02
3.92465247E-01  5.55962410E+01  4.88582887E-02
3.92853250E-01  5.55409927E+01  4.90887389E-02
3.93241253E-01  5.55386543E+01  4.93593141E-02
3.93629257E-01  5.56231499E+01  4.96583953E-02
3.94017260E-01  5.55702896E+01  4.98987362E-02
3.94405263E-01  5.55968857E+01  5.02055772E-02
3.94793266E-01  5.56391106E+01  5.04923090E-02
3.95181269E-01  5.56023865E+01  5.07697240E-02
3.95569273E-01  5.55885391E+01  5.10304458E-02
3.95957276E-01  5.56130486E+01  5.13583198E-02
3.96345279E-01  5.55480843E+01  5.16243167E-02
3.96733282E-01  5.55263748E+01  5.19082770E-02
3.97121285E-01  5.54728584E+01  5.21896482E-02
3.97509289E-01  5.54746513E+01  5.24892882E-02
3.97897292E-01  5.54163513E+01  5.27967736E-02
3.98285295E-01  5.54501534E+01  5.31248078E-02
3.98673298E-01  5.54406624E+01  5.34430221E-02
3.99061302E-01  5.54275589E+01  5.37294820E-02
3.99449305E-01  5.54993172E+01  5.40271401E-02
3.99837308E-01  5.54897385E+01  5.42485714E-02
4.00225311E-01  5.54798393E+01  5.44119291E-02
4.00613314E-01  5.53664436E+01  5.45842946E-02
4.01001318E-01  5.52953606E+01  5.47532663E-02
4.01389321E-01  5.52814941E+01  5.49251363E-02
4.01777324E-01  5.54000359E+01  5.52141778E-02
4.02165327E-01  5.53217583E+01  5.53535745E-02
4.02553330E-01  5.52045097E+01  5.55057637E-02
4.02941334E-01  5.53812561E+01  5.58146648E-02
4.03329337E-01  5.53009415E+01  5.59759811E-02
4.03717340E-01  5.52161674E+01  5.61553948E-02
4.04105343E-01  5.52711258E+01  5.64746037E-02
4.04493346E-01  5.51911201E+01  5.67570254E-02
4.04881350E-01  5.51779175E+01  5.71193285E-02
4.05269353E-01  5.51116753E+01  5.74818440E-02
4.05657356E-01  5.51472054E+01  5.78930080E-02
4.06045359E-01  5.51727219E+01  5.83134107E-02
4.06433363E-01  5.51072083E+01  5.86908758E-02
4.06821366E-01  5.52472153E+01  5.92064969E-02
4.07209369E-01  5.51219788E+01  5.95330410E-02
4.07597372E-01  5.51668205E+01  6.00046515E-02
4.07985375E-01  5.51911011E+01  6.04328588E-02
4.08373379E-01  5.51493301E+01  6.07629493E-02
4.08761382E-01  5.51264114E+01  6.10331409E-02
4.09149385E-01  5.51501999E+01  6.13185987E-02
4.09537388E-01  5.50679741E+01  6.15301728E-02
4.09925391E-01  5.49849930E+01  6.17511794E-02
4.10313395E-01  5.49696274E+01  6.20170236E-02
4.10701398E-01  5.50278854E+01  6.23251311E-02
4.11089401E-01  5.49458809E+01  6.25342056E-02
4.11477404E-01  5.50461349E+01  6.29046932E-02
4.11865407E-01  5.49051895E+01  6.30605519E-02
4.12253411E-01  5.50277824E+01  6.34433776E-02
4.12641414E-01  5.49928093E+01  6.37133345E-02
4.13029417E-01  5.49266243E+01  6.39754608E-02
4.13417420E-01  5.49807663E+01  6.43142611E-02
4.13805424E-01  5.49213448E+01  6.45503104E-02
4.14193427E-01  5.49286308E+01  6.48541003E-02
4.14581430E-01  5.49668159E+01  6.51694238E-02
4.14969433E-01  5.49296684E+01  6.54653013E-02
4.15357436E-01  5.47466202E+01  6.56739622E-02
4.15745440E-01  5.48203545E+01  6.60528094E-02
4.16133443E-01  5.48440132E+01  6.63693547E-02
4.16521446E-01  5.49204826E+01  6.67419508E-02
4.16909449E-01  5.49091492E+01  6.70585930E-02
4.17297452E-01  5.47689095E+01  6.72968850E-02
4.17685456E-01  5.47356873E+01  6.76285625E-02
4.18073459E-01  5.47062149E+01  6.79662675E-02
4.18461462E-01  5.45380058E+01  6.81561977E-02
4.18849465E-01  5.47609138E+01  6.86923787E-02
4.19237468E-01  5.47390862E+01  6.90320879E-02
4.19625472E-01  5.45617676E+01  6.92497939E-02
4.20013475E-01  5.45980225E+01  6.96355551E-02
4.20401478E-01  5.47202873E+01  7.01172054E-02
4.20789481E-01  5.45519524E+01  7.03503639E-02
4.21177484E-01  5.45629807E+01  7.07352236E-02
4.21565488E-01  5.46154060E+01  7.11512789E-02
4.21953491E-01  5.45047722E+01  7.14623630E-02
4.22341494E-01  5.44515305E+01  7.18467757E-02
4.22729497E-01  5.43249893E+01  7.21234530E-02
4.23117501E-01  5.45537491E+01  7.27190301E-02
4.23505504E-01  5.44541550E+01  7.30255991E-02
4.23893507E-01  5.43912468E+01  7.34113306E-02
4.24281510E-01  5.44399948E+01  7.38873333E-02
4.24669513E-01  5.44541130E+01  7.43277520E-02
4.25057517E-01  5.44049454E+01  7.47144148E-02
4.25445520E-01  5.43878555E+01  7.51532167E-02
4.25833523E-01  5.43276672E+01  7.55696744E-02
4.26221526E-01  5.42336960E+01  7.59707913E-02
4.26609529E-01  5.42414436E+01  7.64429122E-02
4.26997533E-01  5.42649727E+01  7.69398808E-02
4.27385536E-01  5.41489868E+01  7.73233920E-02
4.27773539E-01  5.41633186E+01  7.78151602E-02
4.28161542E-01  5.40725021E+01  7.82302618E-02
4.28549545E-01  5.40492744E+01  7.87383839E-02
4.28937549E-01  5.42735100E+01  7.94610903E-02
4.29325552E-01  5.42057190E+01  7.98655376E-02
4.29713555E-01  5.43444328E+01  8.05380419E-02
4.30101558E-01  5.41701241E+01  8.09522644E-02


### HEADER:
#
#{
#    "Conc": "0",
#    "analysis": {},
#    "calibration_params": {
#        "Beam_Center_X": 739.0457667593599,
#        "Beam_Center_Y": 749.1905114608388,
#        "Detector Tilt": 0.2562910903638858,
#        "Detector Tilt Plane Rotation": 132.57722223850126,
#        "Detector_X_Pixel_Size": 172.0,
#        "Detector_Y_Pixel_Size": 172.0,
#        "Integration Method": "full_csr",
#        "Radial_Average_Method": "pyFAI",
#        "Sample-to-detector distance (mm)": 2690.0,
#        "Wavelength (A)": 1.0332016536100022
#    },
#    "config_file": "C:\\Users\\biosaxs\\Desktop\\userdata\\cfg\\20231104.cfg",
#    "counters": {
#        "Code": "",
#        "Concentration_mg/ml": "0",
#        "Description": "buffer",
#        "Exposure_time_s": "1.0",
#        "Run_Number": "2",
#        "SAXS_Position": "saxs",
#        "SR_Current": "210.602787207mA",
#        "Timestamp": "2023-11-05  22:16:54.844129",
#        "Transmitted_Beam": "0.825319605714",
#        "Wavelength_nm": "0.1033nm"
#    },
#    "filename": "A_buffer_0002_00020",
#    "history": {
#        "averaged_files": [
#            [
#                "buffer_0002_00020.tif"
#            ],
#            [
#                "buffer_0002_00019.tif"
#            ],
#            [
#                "buffer_0002_00018.tif"
#            ],
#            [
#                "buffer_0002_00017.tif"
#            ],
#            [
#                "buffer_0002_00016.tif"
#            ],
#            [
#                "buffer_0002_00015.tif"
#            ],
#            [
#                "buffer_0002_00014.tif"
#            ],
#            [
#                "buffer_0002_00013.tif"
#            ],
#            [
#                "buffer_0002_00012.tif"
#            ],
#            [
#                "buffer_0002_00011.tif"
#            ],
#            [
#                "buffer_0002_00010.tif"
#            ],
#            [
#                "buffer_0002_00009.tif"
#            ],
#            [
#                "buffer_0002_00008.tif"
#            ],
#            [
#                "buffer_0002_00007.tif"
#            ],
#            [
#                "buffer_0002_00006.tif"
#            ],
#            [
#                "buffer_0002_00005.tif"
#            ],
#            [
#                "buffer_0002_00004.tif"
#            ],
#            [
#                "buffer_0002_00003.tif"
#            ],
#            [
#                "buffer_0002_00002.tif"
#            ],
#            [
#                "buffer_0002_00001.tif"
#            ]
#        ]
#    },
#    "imageHeader": {
#        "Alpha": "0.0000 deg.",
#        "Angle_increment": "0.1000 deg.",
#        "Beam_xy": "(0.00, 0.00) pixels",
#        "Chi": "0.0000 deg.",
#        "Count_cutoff": "1157021 counts",
#        "Detector_2theta": "0.0000 deg.",
#        "Detector_Voffset": "0.00000 m",
#        "Detector_distance": "1.00000 m",
#        "Energy_range": "(0, 0) eV",
#        "Excluded_pixels": "badpix_mask.tif",
#        "Exposure_period": "1.1000000 s",
#        "Exposure_time": "1.0000000 s",
#        "Filter_transmission": "1.0000",
#        "Flat_field": "FF_p24-0163_E12000_T6000_vrf_m0p100.tif",
#        "Flux": "0.000000",
#        "Gain_setting": "autog (vrf = 1.000)",
#        "Image_path": "/public/Data/2023/202311/20231105/yongfeng/",
#        "Kappa": "0.0000 deg.",
#        "N_excluded_pixels": "61",
#        "N_oscillations": "1",
#        "Oscillation_axis": "X, CW",
#        "Phi": "0.0000 deg.",
#        "Pixel_size": "172e-6 m x 172e-6 m",
#        "Polarization": "0.990",
#        "Ratecorr_lut_directory": "ContinuousStandard_v1.1",
#        "Retrigger_mode": "1",
#        "Silicon": "sensor, thickness 0.000450",
#        "Tau": "0 s",
#        "Threshold_setting": "6000 eV",
#        "Trim_file": "p24-0163_E12000_T6000.bin",
#        "Wavelength (A)": "1.54000 A"
#    },
#    "normalizations": {
#        "Counter_norms": [
#            [
#                "/",
#                "Transmitted_Beam"
#            ]
#        ],
#        "Polarization": {
#            "Used": false
#        },
#        "Solid_Angle_Correction": "On"
#    },
#    "raw_version": "2.1.1"
#}

