### DATA:
#
# 1093
#      Q             I(Q)           Error     
6.40205297E-03  5.82405566E+03  2.39376688E+00
6.79005618E-03  5.11989941E+03  1.95156991E+00
7.17805939E-03  4.43288867E+03  1.63438892E+00
7.56606260E-03  3.73935669E+03  1.41066861E+00
7.95406581E-03  3.12307666E+03  1.25976932E+00
8.34206902E-03  2.62594580E+03  1.13094389E+00
8.73007223E-03  2.24218604E+03  1.01426828E+00
9.11807544E-03  1.92890259E+03  9.03343320E-01
9.50607865E-03  1.67073218E+03  8.08651090E-01
9.89408186E-03  1.45603113E+03  7.30153918E-01
1.02820851E-02  1.27633362E+03  6.62343919E-01
1.06700883E-02  1.12412122E+03  6.04247510E-01
1.10580915E-02  9.97266968E+02  5.54167330E-01
1.14460947E-02  8.88850708E+02  5.09999812E-01
1.18340979E-02  7.93575256E+02  4.70906556E-01
1.22221011E-02  7.13519470E+02  4.36492115E-01
1.26101043E-02  6.43910522E+02  4.05883163E-01
1.29981075E-02  5.84958191E+02  3.79337847E-01
1.33861107E-02  5.33017273E+02  3.54877174E-01
1.37741140E-02  4.87113342E+02  3.32998604E-01
1.41621172E-02  4.47689056E+02  3.13616037E-01
1.45501204E-02  4.12038177E+02  2.95616776E-01
1.49381236E-02  3.81398010E+02  2.79769957E-01
1.53261268E-02  3.53820007E+02  2.65136063E-01
1.57141300E-02  3.29526245E+02  2.51973242E-01
1.61021332E-02  3.07548828E+02  2.39685223E-01
1.64901364E-02  2.87646301E+02  2.28451997E-01
1.68781396E-02  2.69862823E+02  2.18117356E-01
1.72661428E-02  2.54351959E+02  2.08924294E-01
1.76541461E-02  2.39908859E+02  2.00150341E-01
1.80421493E-02  2.27653198E+02  1.92440391E-01
1.84301525E-02  2.15813919E+02  1.84973761E-01
1.88181557E-02  2.05189178E+02  1.78184375E-01
1.92061589E-02  1.95542908E+02  1.71850488E-01
1.95941621E-02  1.87071838E+02  1.66112289E-01
1.99821653E-02  1.78980255E+02  1.60583764E-01
2.03701685E-02  1.71724533E+02  1.55575097E-01
2.07581717E-02  1.65146942E+02  1.50865614E-01
2.11461749E-02  1.58896759E+02  1.46355808E-01
2.15341782E-02  1.53498718E+02  1.42367437E-01
2.19221814E-02  1.48595367E+02  1.38642445E-01
2.23101846E-02  1.43770340E+02  1.34992227E-01
2.26981878E-02  1.39256744E+02  1.31520599E-01
2.30861910E-02  1.35299774E+02  1.28466576E-01
2.34741942E-02  1.31698288E+02  1.25528157E-01
2.38621974E-02  1.28210175E+02  1.22661158E-01
2.42502006E-02  1.25229355E+02  1.20174825E-01
2.46382038E-02  1.22094383E+02  1.17524706E-01
2.50262070E-02  1.19504623E+02  1.15316436E-01
2.54142103E-02  1.16806641E+02  1.12972677E-01
2.58022135E-02  1.14447960E+02  1.10891357E-01
2.61902167E-02  1.12345215E+02  1.08936727E-01
2.65782199E-02  1.10276489E+02  1.07018694E-01
2.69662231E-02  1.08103439E+02  1.05093464E-01
2.73542263E-02  1.06381981E+02  1.03426374E-01
2.77422295E-02  1.04611206E+02  1.01753309E-01
2.81302327E-02  1.03019272E+02  1.00183919E-01
2.85182359E-02  1.01737610E+02  9.88099799E-02
2.89062391E-02  1.00272934E+02  9.73326713E-02
2.92942424E-02  9.90356979E+01  9.60198790E-02
2.96822456E-02  9.78497772E+01  9.47885364E-02
3.00702488E-02  9.67204437E+01  9.35528576E-02
3.04582520E-02  9.55991440E+01  9.23455134E-02
3.08462552E-02  9.48068314E+01  9.13629234E-02
3.12342584E-02  9.35721664E+01  9.00561213E-02
3.16222616E-02  9.28470306E+01  9.04897898E-02
3.20102648E-02  9.22331390E+01  9.10502002E-02
3.23982680E-02  9.13751602E+01  9.09496695E-02
3.27862712E-02  9.04033051E+01  9.06039551E-02
3.31742745E-02  8.97058792E+01  9.03047174E-02
3.35622777E-02  8.91478500E+01  9.00551379E-02
3.39502809E-02  8.86362152E+01  8.97490531E-02
3.43382841E-02  8.80412750E+01  8.93606842E-02
3.47262873E-02  8.75508423E+01  8.90077502E-02
3.51142905E-02  8.67989273E+01  8.84531513E-02
3.55022937E-02  8.61765594E+01  8.80250707E-02
3.58902969E-02  8.56751785E+01  8.75808746E-02
3.62783001E-02  8.53281021E+01  8.72459039E-02
3.66663033E-02  8.49303436E+01  8.68637860E-02
3.70543066E-02  8.42911224E+01  8.63099545E-02
3.74423098E-02  8.39380188E+01  8.59431773E-02
3.78303130E-02  8.35809708E+01  8.55280906E-02
3.82183162E-02  8.31881790E+01  8.51418301E-02
3.86063194E-02  8.30753555E+01  8.35356414E-02
3.89943226E-02  8.26168671E+01  8.16333592E-02
3.93823258E-02  8.21727676E+01  8.03836733E-02
3.97703290E-02  8.19677582E+01  7.94254690E-02
4.01583322E-02  8.18099442E+01  7.86019117E-02
4.05463354E-02  8.13885269E+01  7.76454285E-02
4.09343387E-02  8.12511749E+01  7.69833773E-02
4.13223419E-02  8.09748001E+01  7.62531608E-02
4.17103451E-02  8.06728439E+01  7.55409673E-02
4.20983483E-02  8.04505615E+01  7.49365985E-02
4.24863515E-02  8.01462784E+01  7.42546320E-02
4.28743547E-02  7.99714813E+01  7.36820549E-02
4.32623579E-02  8.00460892E+01  7.32614249E-02
4.36503611E-02  7.97385406E+01  7.26362392E-02
4.40383643E-02  7.93710175E+01  7.20445663E-02
4.44263675E-02  7.93361664E+01  7.15949982E-02
4.48143708E-02  7.93509216E+01  7.13899657E-02
4.52023740E-02  7.93408585E+01  7.14919120E-02
4.55903772E-02  7.92962952E+01  7.15377182E-02
4.59783804E-02  7.92272644E+01  7.15588555E-02
4.63663836E-02  7.90966034E+01  7.14487210E-02
4.67543868E-02  7.89794540E+01  7.13744909E-02
4.71423900E-02  7.90394745E+01  7.14005828E-02
4.75303932E-02  7.87988892E+01  7.11749196E-02
4.79183964E-02  7.86745224E+01  7.10568875E-02
4.83063996E-02  7.87709274E+01  7.10173547E-02
4.86944029E-02  7.85679703E+01  7.08208904E-02
4.90824061E-02  7.83791809E+01  7.06356689E-02
4.94704093E-02  7.83917923E+01  7.05396160E-02
4.98584125E-02  7.82258759E+01  7.03692436E-02
5.02464157E-02  7.80622025E+01  7.01455325E-02
5.06344189E-02  7.81651764E+01  7.01143444E-02
5.10224221E-02  7.78843460E+01  6.97102770E-02
5.14104253E-02  7.75785522E+01  6.88193142E-02
5.17984285E-02  7.73956909E+01  6.79503381E-02
5.21864318E-02  7.71060944E+01  6.71466216E-02
5.25744350E-02  7.68927536E+01  6.65128529E-02
5.29624382E-02  7.67773209E+01  6.59614354E-02
5.33504414E-02  7.65669937E+01  6.53922558E-02
5.37384446E-02  7.64902496E+01  6.49521649E-02
5.41264478E-02  7.63932266E+01  6.45117760E-02
5.45144510E-02  7.63640594E+01  6.41348884E-02
5.49024542E-02  7.63144760E+01  6.37254193E-02
5.52904574E-02  7.62351532E+01  6.33534938E-02
5.56784606E-02  7.60724335E+01  6.29597008E-02
5.60664639E-02  7.59679413E+01  6.25944063E-02
5.64544671E-02  7.59210663E+01  6.22638464E-02
5.68424703E-02  7.58657227E+01  6.19250461E-02
5.72304735E-02  7.58351669E+01  6.16162196E-02
5.76184767E-02  7.57315216E+01  6.12711236E-02
5.80064799E-02  7.57223053E+01  6.10190034E-02
5.83944831E-02  7.56103592E+01  6.06655777E-02
5.87824863E-02  7.54783783E+01  6.03315048E-02
5.91704895E-02  7.54217987E+01  6.00727797E-02
5.95584927E-02  7.55271683E+01  5.98519556E-02
5.99464960E-02  7.53665314E+01  5.95316589E-02
6.03344992E-02  7.52740707E+01  5.92522696E-02
6.07225024E-02  7.52172089E+01  5.89857399E-02
6.11105056E-02  7.51346512E+01  5.86970970E-02
6.14985088E-02  7.51135483E+01  5.84512465E-02
6.18865120E-02  7.50516205E+01  5.82157448E-02
6.22745152E-02  7.50196304E+01  5.79723231E-02
6.26625184E-02  7.49400406E+01  5.77152558E-02
6.30505216E-02  7.49094086E+01  5.74847981E-02
6.34385248E-02  7.47963562E+01  5.72252497E-02
6.38265281E-02  7.46423874E+01  5.69224246E-02
6.42145313E-02  7.48195953E+01  5.68055622E-02
6.46025345E-02  7.47496643E+01  5.65858707E-02
6.49905377E-02  7.45997543E+01  5.63161075E-02
6.53785409E-02  7.45556488E+01  5.61073944E-02
6.57665441E-02  7.45597153E+01  5.58816902E-02
6.61545473E-02  7.44064484E+01  5.56188114E-02
6.65425505E-02  7.42153778E+01  5.53765781E-02
6.69305537E-02  7.42028732E+01  5.51799051E-02
6.73185569E-02  7.40503311E+01  5.49456179E-02
6.77065602E-02  7.39897079E+01  5.47462590E-02
6.80945634E-02  7.39066315E+01  5.45131974E-02
6.84825666E-02  7.39411621E+01  5.43559119E-02
6.88705698E-02  7.37426910E+01  5.40835150E-02
6.92585730E-02  7.36080322E+01  5.38580194E-02
6.96465762E-02  7.35696564E+01  5.36666401E-02
7.00345794E-02  7.35106354E+01  5.34953699E-02
7.04225826E-02  7.34317245E+01  5.33050522E-02
7.08105858E-02  7.32622375E+01  5.30510657E-02
7.11985890E-02  7.32355957E+01  5.28816991E-02
7.15865923E-02  7.32093658E+01  5.27039282E-02
7.19745955E-02  7.31093292E+01  5.25043085E-02
7.23625987E-02  7.31865311E+01  5.23924716E-02
7.27506019E-02  7.30086746E+01  5.21567836E-02
7.31386051E-02  7.29148712E+01  5.19767888E-02
7.35266083E-02  7.28057098E+01  5.17482832E-02
7.39146115E-02  7.27809448E+01  5.15991636E-02
7.43026147E-02  7.26829834E+01  5.14144525E-02
7.46906179E-02  7.26107330E+01  5.12369201E-02
7.50786211E-02  7.25855484E+01  5.10810204E-02
7.54666244E-02  7.25391693E+01  5.09002730E-02
7.58546276E-02  7.25221558E+01  5.07602692E-02
7.62426308E-02  7.22768555E+01  5.05160019E-02
7.66306340E-02  7.21536102E+01  5.03284819E-02
7.70186372E-02  7.21678238E+01  5.02071902E-02
7.74066404E-02  7.21527863E+01  5.00487164E-02
7.77946436E-02  7.21585922E+01  4.99254912E-02
7.81826468E-02  7.19301529E+01  4.97014411E-02
7.85706500E-02  7.19607849E+01  4.95843291E-02
7.89586532E-02  7.19163742E+01  4.94329706E-02
7.93466565E-02  7.17703857E+01  4.92381938E-02
7.97346597E-02  7.16472015E+01  4.90713641E-02
8.01226629E-02  7.15281601E+01  4.88965362E-02
8.05106661E-02  7.14915314E+01  4.87500615E-02
8.08986693E-02  7.14950256E+01  4.86206673E-02
8.12866725E-02  7.14515839E+01  4.84689958E-02
8.16746757E-02  7.13036728E+01  4.82959412E-02
8.20626789E-02  7.12239380E+01  4.81436178E-02
8.24506821E-02  7.12575531E+01  4.80609946E-02
8.28386853E-02  7.10547104E+01  4.78514954E-02
8.32266886E-02  7.10517883E+01  4.77154702E-02
8.36146918E-02  7.09674530E+01  4.75724675E-02
8.40026950E-02  7.08919830E+01  4.74259295E-02
8.43906982E-02  7.08907242E+01  4.73112017E-02
8.47787014E-02  7.07344818E+01  4.71225642E-02
8.51667046E-02  7.07555389E+01  4.70270179E-02
8.55547078E-02  7.06924820E+01  4.68944274E-02
8.59427110E-02  7.06684570E+01  4.67686132E-02
8.63307142E-02  7.06055298E+01  4.66271564E-02
8.67187174E-02  7.05506439E+01  4.65131700E-02
8.71067207E-02  7.04979630E+01  4.63961773E-02
8.74947239E-02  7.04333649E+01  4.62593064E-02
8.78827271E-02  7.03838425E+01  4.61233258E-02
8.82707303E-02  7.04206696E+01  4.60274741E-02
8.86587335E-02  7.02663040E+01  4.58538048E-02
8.90467367E-02  7.01825256E+01  4.57340255E-02
8.94347399E-02  7.01651306E+01  4.56308499E-02
8.98227431E-02  7.00989075E+01  4.54755425E-02
9.02107463E-02  7.01370697E+01  4.53830287E-02
9.05987495E-02  7.01314774E+01  4.52772155E-02
9.09867528E-02  7.00737076E+01  4.51483652E-02
9.13747560E-02  6.99897614E+01  4.50154059E-02
9.17627592E-02  6.99575119E+01  4.49009798E-02
9.21507624E-02  7.00100479E+01  4.48279530E-02
9.25387656E-02  7.00194626E+01  4.47334088E-02
9.29267688E-02  6.99046783E+01  4.45960946E-02
9.33147720E-02  6.98041916E+01  4.44599614E-02
9.37027752E-02  6.97630005E+01  4.43502739E-02
9.40907784E-02  6.97272110E+01  4.44890559E-02
9.44787816E-02  6.97333679E+01  4.49048951E-02
9.48667849E-02  6.96875153E+01  4.53200117E-02
9.52547881E-02  6.95883484E+01  4.59472612E-02
9.56427913E-02  6.95484161E+01  4.63782959E-02
9.60307945E-02  6.95681610E+01  4.67229262E-02
9.64187977E-02  6.94133987E+01  4.69429046E-02
9.68068009E-02  6.93908997E+01  4.72106859E-02
9.71948041E-02  6.92812653E+01  4.70973179E-02
9.75828073E-02  6.93343506E+01  4.67330590E-02
9.79708105E-02  6.92329865E+01  4.62713875E-02
9.83588137E-02  6.92692108E+01  4.56416570E-02
9.87468170E-02  6.92627411E+01  4.52426448E-02
9.91348202E-02  6.92004242E+01  4.49124612E-02
9.95228234E-02  6.91768951E+01  4.46191728E-02
9.99108266E-02  6.92125397E+01  4.43557762E-02
1.00298830E-01  6.91340179E+01  4.40562516E-02
1.00686833E-01  6.90983887E+01  4.37927581E-02
1.01074836E-01  6.90968704E+01  4.35462818E-02
1.01462839E-01  6.90349731E+01  4.33032624E-02
1.01850843E-01  6.90465317E+01  4.31071185E-02
1.02238846E-01  6.90030365E+01  4.29362580E-02
1.02626849E-01  6.90481033E+01  4.28594500E-02
1.03014852E-01  6.90284195E+01  4.27786522E-02
1.03402855E-01  6.90153732E+01  4.27419171E-02
1.03790859E-01  6.90382690E+01  4.27119061E-02
1.04178862E-01  6.89779892E+01  4.26400453E-02
1.04566865E-01  6.89542618E+01  4.25548628E-02
1.04954868E-01  6.89377289E+01  4.24179472E-02
1.05342872E-01  6.89458008E+01  4.22687009E-02
1.05730875E-01  6.89151917E+01  4.20859903E-02
1.06118878E-01  6.88730316E+01  4.19125184E-02
1.06506881E-01  6.88573074E+01  4.17412519E-02
1.06894884E-01  6.87986069E+01  4.15877253E-02
1.07282888E-01  6.87916718E+01  4.14949320E-02
1.07670891E-01  6.87966232E+01  4.14224789E-02
1.08058894E-01  6.87057266E+01  4.13590744E-02
1.08446897E-01  6.86655426E+01  4.13210690E-02
1.08834900E-01  6.86010284E+01  4.12754938E-02
1.09222904E-01  6.86968460E+01  4.12922464E-02
1.09610907E-01  6.86739273E+01  4.12587896E-02
1.09998910E-01  6.84954224E+01  4.11440432E-02
1.10386913E-01  6.85893707E+01  4.11166251E-02
1.10774916E-01  6.86461639E+01  4.10675704E-02
1.11162920E-01  6.85908661E+01  4.09547947E-02
1.11550923E-01  6.85691910E+01  4.08563726E-02
1.11938926E-01  6.85459900E+01  4.07766551E-02
1.12326929E-01  6.85169830E+01  4.06750664E-02
1.12714933E-01  6.85960159E+01  4.06226628E-02
1.13102936E-01  6.85369339E+01  4.05250899E-02
1.13490939E-01  6.85207062E+01  4.04363573E-02
1.13878942E-01  6.85347443E+01  4.06044349E-02
1.14266945E-01  6.84919281E+01  4.09394652E-02
1.14654949E-01  6.84571991E+01  4.10968699E-02
1.15042952E-01  6.84052200E+01  4.11838368E-02
1.15430955E-01  6.84176178E+01  4.12778445E-02
1.15818958E-01  6.84025879E+01  4.13466319E-02
1.16206961E-01  6.83495636E+01  4.13752235E-02
1.16594965E-01  6.82752151E+01  4.13901210E-02
1.16982968E-01  6.83790665E+01  4.14637104E-02
1.17370971E-01  6.83011627E+01  4.14603427E-02
1.17758974E-01  6.83176804E+01  4.14935797E-02
1.18146977E-01  6.83598557E+01  4.15329337E-02
1.18534981E-01  6.83719025E+01  4.15409915E-02
1.18922984E-01  6.82834396E+01  4.15103398E-02
1.19310987E-01  6.81866913E+01  4.14986424E-02
1.19698990E-01  6.82156830E+01  4.15209234E-02
1.20086994E-01  6.81411591E+01  4.14946750E-02
1.20474997E-01  6.81925278E+01  4.15162817E-02
1.20863000E-01  6.82194366E+01  4.12668958E-02
1.21251003E-01  6.81595230E+01  4.07836437E-02
1.21639006E-01  6.81369476E+01  4.05102819E-02
1.22027010E-01  6.81156464E+01  4.03080024E-02
1.22415013E-01  6.80705109E+01  4.01254222E-02
1.22803016E-01  6.81066437E+01  3.99870388E-02
1.23191019E-01  6.80505371E+01  3.98330204E-02
1.23579022E-01  6.80049591E+01  3.96903381E-02
1.23967026E-01  6.80352631E+01  3.95877063E-02
1.24355029E-01  6.80588837E+01  3.94857600E-02
1.24743032E-01  6.79757233E+01  3.93391326E-02
1.25131035E-01  6.80108109E+01  3.92539464E-02
1.25519038E-01  6.79600601E+01  3.91334854E-02
1.25907042E-01  6.79091568E+01  3.90266925E-02
1.26295045E-01  6.78309174E+01  3.89203057E-02
1.26683048E-01  6.79125977E+01  3.90644446E-02
1.27071051E-01  6.80049286E+01  3.92652974E-02
1.27459054E-01  6.79904099E+01  3.93564627E-02
1.27847058E-01  6.80191269E+01  3.94529402E-02
1.28235061E-01  6.79734802E+01  3.94877493E-02
1.28623064E-01  6.80255814E+01  3.95528488E-02
1.29011067E-01  6.79979095E+01  3.95833477E-02
1.29399071E-01  6.79965363E+01  3.96040976E-02
1.29787074E-01  6.80207443E+01  3.96304242E-02
1.30175077E-01  6.80073090E+01  3.96445915E-02
1.30563080E-01  6.80043411E+01  3.96561958E-02
1.30951083E-01  6.79844742E+01  3.96558493E-02
1.31339087E-01  6.79737930E+01  3.96682173E-02
1.31727090E-01  6.79644547E+01  3.96786854E-02
1.32115093E-01  6.78869400E+01  3.96441184E-02
1.32503096E-01  6.79126205E+01  3.96434553E-02
1.32891099E-01  6.79943008E+01  3.96649055E-02
1.33279103E-01  6.79464722E+01  3.96302119E-02
1.33667106E-01  6.78024597E+01  3.93765494E-02
1.34055109E-01  6.76735382E+01  3.90486866E-02
1.34443112E-01  6.77421722E+01  3.88708077E-02
1.34831115E-01  6.76437988E+01  3.86749171E-02
1.35219119E-01  6.75568619E+01  3.85137275E-02
1.35607122E-01  6.75124588E+01  3.83664630E-02
1.35995125E-01  6.74937820E+01  3.82222794E-02
1.36383128E-01  6.74533234E+01  3.80834900E-02
1.36771132E-01  6.74391937E+01  3.79725695E-02
1.37159135E-01  6.74026108E+01  3.78666073E-02
1.37547138E-01  6.73568115E+01  3.77533361E-02
1.37935141E-01  6.73302765E+01  3.76460627E-02
1.38323144E-01  6.72591400E+01  3.75329740E-02
1.38711148E-01  6.72818146E+01  3.74519452E-02
1.39099151E-01  6.72671127E+01  3.73554081E-02
1.39487154E-01  6.72454529E+01  3.72600183E-02
1.39875157E-01  6.71869583E+01  3.71533148E-02
1.40263160E-01  6.71673279E+01  3.70712057E-02
1.40651164E-01  6.71428528E+01  3.69870439E-02
1.41039167E-01  6.71203156E+01  3.68968658E-02
1.41427170E-01  6.71170197E+01  3.68155278E-02
1.41815173E-01  6.70867767E+01  3.67355272E-02
1.42203176E-01  6.70787201E+01  3.66665348E-02
1.42591180E-01  6.70363693E+01  3.65820453E-02
1.42979183E-01  6.70146332E+01  3.65122184E-02
1.43367186E-01  6.70339432E+01  3.64669226E-02
1.43755189E-01  6.70001907E+01  3.64038572E-02
1.44143193E-01  6.69364777E+01  3.63158882E-02
1.44531196E-01  6.68941879E+01  3.62239964E-02
1.44919199E-01  6.68807755E+01  3.61508578E-02
1.45307202E-01  6.69138260E+01  3.60906161E-02
1.45695205E-01  6.68451691E+01  3.60104255E-02
1.46083209E-01  6.67783356E+01  3.59280929E-02
1.46471212E-01  6.68183823E+01  3.58798429E-02
1.46859215E-01  6.67658844E+01  3.57981734E-02
1.47247218E-01  6.67825470E+01  3.57364044E-02
1.47635221E-01  6.68068085E+01  3.56847458E-02
1.48023225E-01  6.67883911E+01  3.56045552E-02
1.48411228E-01  6.67957458E+01  3.55200358E-02
1.48799231E-01  6.67383347E+01  3.54145654E-02
1.49187234E-01  6.66447906E+01  3.52872014E-02
1.49575237E-01  6.66745758E+01  3.52104269E-02
1.49963241E-01  6.66070328E+01  3.51093560E-02
1.50351244E-01  6.66480865E+01  3.50615121E-02
1.50739247E-01  6.65708542E+01  3.49772498E-02
1.51127250E-01  6.66176834E+01  3.49376425E-02
1.51515254E-01  6.65716400E+01  3.48683745E-02
1.51903257E-01  6.64718170E+01  3.47803012E-02
1.52291260E-01  6.65283966E+01  3.47507745E-02
1.52679263E-01  6.65478668E+01  3.47013660E-02
1.53067266E-01  6.64886703E+01  3.46257761E-02
1.53455270E-01  6.64439545E+01  3.45765539E-02
1.53843273E-01  6.64105148E+01  3.45418192E-02
1.54231276E-01  6.63563614E+01  3.45053524E-02
1.54619279E-01  6.63469849E+01  3.44824307E-02
1.55007282E-01  6.63046570E+01  3.44449729E-02
1.55395286E-01  6.63029099E+01  3.44161540E-02
1.55783289E-01  6.63086700E+01  3.43745649E-02
1.56171292E-01  6.62564087E+01  3.43060717E-02
1.56559295E-01  6.61873932E+01  3.42338495E-02
1.56947298E-01  6.61962433E+01  3.41836251E-02
1.57335302E-01  6.62178345E+01  3.41433212E-02
1.57723305E-01  6.61931992E+01  3.40850726E-02
1.58111308E-01  6.61432114E+01  3.40060033E-02
1.58499311E-01  6.61196060E+01  3.39177661E-02
1.58887315E-01  6.61177750E+01  3.38375792E-02
1.59275318E-01  6.60842438E+01  3.37530822E-02
1.59663321E-01  6.60764771E+01  3.36762927E-02
1.60051324E-01  6.61114120E+01  3.36303227E-02
1.60439327E-01  6.60779419E+01  3.35727967E-02
1.60827331E-01  6.60031281E+01  3.35075930E-02
1.61215334E-01  6.59969864E+01  3.34599502E-02
1.61603337E-01  6.59982300E+01  3.34103778E-02
1.61991340E-01  6.59735565E+01  3.33619341E-02
1.62379343E-01  6.59591370E+01  3.33224274E-02
1.62767347E-01  6.59054413E+01  3.32685970E-02
1.63155350E-01  6.58774261E+01  3.32064182E-02
1.63543353E-01  6.58718109E+01  3.31656374E-02
1.63931356E-01  6.58321075E+01  3.31314690E-02
1.64319359E-01  6.58343048E+01  3.31151001E-02
1.64707363E-01  6.58113861E+01  3.30926664E-02
1.65095366E-01  6.58134537E+01  3.30668949E-02
1.65483369E-01  6.58292084E+01  3.30448002E-02
1.65871372E-01  6.57345963E+01  3.29732411E-02
1.66259376E-01  6.57888031E+01  3.29455175E-02
1.66647379E-01  6.57347488E+01  3.28842029E-02
1.67035382E-01  6.57156906E+01  3.28308120E-02
1.67423385E-01  6.56864700E+01  3.27814929E-02
1.67811388E-01  6.55972290E+01  3.27123776E-02
1.68199392E-01  6.56396103E+01  3.26838270E-02
1.68587395E-01  6.56500549E+01  3.26452516E-02
1.68975398E-01  6.56034164E+01  3.25865336E-02
1.69363401E-01  6.55684433E+01  3.25407982E-02
1.69751404E-01  6.55802765E+01  3.25018093E-02
1.70139408E-01  6.55142975E+01  3.24373171E-02
1.70527411E-01  6.55342484E+01  3.24074030E-02
1.70915414E-01  6.55221329E+01  3.23580988E-02
1.71303417E-01  6.55581512E+01  3.23386565E-02
1.71691420E-01  6.54136429E+01  3.22506204E-02
1.72079424E-01  6.54568558E+01  3.22260670E-02
1.72467427E-01  6.54482803E+01  3.21906134E-02
1.72855430E-01  6.53961029E+01  3.21353935E-02
1.73243433E-01  6.53863373E+01  3.20898965E-02
1.73631436E-01  6.53948975E+01  3.20536271E-02
1.74019440E-01  6.53267365E+01  3.19943056E-02
1.74407443E-01  6.53078156E+01  3.19534838E-02
1.74795446E-01  6.51822433E+01  3.18806544E-02
1.75183449E-01  6.52243881E+01  3.18559334E-02
1.75571453E-01  6.52505417E+01  3.18171084E-02
1.75959456E-01  6.52622757E+01  3.17807123E-02
1.76347459E-01  6.52071457E+01  3.17227915E-02
1.76735462E-01  6.51934662E+01  3.16927359E-02
1.77123465E-01  6.51400681E+01  3.16451453E-02
1.77511469E-01  6.51113129E+01  3.15939263E-02
1.77899472E-01  6.51155167E+01  3.15446481E-02
1.78287475E-01  6.51726379E+01  3.15183923E-02
1.78675478E-01  6.51013336E+01  3.14617939E-02
1.79063481E-01  6.50357208E+01  3.14039961E-02
1.79451485E-01  6.51039810E+01  3.13873962E-02
1.79839488E-01  6.50231018E+01  3.13251354E-02
1.80227491E-01  6.49761963E+01  3.12727876E-02
1.80615494E-01  6.49991608E+01  3.12397666E-02
1.81003497E-01  6.49429016E+01  3.11877038E-02
1.81391501E-01  6.49799881E+01  3.11592370E-02
1.81779504E-01  6.49419098E+01  3.11041567E-02
1.82167507E-01  6.49239807E+01  3.10735460E-02
1.82555510E-01  6.49036407E+01  3.10304165E-02
1.82943514E-01  6.48658600E+01  3.09842620E-02
1.83331517E-01  6.48318176E+01  3.09441872E-02
1.83719520E-01  6.48469238E+01  3.09066381E-02
1.84107523E-01  6.48357849E+01  3.08699850E-02
1.84495526E-01  6.47871704E+01  3.08154877E-02
1.84883530E-01  6.48155441E+01  3.07875983E-02
1.85271533E-01  6.47734070E+01  3.07419300E-02
1.85659536E-01  6.46716766E+01  3.06793060E-02
1.86047539E-01  6.47084732E+01  3.06608472E-02
1.86435542E-01  6.46573792E+01  3.06094494E-02
1.86823546E-01  6.46562119E+01  3.05841658E-02
1.87211549E-01  6.46197815E+01  3.05363052E-02
1.87599552E-01  6.46241760E+01  3.04995924E-02
1.87987555E-01  6.46099319E+01  3.04683950E-02
1.88375558E-01  6.45486374E+01  3.04158889E-02
1.88763562E-01  6.45653305E+01  3.03885993E-02
1.89151565E-01  6.45012207E+01  3.03414352E-02
1.89539568E-01  6.44931183E+01  3.03076021E-02
1.89927571E-01  6.44846878E+01  3.02686244E-02
1.90315575E-01  6.44484482E+01  3.02224550E-02
1.90703578E-01  6.44762573E+01  3.02039720E-02
1.91091581E-01  6.44112167E+01  3.01499777E-02
1.91479584E-01  6.44181290E+01  3.01168300E-02
1.91867587E-01  6.43740845E+01  3.00721582E-02
1.92255591E-01  6.43708649E+01  3.00382767E-02
1.92643594E-01  6.43976517E+01  3.00141219E-02
1.93031597E-01  6.43947296E+01  2.99804714E-02
1.93419600E-01  6.42984467E+01  2.99182981E-02
1.93807603E-01  6.42824326E+01  2.98810545E-02
1.94195607E-01  6.43383408E+01  2.98592038E-02
1.94583610E-01  6.43007050E+01  2.98212823E-02
1.94971613E-01  6.42664871E+01  2.97800992E-02
1.95359616E-01  6.42720795E+01  2.97465771E-02
1.95747619E-01  6.42158356E+01  2.96956208E-02
1.96135623E-01  6.42378311E+01  2.97417287E-02
1.96523626E-01  6.41986694E+01  2.99204495E-02
1.96911629E-01  6.41567841E+01  3.00321430E-02
1.97299632E-01  6.41366119E+01  3.01067885E-02
1.97687636E-01  6.41437836E+01  3.01681552E-02
1.98075639E-01  6.41406708E+01  3.02165784E-02
1.98463642E-01  6.41136017E+01  3.02465223E-02
1.98851645E-01  6.40814819E+01  3.02786641E-02
1.99239648E-01  6.40588837E+01  3.03070936E-02
1.99627652E-01  6.40981903E+01  3.03394739E-02
2.00015655E-01  6.40838470E+01  3.03595625E-02
2.00403658E-01  6.41034546E+01  3.03960592E-02
2.00791661E-01  6.40408707E+01  3.03961672E-02
2.01179664E-01  6.40214996E+01  3.04109268E-02
2.01567668E-01  6.39702454E+01  3.04122027E-02
2.01955671E-01  6.39789619E+01  3.04330345E-02
2.02343674E-01  6.39769363E+01  3.04525997E-02
2.02731677E-01  6.39633369E+01  3.04581225E-02
2.03119680E-01  6.38918839E+01  3.03625949E-02
2.03507684E-01  6.38687668E+01  3.01379804E-02
2.03895687E-01  6.38327827E+01  2.99882796E-02
2.04283690E-01  6.38076477E+01  2.98638083E-02
2.04671693E-01  6.38171310E+01  2.97727827E-02
2.05059697E-01  6.37725296E+01  2.96906140E-02
2.05447700E-01  6.37670364E+01  2.96220593E-02
2.05835703E-01  6.37658005E+01  2.95545310E-02
2.06223706E-01  6.37009773E+01  2.94778384E-02
2.06611709E-01  6.36813965E+01  2.94143148E-02
2.06999713E-01  6.37077522E+01  2.93682758E-02
2.07387716E-01  6.36760788E+01  2.93121785E-02
2.07775719E-01  6.36135788E+01  2.92482283E-02
2.08163722E-01  6.35994034E+01  2.91949119E-02
2.08551725E-01  6.35347824E+01  2.91318689E-02
2.08939729E-01  6.35479431E+01  2.91970372E-02
2.09327732E-01  6.36174736E+01  2.93371119E-02
2.09715735E-01  6.36215706E+01  2.94162873E-02
2.10103738E-01  6.35702896E+01  2.94578578E-02
2.10491741E-01  6.35614204E+01  2.95048151E-02
2.10879745E-01  6.35094604E+01  2.95277331E-02
2.11267748E-01  6.35458603E+01  2.95668244E-02
2.11655751E-01  6.35816345E+01  2.96005365E-02
2.12043754E-01  6.34773026E+01  2.95914747E-02
2.12431757E-01  6.35455322E+01  2.96310671E-02
2.12819761E-01  6.35508232E+01  2.96458155E-02
2.13207764E-01  6.34939651E+01  2.96425372E-02
2.13595767E-01  6.34671936E+01  2.96465047E-02
2.13983770E-01  6.34652824E+01  2.96618789E-02
2.14371774E-01  6.34362259E+01  2.96642222E-02
2.14759777E-01  6.34533691E+01  2.96742059E-02
2.15147780E-01  6.34270744E+01  2.96669342E-02
2.15535783E-01  6.34541016E+01  2.96852440E-02
2.15923786E-01  6.33438835E+01  2.95552257E-02
2.16311790E-01  6.32967644E+01  2.93692499E-02
2.16699793E-01  6.33034592E+01  2.92458292E-02
2.17087796E-01  6.32879257E+01  2.91482303E-02
2.17475799E-01  6.32170525E+01  2.90438533E-02
2.17863802E-01  6.31806755E+01  2.89472546E-02
2.18251806E-01  6.31977768E+01  2.88689733E-02
2.18639809E-01  6.31181107E+01  2.87690666E-02
2.19027812E-01  6.30626221E+01  2.86760721E-02
2.19415815E-01  6.31191521E+01  2.86240019E-02
2.19803818E-01  6.30517464E+01  2.85526309E-02
2.20191822E-01  6.29949265E+01  2.84935981E-02
2.20579825E-01  6.29759407E+01  2.84456518E-02
2.20967828E-01  6.29203682E+01  2.83843186E-02
2.21355831E-01  6.29548454E+01  2.83457302E-02
2.21743835E-01  6.29043770E+01  2.82847583E-02
2.22131838E-01  6.28932571E+01  2.82446481E-02
2.22519841E-01  6.29352646E+01  2.82167234E-02
2.22907844E-01  6.28725777E+01  2.81527676E-02
2.23295847E-01  6.28465805E+01  2.81067286E-02
2.23683851E-01  6.28370857E+01  2.80680712E-02
2.24071854E-01  6.28328362E+01  2.80366428E-02
2.24459857E-01  6.28077774E+01  2.80137509E-02
2.24847860E-01  6.27336121E+01  2.79797949E-02
2.25235863E-01  6.27405701E+01  2.79623978E-02
2.25623867E-01  6.27227058E+01  2.79309340E-02
2.26011870E-01  6.26888428E+01  2.78877951E-02
2.26399873E-01  6.26680489E+01  2.78510936E-02
2.26787876E-01  6.26080704E+01  2.78010014E-02
2.27175879E-01  6.26412849E+01  2.77747568E-02
2.27563883E-01  6.25663567E+01  2.77185738E-02
2.27951886E-01  6.25700760E+01  2.76880227E-02
2.28339889E-01  6.26273308E+01  2.76722256E-02
2.28727892E-01  6.25483894E+01  2.76173949E-02
2.29115896E-01  6.25187492E+01  2.75761932E-02
2.29503899E-01  6.24920959E+01  2.75209136E-02
2.29891902E-01  6.24561577E+01  2.74600722E-02
2.30279905E-01  6.24180717E+01  2.74027530E-02
2.30667908E-01  6.24323349E+01  2.73667369E-02
2.31055912E-01  6.24463272E+01  2.73433477E-02
2.31443915E-01  6.23777695E+01  2.72992998E-02
2.31831918E-01  6.23119392E+01  2.72503532E-02
2.32219921E-01  6.22911682E+01  2.72094663E-02
2.32607924E-01  6.23402290E+01  2.71897279E-02
2.32995928E-01  6.23193550E+01  2.71519925E-02
2.33383931E-01  6.23259163E+01  2.71292422E-02
2.33771934E-01  6.23055725E+01  2.70958543E-02
2.34159937E-01  6.22600098E+01  2.70536728E-02
2.34547940E-01  6.21798172E+01  2.70117875E-02
2.34935944E-01  6.21601677E+01  2.69850492E-02
2.35323947E-01  6.21556015E+01  2.69500129E-02
2.35711950E-01  6.21455574E+01  2.69293096E-02
2.36099953E-01  6.21471748E+01  2.69213673E-02
2.36487957E-01  6.21008415E+01  2.68998947E-02
2.36875960E-01  6.20981979E+01  2.68895365E-02
2.37263963E-01  6.20426025E+01  2.68546883E-02
2.37651966E-01  6.20645981E+01  2.68355012E-02
2.38039969E-01  6.20350456E+01  2.67962907E-02
2.38427973E-01  6.20466194E+01  2.67733932E-02
2.38815976E-01  6.20673409E+01  2.67489962E-02
2.39203979E-01  6.20085564E+01  2.67100390E-02
2.39591982E-01  6.19577942E+01  2.66717281E-02
2.39979985E-01  6.19904480E+01  2.66618673E-02
2.40367989E-01  6.18878479E+01  2.66060941E-02
2.40755992E-01  6.18926468E+01  2.65769716E-02
2.41143995E-01  6.18842354E+01  2.65491158E-02
2.41531998E-01  6.18490982E+01  2.65129767E-02
2.41920001E-01  6.18466568E+01  2.64891721E-02
2.42308005E-01  6.18786125E+01  2.64753103E-02
2.42696008E-01  6.17837334E+01  2.64195204E-02
2.43084011E-01  6.18086929E+01  2.64061242E-02
2.43472014E-01  6.17383728E+01  2.63602734E-02
2.43860018E-01  6.17853012E+01  2.63528768E-02
2.44248021E-01  6.17517624E+01  2.63169371E-02
2.44636024E-01  6.17111588E+01  2.62837857E-02
2.45024027E-01  6.16460075E+01  2.62455400E-02
2.45412030E-01  6.16809692E+01  2.62344871E-02
2.45800034E-01  6.16595879E+01  2.62119118E-02
2.46188037E-01  6.16036453E+01  2.61663906E-02
2.46576040E-01  6.16119461E+01  2.61384360E-02
2.46964043E-01  6.16136284E+01  2.61183623E-02
2.47352046E-01  6.15669060E+01  2.60807462E-02
2.47740050E-01  6.15845451E+01  2.60608010E-02
2.48128053E-01  6.15184441E+01  2.60171052E-02
2.48516056E-01  6.14895439E+01  2.59921737E-02
2.48904059E-01  6.14896011E+01  2.59721465E-02
2.49292062E-01  6.14172363E+01  2.59194113E-02
2.49680066E-01  6.14478836E+01  2.59032547E-02
2.50068069E-01  6.14777946E+01  2.58886367E-02
2.50456072E-01  6.14214706E+01  2.58511789E-02
2.50844075E-01  6.13974609E+01  2.58234646E-02
2.51232079E-01  6.14051323E+01  2.58005615E-02
2.51620082E-01  6.13690796E+01  2.57672165E-02
2.52008085E-01  6.13483658E+01  2.57379599E-02
2.52396088E-01  6.13007812E+01  2.57008709E-02
2.52784091E-01  6.12705498E+01  2.56703943E-02
2.53172095E-01  6.12921066E+01  2.56582536E-02
2.53560098E-01  6.12399101E+01  2.56195962E-02
2.53948101E-01  6.12548943E+01  2.55969223E-02
2.54336104E-01  6.12728882E+01  2.55800746E-02
2.54724107E-01  6.12205582E+01  2.55523976E-02
2.55112111E-01  6.11577682E+01  2.55248100E-02
2.55500114E-01  6.11492615E+01  2.54907105E-02
2.55888117E-01  6.11615410E+01  2.54622288E-02
2.56276120E-01  6.11436996E+01  2.54346188E-02
2.56664123E-01  6.11435127E+01  2.54156925E-02
2.57052127E-01  6.10805664E+01  2.53778212E-02
2.57440130E-01  6.10398445E+01  2.53470093E-02
2.57828133E-01  6.10018921E+01  2.53185518E-02
2.58216136E-01  6.10324936E+01  2.53089182E-02
2.58604139E-01  6.10260620E+01  2.52834707E-02
2.58992143E-01  6.09589310E+01  2.52392441E-02
2.59380146E-01  6.10189285E+01  2.52359398E-02
2.59768149E-01  6.09329948E+01  2.51927134E-02
2.60156152E-01  6.09247360E+01  2.51740776E-02
2.60544156E-01  6.09315910E+01  2.51549985E-02
2.60932159E-01  6.08946953E+01  2.51221154E-02
2.61320162E-01  6.08659058E+01  2.50945743E-02
2.61708165E-01  6.08474121E+01  2.50763595E-02
2.62096168E-01  6.08444748E+01  2.50564404E-02
2.62484172E-01  6.07884712E+01  2.50209756E-02
2.62872175E-01  6.07650948E+01  2.49915849E-02
2.63260178E-01  6.07488708E+01  2.49660313E-02
2.63648181E-01  6.07487602E+01  2.49475800E-02
2.64036184E-01  6.07744980E+01  2.49294266E-02
2.64424188E-01  6.07591324E+01  2.49116961E-02
2.64812191E-01  6.06682014E+01  2.48724129E-02
2.65200194E-01  6.06702461E+01  2.48494707E-02
2.65588197E-01  6.06665573E+01  2.48251874E-02
2.65976200E-01  6.06564255E+01  2.47991886E-02
2.66364204E-01  6.06628838E+01  2.47838777E-02
2.66752207E-01  6.06331596E+01  2.47598849E-02
2.67140210E-01  6.05689392E+01  2.47228127E-02
2.67528213E-01  6.05618973E+01  2.47020479E-02
2.67916217E-01  6.05125542E+01  2.46699192E-02
2.68304220E-01  6.05232124E+01  2.46577039E-02
2.68692223E-01  6.05064926E+01  2.46290658E-02
2.69080226E-01  6.05421562E+01  2.46163011E-02
2.69468229E-01  6.04995193E+01  2.45879311E-02
2.69856233E-01  6.04525681E+01  2.45584287E-02
2.70244236E-01  6.04472122E+01  2.45388485E-02
2.70632239E-01  6.03966141E+01  2.45023482E-02
2.71020242E-01  6.03817520E+01  2.44843718E-02
2.71408245E-01  6.03673401E+01  2.44626701E-02
2.71796249E-01  6.03523254E+01  2.44348738E-02
2.72184252E-01  6.03875198E+01  2.44290940E-02
2.72572255E-01  6.03012924E+01  2.43874658E-02
2.72960258E-01  6.02503433E+01  2.43590940E-02
2.73348261E-01  6.02528687E+01  2.43393276E-02
2.73736265E-01  6.02451096E+01  2.43173148E-02
2.74124268E-01  6.02363167E+01  2.42996011E-02
2.74512271E-01  6.01989326E+01  2.42745169E-02
2.74900274E-01  6.01826668E+01  2.42521707E-02
2.75288278E-01  6.01892586E+01  2.42326800E-02
2.75676281E-01  6.01276970E+01  2.42008455E-02
2.76064284E-01  6.01091309E+01  2.41821222E-02
2.76452287E-01  6.01053848E+01  2.41630729E-02
2.76840290E-01  6.00827408E+01  2.41347961E-02
2.77228294E-01  6.00875015E+01  2.41153724E-02
2.77616297E-01  6.00738754E+01  2.40957383E-02
2.78004300E-01  6.00494385E+01  2.40726732E-02
2.78392303E-01  6.00271721E+01  2.40976084E-02
2.78780306E-01  6.00205498E+01  2.42235139E-02
2.79168310E-01  6.00367661E+01  2.43129618E-02
2.79556313E-01  6.00116806E+01  2.43699457E-02
2.79944316E-01  5.99841843E+01  2.44036224E-02
2.80332319E-01  5.99591751E+01  2.44297571E-02
2.80720322E-01  5.99471550E+01  2.44593527E-02
2.81108326E-01  5.99340897E+01  2.44919043E-02
2.81496329E-01  5.99133720E+01  2.45094188E-02
2.81884332E-01  5.98741760E+01  2.45165545E-02
2.82272335E-01  5.98587570E+01  2.45322324E-02
2.82660339E-01  5.98333969E+01  2.45391317E-02
2.83048342E-01  5.98558769E+01  2.45631598E-02
2.83436345E-01  5.98763657E+01  2.45867334E-02
2.83824348E-01  5.98236809E+01  2.45909728E-02
2.84212351E-01  5.98299332E+01  2.46046241E-02
2.84600355E-01  5.97987556E+01  2.46024858E-02
2.84988358E-01  5.97489204E+01  2.46055685E-02
2.85376361E-01  5.96867599E+01  2.45525744E-02
2.85764364E-01  5.96337814E+01  2.43883021E-02
2.86152367E-01  5.95938797E+01  2.44051870E-02
2.86540371E-01  5.96163635E+01  2.44854875E-02
2.86928374E-01  5.95241470E+01  2.45001037E-02
2.87316377E-01  5.95116768E+01  2.46500112E-02
2.87704380E-01  5.95418587E+01  2.47947685E-02
2.88092383E-01  5.95404778E+01  2.48715449E-02
2.88480387E-01  5.94820251E+01  2.49133352E-02
2.88868390E-01  5.95041885E+01  2.49784328E-02
2.89256393E-01  5.95295334E+01  2.50161402E-02
2.89644396E-01  5.95535507E+01  2.50485037E-02
2.90032400E-01  5.94676933E+01  2.50575040E-02
2.90420403E-01  5.94640694E+01  2.50882059E-02
2.90808406E-01  5.94130020E+01  2.50992961E-02
2.91196409E-01  5.94525223E+01  2.52196305E-02
2.91584412E-01  5.94387436E+01  2.53913198E-02
2.91972416E-01  5.94636002E+01  2.55435817E-02
2.92360419E-01  5.94097099E+01  2.56529264E-02
2.92748422E-01  5.94176331E+01  2.57730447E-02
2.93136425E-01  5.94209213E+01  2.58779339E-02
2.93524428E-01  5.94266167E+01  2.59759463E-02
2.93912432E-01  5.94472427E+01  2.60701627E-02
2.94300435E-01  5.93880997E+01  2.61265282E-02
2.94688438E-01  5.93741760E+01  2.61906888E-02
2.95076441E-01  5.93570366E+01  2.62468047E-02
2.95464444E-01  5.93582077E+01  2.63265576E-02
2.95852448E-01  5.92999687E+01  2.63928361E-02
2.96240451E-01  5.93089371E+01  2.64697485E-02
2.96628454E-01  5.93047981E+01  2.65441425E-02
2.97016457E-01  5.92556763E+01  2.66017411E-02
2.97404460E-01  5.92660522E+01  2.66824253E-02
2.97792464E-01  5.92562485E+01  2.67478023E-02
2.98180467E-01  5.92896042E+01  2.68250853E-02
2.98568470E-01  5.92712936E+01  2.68868357E-02
2.98956473E-01  5.92163925E+01  2.69389246E-02
2.99344477E-01  5.92055168E+01  2.70138122E-02
2.99732480E-01  5.91918335E+01  2.70669423E-02
3.00120483E-01  5.91649590E+01  2.71191597E-02
3.00508486E-01  5.91978989E+01  2.71959752E-02
3.00896489E-01  5.91050911E+01  2.72498764E-02
3.01284493E-01  5.91440353E+01  2.73599885E-02
3.01672496E-01  5.91194839E+01  2.74313241E-02
3.02060499E-01  5.90618362E+01  2.74874959E-02
3.02448502E-01  5.90854568E+01  2.75502317E-02
3.02836505E-01  5.90178032E+01  2.75943913E-02
3.03224509E-01  5.90488205E+01  2.76733823E-02
3.03612512E-01  5.90526810E+01  2.77178735E-02
3.04000515E-01  5.89844666E+01  2.77579576E-02
3.04388518E-01  5.89580307E+01  2.78019197E-02
3.04776521E-01  5.90034180E+01  2.78646685E-02
3.05164525E-01  5.89657288E+01  2.79119313E-02
3.05552528E-01  5.89762459E+01  2.79810540E-02
3.05940531E-01  5.89361496E+01  2.80227624E-02
3.06328534E-01  5.89268074E+01  2.80498080E-02
3.06716538E-01  5.88804703E+01  2.80600097E-02
3.07104541E-01  5.89021378E+01  2.80950610E-02
3.07492544E-01  5.89635849E+01  2.81690843E-02
3.07880547E-01  5.88196220E+01  2.81846076E-02
3.08268550E-01  5.88035889E+01  2.82190200E-02
3.08656554E-01  5.88379898E+01  2.82562580E-02
3.09044557E-01  5.88464966E+01  2.82862876E-02
3.09432560E-01  5.87901917E+01  2.83014271E-02
3.09820563E-01  5.87221909E+01  2.83031873E-02
3.10208566E-01  5.87478943E+01  2.83350386E-02
3.10596570E-01  5.87788200E+01  2.83747762E-02
3.10984573E-01  5.87284927E+01  2.83947941E-02
3.11372576E-01  5.87219734E+01  2.84295529E-02
3.11760579E-01  5.87290840E+01  2.84765400E-02
3.12148582E-01  5.86554680E+01  2.85105221E-02
3.12536586E-01  5.86454582E+01  2.85609607E-02
3.12924589E-01  5.86183052E+01  2.85972990E-02
3.13312592E-01  5.86083183E+01  2.86257323E-02
3.13700595E-01  5.85996017E+01  2.86440253E-02
3.14088599E-01  5.85882645E+01  2.86702868E-02
3.14476602E-01  5.84749260E+01  2.86592301E-02
3.14864605E-01  5.84945602E+01  2.86865141E-02
3.15252608E-01  5.85026474E+01  2.87092272E-02
3.15640611E-01  5.84748001E+01  2.87265275E-02
3.16028615E-01  5.84926949E+01  2.87751406E-02
3.16416618E-01  5.84166260E+01  2.87760794E-02
3.16804621E-01  5.84325943E+01  2.88288556E-02
3.17192624E-01  5.84213371E+01  2.88808402E-02
3.17580627E-01  5.84175186E+01  2.89251246E-02
3.17968631E-01  5.83897171E+01  2.89554093E-02
3.18356634E-01  5.83564758E+01  2.89828181E-02
3.18744637E-01  5.83377991E+01  2.90289465E-02
3.19132640E-01  5.83795700E+01  2.90830880E-02
3.19520643E-01  5.83576775E+01  2.91172173E-02
3.19908647E-01  5.82901840E+01  2.91450731E-02
3.20296650E-01  5.83073845E+01  2.91973501E-02
3.20684653E-01  5.82076416E+01  2.92162746E-02
3.21072656E-01  5.82288399E+01  2.92651895E-02
3.21460660E-01  5.82265015E+01  2.93096993E-02
3.21848663E-01  5.82039719E+01  2.93464325E-02
3.22236666E-01  5.81942329E+01  2.93786488E-02
3.22624669E-01  5.82158890E+01  2.94405464E-02
3.23012672E-01  5.81897469E+01  2.94717960E-02
3.23400676E-01  5.81902351E+01  2.95194648E-02
3.23788679E-01  5.81205521E+01  2.95444969E-02
3.24176682E-01  5.81080933E+01  2.95817554E-02
3.24564685E-01  5.81299362E+01  2.96361260E-02
3.24952688E-01  5.80741653E+01  2.96599623E-02
3.25340692E-01  5.80343094E+01  2.97026448E-02
3.25728695E-01  5.80665359E+01  2.97588855E-02
3.26116698E-01  5.80998039E+01  2.98070498E-02
3.26504701E-01  5.80192032E+01  2.98209395E-02
3.26892704E-01  5.79832764E+01  2.98517291E-02
3.27280708E-01  5.79731369E+01  2.98962295E-02
3.27668711E-01  5.79215164E+01  2.99148001E-02
3.28056714E-01  5.79823112E+01  2.99822837E-02
3.28444717E-01  5.79452209E+01  3.00147831E-02
3.28832721E-01  5.79087906E+01  3.00478395E-02
3.29220724E-01  5.78603592E+01  3.00769210E-02
3.29608727E-01  5.78241463E+01  3.01038269E-02
3.29996730E-01  5.78693352E+01  3.01678665E-02
3.30384733E-01  5.78537102E+01  3.02076675E-02
3.30772737E-01  5.77961044E+01  3.02441865E-02
3.31160740E-01  5.77813911E+01  3.02888192E-02
3.31548743E-01  5.77775040E+01  3.03161796E-02
3.31936746E-01  5.77383957E+01  3.03454194E-02
3.32324749E-01  5.76818657E+01  3.03638224E-02
3.32712753E-01  5.77043228E+01  3.04180682E-02
3.33100756E-01  5.76822815E+01  3.04555502E-02
3.33488759E-01  5.76439896E+01  3.04793268E-02
3.33876762E-01  5.76861267E+01  3.05400640E-02
3.34264765E-01  5.76708870E+01  3.05726640E-02
3.34652769E-01  5.76289749E+01  3.06039751E-02
3.35040772E-01  5.76272278E+01  3.06448694E-02
3.35428775E-01  5.75822525E+01  3.06760408E-02
3.35816778E-01  5.75605049E+01  3.07113491E-02
3.36204781E-01  5.75494194E+01  3.07439305E-02
3.36592785E-01  5.75831413E+01  3.08098346E-02
3.36980788E-01  5.74749565E+01  3.08094360E-02
3.37368791E-01  5.75093384E+01  3.08680236E-02
3.37756794E-01  5.74898605E+01  3.08978967E-02
3.38144798E-01  5.74664383E+01  3.09381280E-02
3.38532801E-01  5.74308052E+01  3.09811644E-02
3.38920804E-01  5.74439011E+01  3.10183708E-02
3.39308807E-01  5.73488770E+01  3.10280416E-02
3.39696810E-01  5.73707657E+01  3.10828350E-02
3.40084814E-01  5.73099747E+01  3.11020203E-02
3.40472817E-01  5.73567505E+01  3.11701205E-02
3.40860820E-01  5.74021988E+01  3.12434975E-02
3.41248823E-01  5.73357849E+01  3.12623009E-02
3.41636826E-01  5.73274307E+01  3.12798433E-02
3.42024830E-01  5.72676888E+01  3.13066766E-02
3.42412833E-01  5.73129768E+01  3.13641354E-02
3.42800836E-01  5.72730484E+01  3.13811712E-02
3.43188839E-01  5.72814255E+01  3.14332470E-02
3.43576842E-01  5.72362175E+01  3.14530581E-02
3.43964846E-01  5.72201843E+01  3.14956084E-02
3.44352849E-01  5.71725235E+01  3.15218344E-02
3.44740852E-01  5.72084351E+01  3.15874144E-02
3.45128855E-01  5.71902390E+01  3.16148214E-02
3.45516859E-01  5.71939468E+01  3.16514671E-02
3.45904862E-01  5.71276932E+01  3.16757672E-02
3.46292865E-01  5.71756783E+01  3.17277536E-02
3.46680868E-01  5.71616745E+01  3.17639671E-02
3.47068871E-01  5.71283989E+01  3.17819268E-02
3.47456875E-01  5.70682869E+01  3.17867771E-02
3.47844878E-01  5.70319748E+01  3.17998268E-02
3.48232881E-01  5.70835075E+01  3.18317339E-02
3.48620884E-01  5.70590820E+01  3.18388343E-02
3.49008887E-01  5.70327072E+01  3.18336561E-02
3.49396891E-01  5.69783211E+01  3.18339914E-02
3.49784894E-01  5.69892197E+01  3.18569727E-02
3.50172897E-01  5.69910088E+01  3.18555869E-02
3.50560900E-01  5.69204788E+01  3.18479724E-02
3.50948903E-01  5.68513374E+01  3.18399742E-02
3.51336907E-01  5.69129639E+01  3.18995267E-02
3.51724910E-01  5.68806038E+01  3.19207236E-02
3.52112913E-01  5.68487244E+01  3.19468156E-02
3.52500916E-01  5.67771721E+01  3.19718346E-02
3.52888920E-01  5.67680779E+01  3.20015289E-02
3.53276923E-01  5.68278732E+01  3.20704058E-02
3.53664926E-01  5.68138809E+01  3.21011879E-02
3.54052929E-01  5.68325615E+01  3.21425386E-02
3.54440932E-01  5.67726860E+01  3.21565159E-02
3.54828936E-01  5.66810989E+01  3.21428031E-02
3.55216939E-01  5.67271652E+01  3.21803875E-02
3.55604942E-01  5.67075996E+01  3.21734995E-02
3.55992945E-01  5.66881638E+01  3.21890973E-02
3.56380948E-01  5.66534729E+01  3.21876444E-02
3.56768952E-01  5.66207466E+01  3.21871080E-02
3.57156955E-01  5.66828728E+01  3.22378427E-02
3.57544958E-01  5.66207695E+01  3.22111361E-02
3.57932961E-01  5.65623360E+01  3.22061516E-02
3.58320964E-01  5.65234489E+01  3.22103612E-02
3.58708968E-01  5.64877090E+01  3.22213992E-02
3.59096971E-01  5.64953384E+01  3.22540328E-02
3.59484974E-01  5.65570488E+01  3.23156528E-02
3.59872977E-01  5.65122375E+01  3.23443525E-02
3.60260981E-01  5.65109863E+01  3.23825963E-02
3.60648984E-01  5.64695129E+01  3.24245021E-02
3.61036987E-01  5.64468002E+01  3.27235237E-02
3.61424990E-01  5.64853935E+01  3.32634822E-02
3.61812993E-01  5.64768295E+01  3.36039290E-02
3.62200997E-01  5.65433540E+01  3.39208655E-02
3.62589000E-01  5.65043716E+01  3.41475718E-02
3.62977003E-01  5.64526443E+01  3.43328714E-02
3.63365006E-01  5.63967819E+01  3.45267244E-02
3.63753009E-01  5.64711304E+01  3.47625986E-02
3.64141013E-01  5.64618721E+01  3.49459536E-02
3.64529016E-01  5.64378548E+01  3.51469107E-02
3.64917019E-01  5.64102097E+01  3.53091434E-02
3.65305022E-01  5.64558487E+01  3.55171449E-02
3.65693025E-01  5.64213066E+01  3.56900282E-02
3.66081029E-01  5.64379578E+01  3.58694270E-02
3.66469032E-01  5.64372330E+01  3.60501185E-02
3.66857035E-01  5.64192200E+01  3.62134464E-02
3.67245038E-01  5.63124199E+01  3.63572873E-02
3.67633042E-01  5.62988968E+01  3.65210101E-02
3.68021045E-01  5.63425522E+01  3.67116928E-02
3.68409048E-01  5.63250046E+01  3.68801877E-02
3.68797051E-01  5.63106308E+01  3.70335430E-02
3.69185054E-01  5.62960587E+01  3.72149460E-02
3.69573058E-01  5.62436295E+01  3.73618528E-02
3.69961061E-01  5.63810959E+01  3.76068875E-02
3.70349064E-01  5.63233833E+01  3.77369002E-02
3.70737067E-01  5.63115158E+01  3.78848985E-02
3.71125070E-01  5.62878342E+01  3.80564407E-02
3.71513074E-01  5.62236328E+01  3.81927155E-02
3.71901077E-01  5.61431465E+01  3.83397080E-02
3.72289080E-01  5.62400208E+01  3.85467112E-02
3.72677083E-01  5.62239380E+01  3.87201309E-02
3.73065086E-01  5.61079178E+01  3.88527215E-02
3.73453090E-01  5.61384201E+01  3.89317460E-02
3.73841093E-01  5.62097664E+01  3.90439704E-02
3.74229096E-01  5.61580124E+01  3.91781181E-02
3.74617099E-01  5.60964355E+01  3.93311270E-02
3.75005103E-01  5.60802307E+01  3.94810736E-02
3.75393106E-01  5.60671883E+01  3.96394618E-02
3.75781109E-01  5.60677910E+01  3.98180522E-02
3.76169112E-01  5.61042252E+01  4.00059707E-02
3.76557115E-01  5.59565544E+01  4.01287116E-02
3.76945119E-01  5.60615349E+01  4.03459482E-02
3.77333122E-01  5.60424614E+01  4.05116230E-02
3.77721125E-01  5.60053711E+01  4.06813025E-02
3.78109128E-01  5.60654602E+01  4.08750959E-02
3.78497131E-01  5.60355415E+01  4.10640240E-02
3.78885135E-01  5.59327927E+01  4.12079617E-02
3.79273138E-01  5.58892632E+01  4.13990580E-02
3.79661141E-01  5.58960991E+01  4.15697247E-02
3.80049144E-01  5.58046341E+01  4.16942388E-02
3.80437147E-01  5.59512939E+01  4.19637188E-02
3.80825151E-01  5.59360275E+01  4.21204679E-02
3.81213154E-01  5.58712654E+01  4.23049405E-02
3.81601157E-01  5.57964592E+01  4.24563661E-02
3.81989160E-01  5.57723312E+01  4.26438041E-02
3.82377163E-01  5.58427124E+01  4.28779796E-02
3.82765167E-01  5.58446884E+01  4.30588871E-02
3.83153170E-01  5.58313713E+01  4.32780311E-02
3.83541173E-01  5.57753296E+01  4.34358083E-02
3.83929176E-01  5.57552414E+01  4.36392426E-02
3.84317180E-01  5.57818794E+01  4.38493080E-02
3.84705183E-01  5.57583847E+01  4.40484062E-02
3.85093186E-01  5.56766853E+01  4.42322753E-02
3.85481189E-01  5.56885300E+01  4.44296040E-02
3.85869192E-01  5.57079582E+01  4.46787104E-02
3.86257196E-01  5.56744576E+01  4.48637381E-02
3.86645199E-01  5.56557999E+01  4.50785384E-02
3.87033202E-01  5.57549515E+01  4.53446023E-02
3.87421205E-01  5.57293282E+01  4.55314443E-02
3.87809208E-01  5.55541458E+01  4.56976444E-02
3.88197212E-01  5.55896721E+01  4.59313765E-02
3.88585215E-01  5.55375862E+01  4.61510159E-02
3.88973218E-01  5.56232796E+01  4.64253053E-02
3.89361221E-01  5.55592346E+01  4.66092154E-02
3.89749224E-01  5.55603409E+01  4.68749590E-02
3.90137228E-01  5.54371109E+01  4.70280014E-02
3.90525231E-01  5.55665398E+01  4.73588035E-02
3.90913234E-01  5.54996758E+01  4.75454703E-02
3.91301237E-01  5.55941544E+01  4.78620604E-02
3.91689241E-01  5.55498543E+01  4.80886251E-02
3.92077244E-01  5.53750000E+01  4.82476838E-02
3.92465247E-01  5.54090080E+01  4.85370532E-02
3.92853250E-01  5.55108109E+01  4.88385484E-02
3.93241253E-01  5.54215279E+01  4.90659624E-02
3.93629257E-01  5.54551010E+01  4.93403189E-02
3.94017260E-01  5.54690323E+01  4.96262088E-02
3.94405263E-01  5.54639893E+01  4.99125049E-02
3.94793266E-01  5.54366570E+01  5.01447432E-02
3.95181269E-01  5.54241562E+01  5.04516140E-02
3.95569273E-01  5.54082451E+01  5.07166199E-02
3.95957276E-01  5.54472847E+01  5.10449819E-02
3.96345279E-01  5.53276901E+01  5.12657762E-02
3.96733282E-01  5.53185349E+01  5.15509322E-02
3.97121285E-01  5.53906670E+01  5.19070625E-02
3.97509289E-01  5.54352531E+01  5.22254482E-02
3.97897292E-01  5.52724495E+01  5.24549969E-02
3.98285295E-01  5.53185310E+01  5.28084934E-02
3.98673298E-01  5.52371521E+01  5.30862510E-02
3.99061302E-01  5.52831612E+01  5.34048080E-02
3.99449305E-01  5.53097649E+01  5.36574125E-02
3.99837308E-01  5.53393669E+01  5.39075918E-02
4.00225311E-01  5.53090820E+01  5.40683381E-02
4.00613314E-01  5.53908310E+01  5.43405041E-02
4.01001318E-01  5.52786369E+01  5.44670001E-02
4.01389321E-01  5.52227402E+01  5.46304956E-02
4.01777324E-01  5.52209969E+01  5.48470505E-02
4.02165327E-01  5.51779289E+01  5.50215170E-02
4.02553330E-01  5.51860352E+01  5.52533492E-02
4.02941334E-01  5.52041397E+01  5.54512627E-02
4.03329337E-01  5.51857719E+01  5.56580722E-02
4.03717340E-01  5.51495895E+01  5.58634289E-02
4.04105343E-01  5.51871109E+01  5.61496131E-02
4.04493346E-01  5.51254196E+01  5.64524159E-02
4.04881350E-01  5.51268501E+01  5.68061247E-02
4.05269353E-01  5.51875801E+01  5.72414286E-02
4.05657356E-01  5.51241341E+01  5.76050505E-02
4.06045359E-01  5.50141106E+01  5.79320677E-02
4.06433363E-01  5.50741348E+01  5.83958849E-02
4.06821366E-01  5.51411858E+01  5.88420443E-02
4.07209369E-01  5.51124573E+01  5.92499301E-02
4.07597372E-01  5.50038033E+01  5.96215501E-02
4.07985375E-01  5.50922661E+01  6.00870177E-02
4.08373379E-01  5.50741501E+01  6.04137406E-02
4.08761382E-01  5.50749702E+01  6.07121699E-02
4.09149385E-01  5.50042953E+01  6.09363504E-02
4.09537388E-01  5.50471992E+01  6.12309799E-02
4.09925391E-01  5.50469894E+01  6.14830181E-02
4.10313395E-01  5.49404106E+01  6.17051236E-02
4.10701398E-01  5.49085503E+01  6.19603768E-02
4.11089401E-01  5.49361382E+01  6.22612610E-02
4.11477404E-01  5.48321953E+01  6.24746867E-02
4.11865407E-01  5.47186050E+01  6.26642406E-02
4.12253411E-01  5.47944145E+01  6.30126595E-02
4.12641414E-01  5.48791885E+01  6.33410662E-02
4.13029417E-01  5.48401375E+01  6.36003986E-02
4.13417420E-01  5.48310432E+01  6.38997853E-02
4.13805424E-01  5.48487015E+01  6.42250106E-02
4.14193427E-01  5.45737000E+01  6.43242002E-02
4.14581430E-01  5.46847458E+01  6.47041351E-02
4.14969433E-01  5.46808395E+01  6.49940148E-02
4.15357436E-01  5.47616997E+01  6.53941259E-02
4.15745440E-01  5.46614685E+01  6.56057149E-02
4.16133443E-01  5.47562027E+01  6.59941286E-02
4.16521446E-01  5.47964058E+01  6.63396195E-02
4.16909449E-01  5.47520866E+01  6.66494146E-02
4.17297452E-01  5.46487236E+01  6.68987557E-02
4.17685456E-01  5.47287712E+01  6.72938228E-02
4.18073459E-01  5.47129517E+01  6.76181763E-02
4.18461462E-01  5.46868896E+01  6.79529458E-02
4.18849465E-01  5.46019516E+01  6.82548806E-02
4.19237468E-01  5.45598068E+01  6.85666800E-02
4.19625472E-01  5.45484924E+01  6.89112470E-02
4.20013475E-01  5.44608688E+01  6.92103356E-02
4.20401478E-01  5.44821167E+01  6.96121082E-02
4.20789481E-01  5.44817429E+01  6.99766502E-02
4.21177484E-01  5.44432144E+01  7.03063160E-02
4.21565488E-01  5.44718399E+01  7.07278103E-02
4.21953491E-01  5.43851624E+01  7.10494369E-02
4.22341494E-01  5.44020309E+01  7.14650452E-02
4.22729497E-01  5.43227425E+01  7.18034580E-02
4.23117501E-01  5.43310432E+01  7.22058564E-02
4.23505504E-01  5.43446960E+01  7.26342946E-02
4.23893507E-01  5.41227493E+01  7.28758574E-02
4.24281510E-01  5.42227898E+01  7.34031945E-02
4.24669513E-01  5.41928711E+01  7.37831444E-02
4.25057517E-01  5.41839905E+01  7.42323846E-02
4.25445520E-01  5.41664925E+01  7.46549666E-02
4.25833523E-01  5.42543640E+01  7.51555786E-02
4.26221526E-01  5.42519608E+01  7.55861253E-02
4.26609529E-01  5.42454147E+01  7.60805681E-02
4.26997533E-01  5.40628471E+01  7.63996840E-02
4.27385536E-01  5.41956902E+01  7.70037994E-02
4.27773539E-01  5.40776863E+01  7.73650408E-02
4.28161542E-01  5.41059990E+01  7.79065043E-02
4.28549545E-01  5.39631424E+01  7.82749876E-02
4.28937549E-01  5.39665718E+01  7.87985474E-02
4.29325552E-01  5.41620903E+01  7.95127973E-02
4.29713555E-01  5.40420418E+01  7.99143240E-02
4.30101558E-01  5.39103165E+01  8.03406388E-02


### HEADER:
#
#{
#    "Conc": "0",
#    "analysis": {},
#    "calibration_params": {
#        "Beam_Center_X": 739.0457667593599,
#        "Beam_Center_Y": 749.1905114608388,
#        "Detector Tilt": 0.2562910903638858,
#        "Detector Tilt Plane Rotation": 132.57722223850126,
#        "Detector_X_Pixel_Size": 172.0,
#        "Detector_Y_Pixel_Size": 172.0,
#        "Integration Method": "full_csr",
#        "Radial_Average_Method": "pyFAI",
#        "Sample-to-detector distance (mm)": 2690.0,
#        "Wavelength (A)": 1.0332016536100022
#    },
#    "config_file": "C:\\Users\\biosaxs\\Desktop\\userdata\\cfg\\20231104.cfg",
#    "counters": {
#        "Code": "",
#        "Concentration_mg/ml": "0",
#        "Description": "buffer_37",
#        "Exposure_time_s": "1.0",
#        "Run_Number": "4",
#        "SAXS_Position": "saxs",
#        "SR_Current": "210.639876467mA",
#        "Timestamp": "2023-11-05  22:30:14.595298",
#        "Transmitted_Beam": "0.833378227619",
#        "Wavelength_nm": "0.1033nm"
#    },
#    "filename": "A_buffer_37_0004_00020",
#    "history": {
#        "averaged_files": [
#            [
#                "buffer_37_0004_00020.tif"
#            ],
#            [
#                "buffer_37_0004_00019.tif"
#            ],
#            [
#                "buffer_37_0004_00018.tif"
#            ],
#            [
#                "buffer_37_0004_00017.tif"
#            ],
#            [
#                "buffer_37_0004_00016.tif"
#            ],
#            [
#                "buffer_37_0004_00015.tif"
#            ],
#            [
#                "buffer_37_0004_00014.tif"
#            ],
#            [
#                "buffer_37_0004_00013.tif"
#            ],
#            [
#                "buffer_37_0004_00012.tif"
#            ],
#            [
#                "buffer_37_0004_00011.tif"
#            ],
#            [
#                "buffer_37_0004_00010.tif"
#            ],
#            [
#                "buffer_37_0004_00009.tif"
#            ],
#            [
#                "buffer_37_0004_00008.tif"
#            ],
#            [
#                "buffer_37_0004_00007.tif"
#            ],
#            [
#                "buffer_37_0004_00006.tif"
#            ],
#            [
#                "buffer_37_0004_00005.tif"
#            ],
#            [
#                "buffer_37_0004_00004.tif"
#            ],
#            [
#                "buffer_37_0004_00003.tif"
#            ],
#            [
#                "buffer_37_0004_00002.tif"
#            ],
#            [
#                "buffer_37_0004_00001.tif"
#            ]
#        ]
#    },
#    "imageHeader": {
#        "Alpha": "0.0000 deg.",
#        "Angle_increment": "0.1000 deg.",
#        "Beam_xy": "(0.00, 0.00) pixels",
#        "Chi": "0.0000 deg.",
#        "Count_cutoff": "1157021 counts",
#        "Detector_2theta": "0.0000 deg.",
#        "Detector_Voffset": "0.00000 m",
#        "Detector_distance": "1.00000 m",
#        "Energy_range": "(0, 0) eV",
#        "Excluded_pixels": "badpix_mask.tif",
#        "Exposure_period": "1.1000000 s",
#        "Exposure_time": "1.0000000 s",
#        "Filter_transmission": "1.0000",
#        "Flat_field": "FF_p24-0163_E12000_T6000_vrf_m0p100.tif",
#        "Flux": "0.000000",
#        "Gain_setting": "autog (vrf = 1.000)",
#        "Image_path": "/public/Data/2023/202311/20231105/yongfeng/",
#        "Kappa": "0.0000 deg.",
#        "N_excluded_pixels": "61",
#        "N_oscillations": "1",
#        "Oscillation_axis": "X, CW",
#        "Phi": "0.0000 deg.",
#        "Pixel_size": "172e-6 m x 172e-6 m",
#        "Polarization": "0.990",
#        "Ratecorr_lut_directory": "ContinuousStandard_v1.1",
#        "Retrigger_mode": "1",
#        "Silicon": "sensor, thickness 0.000450",
#        "Tau": "0 s",
#        "Threshold_setting": "6000 eV",
#        "Trim_file": "p24-0163_E12000_T6000.bin",
#        "Wavelength (A)": "1.54000 A"
#    },
#    "normalizations": {
#        "Counter_norms": [
#            [
#                "/",
#                "Transmitted_Beam"
#            ]
#        ],
#        "Polarization": {
#            "Used": false
#        },
#        "Solid_Angle_Correction": "On"
#    },
#    "raw_version": "2.1.1"
#}

