### DATA:
#
# 1093
#      Q             I(Q)           Error     
6.40205297E-03  5.85962012E+03  2.38422704E+00
6.79005618E-03  5.15751660E+03  1.94478345E+00
7.17805939E-03  4.47676318E+03  1.63076985E+00
7.56606260E-03  3.78797144E+03  1.40993202E+00
7.95406581E-03  3.17334766E+03  1.26102889E+00
8.34206902E-03  2.67782861E+03  1.13406932E+00
8.73007223E-03  2.29618115E+03  1.01931584E+00
9.11807544E-03  1.98376672E+03  9.09733117E-01
9.50607865E-03  1.72562097E+03  8.16038489E-01
9.89408186E-03  1.51021167E+03  7.38500178E-01
1.02820851E-02  1.32827124E+03  6.70914352E-01
1.06700883E-02  1.17589343E+03  6.13776207E-01
1.10580915E-02  1.04776184E+03  5.64183831E-01
1.14460947E-02  9.36762207E+02  5.19866347E-01
1.18340979E-02  8.42076355E+02  4.81708884E-01
1.22221011E-02  7.61624329E+02  4.47864324E-01
1.26101043E-02  6.90671082E+02  4.17537212E-01
1.29981075E-02  6.30009277E+02  3.90853852E-01
1.33861107E-02  5.76732117E+02  3.66529673E-01
1.37741140E-02  5.30273438E+02  3.45034957E-01
1.41621172E-02  4.89328094E+02  3.25440675E-01
1.45501204E-02  4.53154144E+02  3.07906657E-01
1.49381236E-02  4.21536774E+02  2.92091638E-01
1.53261268E-02  3.93951202E+02  2.77821511E-01
1.57141300E-02  3.69463226E+02  2.64947146E-01
1.61021332E-02  3.47170593E+02  2.52828747E-01
1.64901364E-02  3.27283936E+02  2.42008314E-01
1.68781396E-02  3.08323395E+02  2.31495723E-01
1.72661428E-02  2.92018585E+02  2.22265646E-01
1.76541461E-02  2.77683502E+02  2.13876858E-01
1.80421493E-02  2.65006836E+02  2.06161991E-01
1.84301525E-02  2.53148468E+02  1.98968261E-01
1.88181557E-02  2.42812088E+02  1.92482188E-01
1.92061589E-02  2.33003906E+02  1.86276972E-01
1.95941621E-02  2.24119186E+02  1.80587754E-01
1.99821653E-02  2.15913818E+02  1.75146103E-01
2.03701685E-02  2.08753784E+02  1.70315310E-01
2.07581717E-02  2.02195389E+02  1.65736943E-01
2.11461749E-02  1.96381592E+02  1.61613956E-01
2.15341782E-02  1.90408051E+02  1.57449171E-01
2.19221814E-02  1.84928986E+02  1.53592020E-01
2.23101846E-02  1.80169479E+02  1.50066733E-01
2.26981878E-02  1.75792374E+02  1.46732762E-01
2.30861910E-02  1.71606705E+02  1.43634275E-01
2.34741942E-02  1.67871811E+02  1.40736222E-01
2.38621974E-02  1.63983353E+02  1.37792110E-01
2.42502006E-02  1.60196472E+02  1.34950221E-01
2.46382038E-02  1.56633636E+02  1.32199273E-01
2.50262070E-02  1.53425751E+02  1.29749596E-01
2.54142103E-02  1.50195160E+02  1.27226532E-01
2.58022135E-02  1.47280670E+02  1.24923214E-01
2.61902167E-02  1.44025299E+02  1.22455351E-01
2.65782199E-02  1.41116699E+02  1.20227575E-01
2.69662231E-02  1.38144730E+02  1.17992751E-01
2.73542263E-02  1.35479828E+02  1.15897536E-01
2.77422295E-02  1.32700821E+02  1.13772742E-01
2.81302327E-02  1.30027771E+02  1.11769304E-01
2.85182359E-02  1.27420670E+02  1.09807909E-01
2.89062391E-02  1.24842712E+02  1.07892528E-01
2.92942424E-02  1.22239952E+02  1.05918407E-01
2.96822456E-02  1.19980019E+02  1.04188263E-01
3.00702488E-02  1.17784073E+02  1.02518372E-01
3.04582520E-02  1.15561462E+02  1.00807406E-01
3.08462552E-02  1.13444756E+02  9.92136374E-02
3.12342584E-02  1.11118904E+02  9.74566489E-02
3.16222616E-02  1.09583649E+02  9.76256654E-02
3.20102648E-02  1.07856750E+02  9.77552980E-02
3.23982680E-02  1.05994118E+02  9.72593650E-02
3.27862712E-02  1.04505859E+02  9.67563167E-02
3.31742745E-02  1.03014114E+02  9.60801914E-02
3.35622777E-02  1.01485603E+02  9.54082161E-02
3.39502809E-02  9.99330368E+01  9.46104228E-02
3.43382841E-02  9.86121597E+01  9.39017311E-02
3.47262873E-02  9.75463943E+01  9.32837725E-02
3.51142905E-02  9.63501587E+01  9.25493538E-02
3.55022937E-02  9.51064606E+01  9.18040127E-02
3.58902969E-02  9.41005936E+01  9.11189914E-02
3.62783001E-02  9.33982544E+01  9.06294286E-02
3.66663033E-02  9.22935410E+01  8.99042338E-02
3.70543066E-02  9.12238693E+01  8.91539976E-02
3.74423098E-02  9.06703873E+01  8.87003392E-02
3.78303130E-02  9.00151672E+01  8.81525278E-02
3.82183162E-02  8.92510376E+01  8.75820145E-02
3.86063194E-02  8.84335403E+01  8.55697617E-02
3.89943226E-02  8.77253571E+01  8.35161209E-02
3.93823258E-02  8.73483810E+01  8.23101923E-02
3.97703290E-02  8.66794052E+01  8.10645297E-02
4.01583322E-02  8.60897446E+01  8.00289586E-02
4.05463354E-02  8.55610733E+01  7.90694207E-02
4.09343387E-02  8.52716293E+01  7.83125386E-02
4.13223419E-02  8.46860657E+01  7.74267986E-02
4.17103451E-02  8.42213058E+01  7.66377747E-02
4.20983483E-02  8.40202942E+01  7.60470256E-02
4.24863515E-02  8.35445404E+01  7.52719119E-02
4.28743547E-02  8.32512207E+01  7.46477395E-02
4.32623579E-02  8.30131073E+01  7.40733519E-02
4.36503611E-02  8.26379395E+01  7.34368861E-02
4.40383643E-02  8.23837662E+01  7.29014277E-02
4.44263675E-02  8.21105499E+01  7.23012760E-02
4.48143708E-02  8.19433441E+01  7.20163658E-02
4.52023740E-02  8.18935394E+01  7.21190870E-02
4.55903772E-02  8.18379745E+01  7.21775070E-02
4.59783804E-02  8.15055771E+01  7.20622987E-02
4.63663836E-02  8.13469238E+01  7.19491243E-02
4.67543868E-02  8.13031464E+01  7.19169229E-02
4.71423900E-02  8.11105347E+01  7.17860907E-02
4.75303932E-02  8.10453415E+01  7.16583505E-02
4.79183964E-02  8.09934158E+01  7.16006458E-02
4.83063996E-02  8.07541733E+01  7.13904947E-02
4.86944029E-02  8.05585480E+01  7.11991861E-02
4.90824061E-02  8.05307541E+01  7.11041689E-02
4.94704093E-02  8.04361649E+01  7.09414110E-02
4.98584125E-02  8.02851486E+01  7.07773641E-02
5.02464157E-02  8.02128983E+01  7.06120729E-02
5.06344189E-02  8.01115570E+01  7.04772621E-02
5.10224221E-02  7.99058762E+01  7.01251328E-02
5.14104253E-02  7.95452271E+01  6.91924021E-02
5.17984285E-02  7.91926804E+01  6.82419240E-02
5.21864318E-02  7.89134521E+01  6.74556494E-02
5.25744350E-02  7.87535172E+01  6.68438375E-02
5.29624382E-02  7.87291718E+01  6.63285181E-02
5.33504414E-02  7.85791016E+01  6.57844692E-02
5.37384446E-02  7.84136658E+01  6.52992576E-02
5.41264478E-02  7.82396240E+01  6.48277178E-02
5.45144510E-02  7.80718613E+01  6.43857419E-02
5.49024542E-02  7.79765320E+01  6.39694631E-02
5.52904574E-02  7.78512421E+01  6.35593608E-02
5.56784606E-02  7.79036865E+01  6.32781610E-02
5.60664639E-02  7.76633148E+01  6.28303066E-02
5.64544671E-02  7.75020142E+01  6.24378920E-02
5.68424703E-02  7.74176712E+01  6.21013045E-02
5.72304735E-02  7.74555435E+01  6.18411861E-02
5.76184767E-02  7.73165970E+01  6.14820533E-02
5.80064799E-02  7.71429825E+01  6.11376800E-02
5.83944831E-02  7.70610352E+01  6.08077087E-02
5.87824863E-02  7.69210129E+01  6.04815371E-02
5.91704895E-02  7.69005661E+01  6.02439493E-02
5.95584927E-02  7.67368851E+01  5.98851703E-02
5.99464960E-02  7.65918884E+01  5.95886149E-02
6.03344992E-02  7.64518127E+01  5.92826270E-02
6.07225024E-02  7.64337845E+01  5.90387657E-02
6.11105056E-02  7.63582611E+01  5.87568246E-02
6.14985088E-02  7.62148819E+01  5.84587976E-02
6.18865120E-02  7.61866455E+01  5.82451336E-02
6.22745152E-02  7.60831223E+01  5.79679757E-02
6.26625184E-02  7.58854752E+01  5.76640964E-02
6.30505216E-02  7.58301086E+01  5.74372038E-02
6.34385248E-02  7.56451645E+01  5.71392551E-02
6.38265281E-02  7.55211411E+01  5.68550974E-02
6.42145313E-02  7.55327988E+01  5.66751771E-02
6.46025345E-02  7.54529037E+01  5.64535297E-02
6.49905377E-02  7.53268356E+01  5.61835766E-02
6.53785409E-02  7.52597275E+01  5.59781902E-02
6.57665441E-02  7.51209183E+01  5.57042845E-02
6.61545473E-02  7.49778519E+01  5.54431677E-02
6.65425505E-02  7.48668518E+01  5.52359968E-02
6.69305537E-02  7.46754074E+01  5.49527891E-02
6.73185569E-02  7.46819687E+01  5.47984876E-02
6.77065602E-02  7.44595566E+01  5.45164160E-02
6.80945634E-02  7.42985458E+01  5.42697422E-02
6.84825666E-02  7.42282333E+01  5.40704615E-02
6.88705698E-02  7.40970230E+01  5.38345985E-02
6.92585730E-02  7.39535751E+01  5.36061116E-02
6.96465762E-02  7.39004288E+01  5.34118377E-02
7.00345794E-02  7.37377930E+01  5.31981997E-02
7.04225826E-02  7.36931915E+01  5.30148745E-02
7.08105858E-02  7.36687851E+01  5.28295897E-02
7.11985890E-02  7.34464264E+01  5.25819063E-02
7.15865923E-02  7.33580246E+01  5.23891747E-02
7.19745955E-02  7.32178116E+01  5.21710366E-02
7.23625987E-02  7.31869812E+01  5.20088896E-02
7.27506019E-02  7.31841812E+01  5.18522039E-02
7.31386051E-02  7.30974655E+01  5.16638197E-02
7.35266083E-02  7.29480515E+01  5.14403135E-02
7.39146115E-02  7.27750244E+01  5.12363277E-02
7.43026147E-02  7.27149811E+01  5.10730147E-02
7.46906179E-02  7.26148453E+01  5.08760959E-02
7.50786211E-02  7.25602341E+01  5.07168174E-02
7.54666244E-02  7.24257660E+01  5.04996181E-02
7.58546276E-02  7.24583664E+01  5.03783971E-02
7.62426308E-02  7.23030701E+01  5.01692779E-02
7.66306340E-02  7.21964188E+01  4.99973074E-02
7.70186372E-02  7.20478745E+01  4.98140380E-02
7.74066404E-02  7.20175018E+01  4.96640466E-02
7.77946436E-02  7.19939804E+01  4.95194942E-02
7.81826468E-02  7.19152222E+01  4.93423380E-02
7.85706500E-02  7.18714142E+01  4.92093824E-02
7.89586532E-02  7.15854874E+01  4.89677638E-02
7.93466565E-02  7.15684509E+01  4.88269366E-02
7.97346597E-02  7.15348129E+01  4.86898832E-02
8.01226629E-02  7.13670807E+01  4.84997444E-02
8.05106661E-02  7.12108307E+01  4.83163260E-02
8.08986693E-02  7.12148743E+01  4.81884219E-02
8.12866725E-02  7.11285629E+01  4.80172597E-02
8.16746757E-02  7.10713959E+01  4.78887632E-02
8.20626789E-02  7.10132370E+01  4.77422290E-02
8.24506821E-02  7.09060059E+01  4.75917608E-02
8.28386853E-02  7.07961655E+01  4.74368185E-02
8.32266886E-02  7.06855087E+01  4.72605973E-02
8.36146918E-02  7.06835632E+01  4.71511148E-02
8.40026950E-02  7.05868225E+01  4.69994321E-02
8.43906982E-02  7.04140320E+01  4.68162782E-02
8.47787014E-02  7.03930740E+01  4.66902107E-02
8.51667046E-02  7.03327179E+01  4.65588905E-02
8.55547078E-02  7.02524490E+01  4.64156978E-02
8.59427110E-02  7.02101746E+01  4.62782830E-02
8.63307142E-02  7.00908585E+01  4.61335108E-02
8.67187174E-02  6.99805984E+01  4.59934510E-02
8.71067207E-02  7.00130157E+01  4.59139124E-02
8.74947239E-02  6.99316711E+01  4.57765125E-02
8.78827271E-02  6.99056778E+01  4.56503518E-02
8.82707303E-02  6.97954788E+01  4.54931632E-02
8.86587335E-02  6.97167740E+01  4.53543626E-02
8.90467367E-02  6.97008667E+01  4.52594422E-02
8.94347399E-02  6.96014709E+01  4.51185144E-02
8.98227431E-02  6.95386887E+01  4.49730419E-02
9.02107463E-02  6.95725861E+01  4.48863097E-02
9.05987495E-02  6.94652939E+01  4.47360165E-02
9.09867528E-02  6.94051285E+01  4.46239673E-02
9.13747560E-02  6.92611542E+01  4.44659106E-02
9.17627592E-02  6.92540588E+01  4.43580821E-02
9.21507624E-02  6.92943649E+01  4.42828164E-02
9.25387656E-02  6.93471909E+01  4.42135856E-02
9.29267688E-02  6.92052841E+01  4.40614894E-02
9.33147720E-02  6.91819534E+01  4.39604111E-02
9.37027752E-02  6.90699921E+01  4.38185148E-02
9.40907784E-02  6.90446472E+01  4.39537242E-02
9.44787816E-02  6.90609512E+01  4.43638042E-02
9.48667849E-02  6.89711227E+01  4.47658002E-02
9.52547881E-02  6.88099136E+01  4.53673117E-02
9.56427913E-02  6.87826691E+01  4.57953587E-02
9.60307945E-02  6.87182236E+01  4.61066253E-02
9.64187977E-02  6.86211624E+01  4.63544279E-02
9.68068009E-02  6.85167160E+01  4.65686135E-02
9.71948041E-02  6.85336914E+01  4.65251319E-02
9.75828073E-02  6.85031128E+01  4.61156368E-02
9.79708105E-02  6.85216141E+01  4.57111299E-02
9.83588137E-02  6.84661484E+01  4.50472571E-02
9.87468170E-02  6.84610519E+01  4.46535125E-02
9.91348202E-02  6.83543777E+01  4.43218797E-02
9.95228234E-02  6.82934952E+01  4.40267324E-02
9.99108266E-02  6.83269348E+01  4.37589660E-02
1.00298830E-01  6.82749634E+01  4.34719585E-02
1.00686833E-01  6.83229752E+01  4.32463139E-02
1.01074836E-01  6.82926178E+01  4.30012010E-02
1.01462839E-01  6.81732178E+01  4.27349657E-02
1.01850843E-01  6.82362061E+01  4.25498374E-02
1.02238846E-01  6.82314682E+01  4.24046889E-02
1.02626849E-01  6.81060410E+01  4.22643274E-02
1.03014852E-01  6.81083145E+01  4.21954282E-02
1.03402855E-01  6.80718842E+01  4.21441942E-02
1.03790859E-01  6.80950012E+01  4.21146750E-02
1.04178862E-01  6.80477448E+01  4.20613661E-02
1.04566865E-01  6.79772873E+01  4.19572182E-02
1.04954868E-01  6.79883499E+01  4.18263450E-02
1.05342872E-01  6.80025406E+01  4.16879430E-02
1.05730875E-01  6.79406738E+01  4.14948054E-02
1.06118878E-01  6.79358978E+01  4.13335748E-02
1.06506881E-01  6.78583984E+01  4.11475152E-02
1.06894884E-01  6.78375549E+01  4.10103537E-02
1.07282888E-01  6.78806763E+01  4.09347937E-02
1.07670891E-01  6.77896194E+01  4.08305079E-02
1.08058894E-01  6.78170547E+01  4.08083722E-02
1.08446897E-01  6.77741165E+01  4.07620296E-02
1.08834900E-01  6.78096619E+01  4.07632254E-02
1.09222904E-01  6.77002106E+01  4.06961292E-02
1.09610907E-01  6.76518478E+01  4.06567715E-02
1.09998910E-01  6.75775146E+01  4.05847169E-02
1.10386913E-01  6.76564331E+01  4.05553468E-02
1.10774916E-01  6.76476059E+01  4.04790416E-02
1.11162920E-01  6.76352997E+01  4.03805785E-02
1.11550923E-01  6.76057129E+01  4.02828343E-02
1.11938926E-01  6.74847641E+01  4.01656888E-02
1.12326929E-01  6.74527664E+01  4.00745608E-02
1.12714933E-01  6.74406738E+01  3.99984196E-02
1.13102936E-01  6.74266052E+01  3.99087518E-02
1.13490939E-01  6.74026031E+01  3.98186781E-02
1.13878942E-01  6.73822556E+01  3.99766155E-02
1.14266945E-01  6.74120941E+01  4.03287336E-02
1.14654949E-01  6.74097519E+01  4.04862463E-02
1.15042952E-01  6.73341446E+01  4.05725092E-02
1.15430955E-01  6.73661118E+01  4.06845883E-02
1.15818958E-01  6.72984161E+01  4.07230146E-02
1.16206961E-01  6.72184525E+01  4.07368317E-02
1.16594965E-01  6.72979431E+01  4.08103354E-02
1.16982968E-01  6.73078842E+01  4.08419110E-02
1.17370971E-01  6.73003387E+01  4.08755951E-02
1.17758974E-01  6.71799469E+01  4.08521891E-02
1.18146977E-01  6.71306152E+01  4.08684388E-02
1.18534981E-01  6.71365814E+01  4.08797376E-02
1.18922984E-01  6.72163849E+01  4.08995748E-02
1.19310987E-01  6.70956116E+01  4.08701599E-02
1.19698990E-01  6.71458206E+01  4.09069844E-02
1.20086994E-01  6.71224823E+01  4.08913344E-02
1.20474997E-01  6.71109390E+01  4.08976004E-02
1.20863000E-01  6.71196976E+01  4.06518653E-02
1.21251003E-01  6.70583420E+01  4.01675664E-02
1.21639006E-01  6.69181747E+01  3.98625284E-02
1.22027010E-01  6.69193039E+01  3.96772251E-02
1.22415013E-01  6.69728470E+01  3.95297557E-02
1.22803016E-01  6.68889008E+01  3.93427089E-02
1.23191019E-01  6.69295044E+01  3.92280146E-02
1.23579022E-01  6.69342728E+01  3.91046479E-02
1.23967026E-01  6.68425064E+01  3.89643759E-02
1.24355029E-01  6.68237305E+01  3.88543159E-02
1.24743032E-01  6.67298889E+01  3.87067571E-02
1.25131035E-01  6.67677002E+01  3.86242606E-02
1.25519038E-01  6.67712326E+01  3.85233201E-02
1.25907042E-01  6.67845001E+01  3.84309106E-02
1.26295045E-01  6.67525558E+01  3.83423083E-02
1.26683048E-01  6.67450027E+01  3.84494551E-02
1.27071051E-01  6.67885895E+01  3.86333354E-02
1.27459054E-01  6.68134308E+01  3.87467034E-02
1.27847058E-01  6.68825912E+01  3.88469137E-02
1.28235061E-01  6.68145599E+01  3.88793461E-02
1.28623064E-01  6.67818451E+01  3.89166400E-02
1.29011067E-01  6.67652969E+01  3.89421731E-02
1.29399071E-01  6.67881851E+01  3.89717333E-02
1.29787074E-01  6.68896179E+01  3.90261933E-02
1.30175077E-01  6.68840561E+01  3.90378609E-02
1.30563080E-01  6.68044662E+01  3.90270017E-02
1.30951083E-01  6.68046265E+01  3.90381590E-02
1.31339087E-01  6.68220215E+01  3.90617400E-02
1.31727090E-01  6.67713547E+01  3.90500538E-02
1.32115093E-01  6.67818222E+01  3.90360951E-02
1.32503096E-01  6.67865906E+01  3.90376076E-02
1.32891099E-01  6.67698975E+01  3.90303619E-02
1.33279103E-01  6.67412643E+01  3.89999151E-02
1.33667106E-01  6.66372681E+01  3.87611389E-02
1.34055109E-01  6.65065689E+01  3.84415165E-02
1.34443112E-01  6.64786682E+01  3.82302441E-02
1.34831115E-01  6.63928528E+01  3.80443074E-02
1.35219119E-01  6.63433075E+01  3.79030518E-02
1.35607122E-01  6.64208832E+01  3.77915874E-02
1.35995125E-01  6.64079971E+01  3.76485772E-02
1.36383128E-01  6.62760773E+01  3.74893844E-02
1.36771132E-01  6.62399521E+01  3.73727866E-02
1.37159135E-01  6.61447144E+01  3.72415967E-02
1.37547138E-01  6.61468658E+01  3.71504873E-02
1.37935141E-01  6.61575775E+01  3.70552130E-02
1.38323144E-01  6.61575851E+01  3.69625352E-02
1.38711148E-01  6.61078186E+01  3.68529893E-02
1.39099151E-01  6.60492783E+01  3.67590897E-02
1.39487154E-01  6.59256821E+01  3.66355367E-02
1.39875157E-01  6.59479828E+01  3.65578271E-02
1.40263160E-01  6.59523315E+01  3.64761800E-02
1.40651164E-01  6.59284210E+01  3.63871492E-02
1.41039167E-01  6.59366455E+01  3.63136940E-02
1.41427170E-01  6.59031448E+01  3.62254493E-02
1.41815173E-01  6.58399277E+01  3.61380726E-02
1.42203176E-01  6.58583069E+01  3.60745490E-02
1.42591180E-01  6.58582306E+01  3.60018238E-02
1.42979183E-01  6.58192291E+01  3.59271280E-02
1.43367186E-01  6.57846909E+01  3.58711705E-02
1.43755189E-01  6.56949158E+01  3.57942358E-02
1.44143193E-01  6.57719498E+01  3.57477218E-02
1.44531196E-01  6.57047653E+01  3.56453508E-02
1.44919199E-01  6.56579437E+01  3.55675891E-02
1.45307202E-01  6.56483231E+01  3.54953781E-02
1.45695205E-01  6.56965027E+01  3.54487188E-02
1.46083209E-01  6.56268005E+01  3.53595577E-02
1.46471212E-01  6.56294022E+01  3.53081077E-02
1.46859215E-01  6.55518417E+01  3.52235250E-02
1.47247218E-01  6.55144119E+01  3.51500548E-02
1.47635221E-01  6.55098801E+01  3.50938067E-02
1.48023225E-01  6.54171066E+01  3.49861160E-02
1.48411228E-01  6.54744568E+01  3.49191204E-02
1.48799231E-01  6.54568863E+01  3.48231457E-02
1.49187234E-01  6.53861465E+01  3.47086526E-02
1.49575237E-01  6.53623962E+01  3.46151106E-02
1.49963241E-01  6.52973938E+01  3.45155746E-02
1.50351244E-01  6.52472916E+01  3.44401859E-02
1.50739247E-01  6.52872849E+01  3.44003849E-02
1.51127250E-01  6.53080978E+01  3.43498923E-02
1.51515254E-01  6.52909164E+01  3.42886262E-02
1.51903257E-01  6.51779480E+01  3.41980085E-02
1.52291260E-01  6.52176132E+01  3.41652036E-02
1.52679263E-01  6.52097244E+01  3.41086835E-02
1.53067266E-01  6.51413345E+01  3.40350717E-02
1.53455270E-01  6.51121979E+01  3.39846723E-02
1.53843273E-01  6.51007690E+01  3.39588784E-02
1.54231276E-01  6.50531845E+01  3.39244865E-02
1.54619279E-01  6.50470352E+01  3.39021832E-02
1.55007282E-01  6.50635071E+01  3.38924453E-02
1.55395286E-01  6.49758606E+01  3.38264890E-02
1.55783289E-01  6.50024261E+01  3.37965451E-02
1.56171292E-01  6.49292068E+01  3.37199047E-02
1.56559295E-01  6.49220047E+01  3.36654633E-02
1.56947298E-01  6.49107056E+01  3.36161107E-02
1.57335302E-01  6.48911591E+01  3.35626379E-02
1.57723305E-01  6.48485107E+01  3.34968418E-02
1.58111308E-01  6.48626785E+01  3.34394611E-02
1.58499311E-01  6.48216248E+01  3.33457068E-02
1.58887315E-01  6.48060455E+01  3.32631283E-02
1.59275318E-01  6.48038330E+01  3.31906304E-02
1.59663321E-01  6.47233276E+01  3.30946669E-02
1.60051324E-01  6.47508926E+01  3.30480896E-02
1.60439327E-01  6.47485504E+01  3.30015086E-02
1.60827331E-01  6.46473923E+01  3.29241902E-02
1.61215334E-01  6.47076797E+01  3.29020247E-02
1.61603337E-01  6.46375122E+01  3.28332707E-02
1.61991340E-01  6.45682526E+01  3.27721350E-02
1.62379343E-01  6.45473785E+01  3.27269956E-02
1.62767347E-01  6.46257553E+01  3.27177308E-02
1.63155350E-01  6.45471954E+01  3.26367095E-02
1.63543353E-01  6.45231552E+01  3.25928591E-02
1.63931356E-01  6.45175247E+01  3.25724408E-02
1.64319359E-01  6.45176697E+01  3.25495973E-02
1.64707363E-01  6.44414291E+01  3.25145051E-02
1.65095366E-01  6.43955536E+01  3.24770808E-02
1.65483369E-01  6.44385071E+01  3.24571766E-02
1.65871372E-01  6.44427338E+01  3.24232578E-02
1.66259376E-01  6.43982391E+01  3.23652551E-02
1.66647379E-01  6.43769684E+01  3.23198326E-02
1.67035382E-01  6.43338394E+01  3.22569869E-02
1.67423385E-01  6.43414307E+01  3.22168507E-02
1.67811388E-01  6.43210297E+01  3.21696326E-02
1.68199392E-01  6.42751389E+01  3.21122892E-02
1.68587395E-01  6.42390366E+01  3.20616104E-02
1.68975398E-01  6.42541504E+01  3.20230387E-02
1.69363401E-01  6.42282104E+01  3.19842733E-02
1.69751404E-01  6.41297455E+01  3.19107696E-02
1.70139408E-01  6.41482620E+01  3.18754427E-02
1.70527411E-01  6.41029053E+01  3.18270437E-02
1.70915414E-01  6.40933075E+01  3.17823030E-02
1.71303417E-01  6.41355515E+01  3.17570418E-02
1.71691420E-01  6.40854950E+01  3.16960812E-02
1.72079424E-01  6.40258179E+01  3.16464007E-02
1.72467427E-01  6.40140152E+01  3.16162258E-02
1.72855430E-01  6.39840393E+01  3.15613635E-02
1.73243433E-01  6.39685974E+01  3.15195248E-02
1.73631436E-01  6.39698677E+01  3.14799249E-02
1.74019440E-01  6.40066071E+01  3.14473249E-02
1.74407443E-01  6.39754677E+01  3.14001851E-02
1.74795446E-01  6.38673477E+01  3.13336253E-02
1.75183449E-01  6.38151283E+01  3.12811695E-02
1.75571453E-01  6.38382034E+01  3.12522128E-02
1.75959456E-01  6.38305016E+01  3.12103461E-02
1.76347459E-01  6.37677574E+01  3.11485920E-02
1.76735462E-01  6.37919960E+01  3.11270449E-02
1.77123465E-01  6.37566757E+01  3.10856123E-02
1.77511469E-01  6.37343216E+01  3.10403425E-02
1.77899472E-01  6.37242546E+01  3.09883915E-02
1.78287475E-01  6.37164116E+01  3.09441257E-02
1.78675478E-01  6.37032776E+01  3.09046768E-02
1.79063481E-01  6.36854210E+01  3.08601987E-02
1.79451485E-01  6.37141609E+01  3.08351908E-02
1.79839488E-01  6.36511536E+01  3.07727288E-02
1.80227491E-01  6.36109467E+01  3.07267476E-02
1.80615494E-01  6.35190163E+01  3.06634624E-02
1.81003497E-01  6.35775681E+01  3.06467600E-02
1.81391501E-01  6.35498238E+01  3.05985045E-02
1.81779504E-01  6.35276299E+01  3.05490978E-02
1.82167507E-01  6.35199165E+01  3.05217803E-02
1.82555510E-01  6.34211998E+01  3.04530133E-02
1.82943514E-01  6.34764366E+01  3.04375738E-02
1.83331517E-01  6.34046593E+01  3.03892214E-02
1.83719520E-01  6.33750305E+01  3.03386766E-02
1.84107523E-01  6.33882103E+01  3.03086471E-02
1.84495526E-01  6.33774681E+01  3.02606374E-02
1.84883530E-01  6.33394547E+01  3.02201677E-02
1.85271533E-01  6.33092422E+01  3.01789138E-02
1.85659536E-01  6.33612709E+01  3.01549118E-02
1.86047539E-01  6.33253822E+01  3.01145241E-02
1.86435542E-01  6.32861290E+01  3.00684609E-02
1.86823546E-01  6.32824059E+01  3.00419070E-02
1.87211549E-01  6.32270470E+01  2.99904980E-02
1.87599552E-01  6.32482758E+01  2.99668666E-02
1.87987555E-01  6.31668358E+01  2.99099572E-02
1.88375558E-01  6.32229424E+01  2.98953447E-02
1.88763562E-01  6.31479568E+01  2.98413038E-02
1.89151565E-01  6.30872459E+01  2.97934357E-02
1.89539568E-01  6.31096535E+01  2.97696609E-02
1.89927571E-01  6.30895653E+01  2.97274683E-02
1.90315575E-01  6.30594406E+01  2.96856873E-02
1.90703578E-01  6.30227280E+01  2.96501778E-02
1.91091581E-01  6.30329971E+01  2.96212006E-02
1.91479584E-01  6.29914246E+01  2.95709353E-02
1.91867587E-01  6.29947281E+01  2.95422561E-02
1.92255591E-01  6.29397964E+01  2.94925328E-02
1.92643594E-01  6.29316406E+01  2.94630192E-02
1.93031597E-01  6.29013290E+01  2.94186641E-02
1.93419600E-01  6.29270630E+01  2.93913539E-02
1.93807603E-01  6.29037743E+01  2.93552279E-02
1.94195607E-01  6.28546753E+01  2.93081161E-02
1.94583610E-01  6.28633003E+01  2.92796660E-02
1.94971613E-01  6.28525352E+01  2.92428322E-02
1.95359616E-01  6.27898712E+01  2.91939806E-02
1.95747619E-01  6.27687035E+01  2.91557144E-02
1.96135623E-01  6.27716446E+01  2.91951373E-02
1.96523626E-01  6.27228355E+01  2.93644331E-02
1.96911629E-01  6.27302132E+01  2.94847675E-02
1.97299632E-01  6.27581177E+01  2.95747332E-02
1.97687636E-01  6.27202110E+01  2.96224710E-02
1.98075639E-01  6.26742935E+01  2.96596196E-02
1.98463642E-01  6.26597786E+01  2.96949819E-02
1.98851645E-01  6.26781693E+01  2.97370963E-02
1.99239648E-01  6.26830254E+01  2.97734626E-02
1.99627652E-01  6.26201324E+01  2.97787953E-02
2.00015655E-01  6.26165047E+01  2.98011098E-02
2.00403658E-01  6.26411591E+01  2.98345238E-02
2.00791661E-01  6.25977631E+01  2.98412684E-02
2.01179664E-01  6.26638069E+01  2.98770964E-02
2.01567668E-01  6.25859032E+01  2.98661590E-02
2.01955671E-01  6.25390015E+01  2.98757814E-02
2.02343674E-01  6.25268135E+01  2.98967380E-02
2.02731677E-01  6.25165482E+01  2.98991408E-02
2.03119680E-01  6.25449905E+01  2.98307948E-02
2.03507684E-01  6.25011101E+01  2.96037700E-02
2.03895687E-01  6.24131737E+01  2.94439755E-02
2.04283690E-01  6.24049873E+01  2.93302387E-02
2.04671693E-01  6.24054070E+01  2.92343497E-02
2.05059697E-01  6.23861275E+01  2.91595235E-02
2.05447700E-01  6.23441391E+01  2.90852692E-02
2.05835703E-01  6.23281441E+01  2.90158708E-02
2.06223706E-01  6.22432861E+01  2.89328508E-02
2.06611709E-01  6.22575951E+01  2.88820770E-02
2.06999713E-01  6.22360115E+01  2.88194362E-02
2.07387716E-01  6.22351265E+01  2.87728254E-02
2.07775719E-01  6.22101669E+01  2.87202299E-02
2.08163722E-01  6.21683846E+01  2.86599733E-02
2.08551725E-01  6.21513138E+01  2.86119822E-02
2.08939729E-01  6.21739731E+01  2.86829919E-02
2.09327732E-01  6.21601486E+01  2.87961233E-02
2.09715735E-01  6.21394958E+01  2.88634486E-02
2.10103738E-01  6.21677856E+01  2.89296601E-02
2.10491741E-01  6.22008286E+01  2.89834216E-02
2.10879745E-01  6.21351967E+01  2.90012956E-02
2.11267748E-01  6.21224365E+01  2.90248506E-02
2.11655751E-01  6.21536179E+01  2.90569924E-02
2.12043754E-01  6.21251755E+01  2.90705841E-02
2.12431757E-01  6.21480141E+01  2.90994346E-02
2.12819761E-01  6.20905533E+01  2.90975329E-02
2.13207764E-01  6.20853310E+01  2.91077606E-02
2.13595767E-01  6.20731621E+01  2.91142091E-02
2.13983770E-01  6.20412445E+01  2.91186981E-02
2.14371774E-01  6.20197029E+01  2.91231759E-02
2.14759777E-01  6.20003815E+01  2.91207489E-02
2.15147780E-01  6.20270119E+01  2.91373245E-02
2.15535783E-01  6.19933853E+01  2.91363429E-02
2.15923786E-01  6.19419441E+01  2.90252008E-02
2.16311790E-01  6.18616867E+01  2.88265329E-02
2.16699793E-01  6.18683739E+01  2.87069324E-02
2.17087796E-01  6.18446579E+01  2.86092516E-02
2.17475799E-01  6.18120995E+01  2.85196267E-02
2.17863802E-01  6.17673149E+01  2.84250472E-02
2.18251806E-01  6.17266998E+01  2.83269286E-02
2.18639809E-01  6.17321167E+01  2.82537322E-02
2.19027812E-01  6.16817703E+01  2.81614121E-02
2.19415815E-01  6.16901093E+01  2.80987695E-02
2.19803818E-01  6.15963974E+01  2.80221663E-02
2.20191822E-01  6.15640335E+01  2.79686376E-02
2.20579825E-01  6.15938263E+01  2.79370211E-02
2.20967828E-01  6.15628395E+01  2.78805215E-02
2.21355831E-01  6.15421524E+01  2.78260522E-02
2.21743835E-01  6.15036316E+01  2.77743749E-02
2.22131838E-01  6.14697952E+01  2.77252812E-02
2.22519841E-01  6.14143219E+01  2.76720561E-02
2.22907844E-01  6.14238014E+01  2.76342966E-02
2.23295847E-01  6.14700890E+01  2.76048034E-02
2.23683851E-01  6.14009514E+01  2.75469031E-02
2.24071854E-01  6.13558502E+01  2.75083687E-02
2.24459857E-01  6.13366203E+01  2.74895225E-02
2.24847860E-01  6.13396149E+01  2.74731722E-02
2.25235863E-01  6.14183617E+01  2.74756104E-02
2.25623867E-01  6.13674698E+01  2.74347253E-02
2.26011870E-01  6.12453537E+01  2.73698922E-02
2.26399873E-01  6.12177925E+01  2.73324754E-02
2.26787876E-01  6.12442055E+01  2.73035076E-02
2.27175879E-01  6.12402992E+01  2.72687729E-02
2.27563883E-01  6.11743546E+01  2.72159670E-02
2.27951886E-01  6.11955528E+01  2.71909665E-02
2.28339889E-01  6.11653328E+01  2.71524005E-02
2.28727892E-01  6.10977364E+01  2.71039698E-02
2.29115896E-01  6.11086426E+01  2.70748362E-02
2.29503899E-01  6.10765038E+01  2.70173587E-02
2.29891902E-01  6.11009903E+01  2.69733593E-02
2.30279905E-01  6.10631523E+01  2.69121379E-02
2.30667908E-01  6.10300407E+01  2.68707033E-02
2.31055912E-01  6.09612236E+01  2.68229861E-02
2.31443915E-01  6.09745140E+01  2.68031638E-02
2.31831918E-01  6.09711456E+01  2.67697480E-02
2.32219921E-01  6.09516182E+01  2.67270245E-02
2.32607924E-01  6.08878746E+01  2.66815890E-02
2.32995928E-01  6.08582993E+01  2.66461857E-02
2.33383931E-01  6.08407211E+01  2.66143717E-02
2.33771934E-01  6.08313484E+01  2.65850853E-02
2.34159937E-01  6.08344231E+01  2.65575070E-02
2.34547940E-01  6.08376045E+01  2.65336093E-02
2.34935944E-01  6.07975426E+01  2.65009962E-02
2.35323947E-01  6.07629013E+01  2.64633447E-02
2.35711950E-01  6.07410889E+01  2.64377017E-02
2.36099953E-01  6.06962204E+01  2.64150761E-02
2.36487957E-01  6.07291451E+01  2.64184587E-02
2.36875960E-01  6.06671562E+01  2.63882168E-02
2.37263963E-01  6.06335640E+01  2.63644904E-02
2.37651966E-01  6.06243439E+01  2.63378937E-02
2.38039969E-01  6.06387939E+01  2.63120122E-02
2.38427973E-01  6.05923996E+01  2.62713991E-02
2.38815976E-01  6.05915146E+01  2.62435041E-02
2.39203979E-01  6.05801582E+01  2.62133386E-02
2.39591982E-01  6.05576591E+01  2.61857156E-02
2.39979985E-01  6.05199165E+01  2.61572432E-02
2.40367989E-01  6.04680557E+01  2.61134785E-02
2.40755992E-01  6.04960289E+01  2.60916166E-02
2.41143995E-01  6.04768906E+01  2.60587446E-02
2.41531998E-01  6.04688835E+01  2.60334294E-02
2.41920001E-01  6.04135017E+01  2.59984732E-02
2.42308005E-01  6.04069061E+01  2.59713456E-02
2.42696008E-01  6.04568710E+01  2.59539429E-02
2.43084011E-01  6.04166603E+01  2.59200148E-02
2.43472014E-01  6.03414116E+01  2.58796420E-02
2.43860018E-01  6.03066444E+01  2.58489959E-02
2.44248021E-01  6.02933159E+01  2.58207321E-02
2.44636024E-01  6.02877235E+01  2.57980824E-02
2.45024027E-01  6.02442703E+01  2.57626902E-02
2.45412030E-01  6.02793846E+01  2.57517323E-02
2.45800034E-01  6.02481804E+01  2.57280320E-02
2.46188037E-01  6.02018242E+01  2.56865788E-02
2.46576040E-01  6.01329575E+01  2.56389789E-02
2.46964043E-01  6.01539078E+01  2.56243572E-02
2.47352046E-01  6.01770477E+01  2.56011300E-02
2.47740050E-01  6.01595726E+01  2.55735852E-02
2.48128053E-01  6.01091385E+01  2.55388338E-02
2.48516056E-01  6.00967369E+01  2.55165342E-02
2.48904059E-01  6.01085434E+01  2.54976228E-02
2.49292062E-01  6.00311546E+01  2.54456270E-02
2.49680066E-01  6.00099640E+01  2.54171807E-02
2.50068069E-01  5.99973755E+01  2.53964346E-02
2.50456072E-01  5.99524651E+01  2.53648516E-02
2.50844075E-01  5.99532013E+01  2.53355652E-02
2.51232079E-01  5.99992332E+01  2.53213197E-02
2.51620082E-01  5.99838104E+01  2.52982974E-02
2.52008085E-01  5.99027405E+01  2.52516270E-02
2.52396088E-01  5.99306946E+01  2.52346080E-02
2.52784091E-01  5.98979912E+01  2.52036769E-02
2.53172095E-01  5.98473625E+01  2.51752492E-02
2.53560098E-01  5.98165703E+01  2.51455437E-02
2.53948101E-01  5.98136063E+01  2.51184348E-02
2.54336104E-01  5.97630043E+01  2.50823889E-02
2.54724107E-01  5.97412949E+01  2.50617359E-02
2.55112111E-01  5.97483978E+01  2.50539817E-02
2.55500114E-01  5.96960831E+01  2.50084251E-02
2.55888117E-01  5.96821671E+01  2.49720495E-02
2.56276120E-01  5.97192497E+01  2.49612350E-02
2.56664123E-01  5.97155151E+01  2.49386299E-02
2.57052127E-01  5.97264977E+01  2.49197930E-02
2.57440130E-01  5.97085648E+01  2.48928927E-02
2.57828133E-01  5.96866379E+01  2.48687416E-02
2.58216136E-01  5.96331558E+01  2.48392280E-02
2.58604139E-01  5.96270447E+01  2.48208120E-02
2.58992143E-01  5.95421600E+01  2.47706380E-02
2.59380146E-01  5.95489082E+01  2.47486681E-02
2.59768149E-01  5.95610008E+01  2.47360896E-02
2.60156152E-01  5.95445061E+01  2.47152243E-02
2.60544156E-01  5.95214348E+01  2.46847980E-02
2.60932159E-01  5.94987946E+01  2.46569905E-02
2.61320162E-01  5.94727402E+01  2.46303864E-02
2.61708165E-01  5.94168892E+01  2.46026609E-02
2.62096168E-01  5.94297371E+01  2.45908927E-02
2.62484172E-01  5.94285698E+01  2.45663151E-02
2.62872175E-01  5.93994789E+01  2.45359242E-02
2.63260178E-01  5.93696556E+01  2.45062858E-02
2.63648181E-01  5.93873177E+01  2.44927835E-02
2.64036184E-01  5.93396301E+01  2.44588591E-02
2.64424188E-01  5.93500977E+01  2.44495850E-02
2.64812191E-01  5.92817955E+01  2.44147796E-02
2.65200194E-01  5.92572746E+01  2.43848488E-02
2.65588197E-01  5.92561531E+01  2.43628621E-02
2.65976200E-01  5.92499237E+01  2.43391190E-02
2.66364204E-01  5.92131500E+01  2.43125726E-02
2.66752207E-01  5.92143364E+01  2.42946707E-02
2.67140210E-01  5.91613045E+01  2.42617968E-02
2.67528213E-01  5.91261978E+01  2.42366455E-02
2.67916217E-01  5.91286087E+01  2.42179092E-02
2.68304220E-01  5.91131592E+01  2.41961628E-02
2.68692223E-01  5.90757217E+01  2.41666213E-02
2.69080226E-01  5.90585861E+01  2.41428353E-02
2.69468229E-01  5.90569763E+01  2.41228007E-02
2.69856233E-01  5.90505104E+01  2.41027679E-02
2.70244236E-01  5.90550003E+01  2.40848139E-02
2.70632239E-01  5.89941177E+01  2.40462944E-02
2.71020242E-01  5.89915390E+01  2.40305103E-02
2.71408245E-01  5.89994164E+01  2.40146462E-02
2.71796249E-01  5.89736633E+01  2.39899922E-02
2.72184252E-01  5.89275665E+01  2.39614956E-02
2.72572255E-01  5.89106789E+01  2.39354968E-02
2.72960258E-01  5.89251709E+01  2.39215791E-02
2.73348261E-01  5.88873177E+01  2.38908790E-02
2.73736265E-01  5.88976479E+01  2.38780826E-02
2.74124268E-01  5.88304749E+01  2.38434598E-02
2.74512271E-01  5.88232269E+01  2.38263719E-02
2.74900274E-01  5.87751770E+01  2.37995703E-02
2.75288278E-01  5.87501373E+01  2.37740595E-02
2.75676281E-01  5.87103577E+01  2.37450749E-02
2.76064284E-01  5.87096939E+01  2.37313043E-02
2.76452287E-01  5.86798439E+01  2.37072203E-02
2.76840290E-01  5.86994400E+01  2.36901417E-02
2.77228294E-01  5.87121811E+01  2.36717127E-02
2.77616297E-01  5.86508408E+01  2.36413814E-02
2.78004300E-01  5.85931549E+01  2.36084070E-02
2.78392303E-01  5.86439209E+01  2.36514285E-02
2.78780306E-01  5.86156425E+01  2.37703770E-02
2.79168310E-01  5.86029510E+01  2.38516647E-02
2.79556313E-01  5.86085548E+01  2.39157043E-02
2.79944316E-01  5.85587769E+01  2.39426084E-02
2.80332319E-01  5.85550308E+01  2.39747893E-02
2.80720322E-01  5.85525398E+01  2.40036026E-02
2.81108326E-01  5.85442734E+01  2.40364019E-02
2.81496329E-01  5.84774933E+01  2.40437780E-02
2.81884332E-01  5.84757042E+01  2.40586977E-02
2.82272335E-01  5.84898567E+01  2.40790714E-02
2.82660339E-01  5.84521484E+01  2.40841731E-02
2.83048342E-01  5.84288330E+01  2.41007861E-02
2.83436345E-01  5.84039459E+01  2.41117496E-02
2.83824348E-01  5.83997917E+01  2.41259485E-02
2.84212351E-01  5.83939934E+01  2.41353326E-02
2.84600355E-01  5.83812218E+01  2.41373256E-02
2.84988358E-01  5.83645706E+01  2.41480842E-02
2.85376361E-01  5.83234215E+01  2.40991320E-02
2.85764364E-01  5.82804031E+01  2.39405036E-02
2.86152367E-01  5.82443123E+01  2.39605773E-02
2.86540371E-01  5.81758156E+01  2.40133666E-02
2.86928374E-01  5.81536293E+01  2.40465458E-02
2.87316377E-01  5.81665878E+01  2.42013242E-02
2.87704380E-01  5.81421509E+01  2.43310668E-02
2.88092383E-01  5.80975800E+01  2.43926942E-02
2.88480387E-01  5.81060410E+01  2.44542509E-02
2.88868390E-01  5.80847626E+01  2.45044120E-02
2.89256393E-01  5.81085167E+01  2.45423261E-02
2.89644396E-01  5.81160927E+01  2.45703440E-02
2.90032400E-01  5.80632439E+01  2.45859958E-02
2.90420403E-01  5.80386429E+01  2.46079080E-02
2.90808406E-01  5.80376358E+01  2.46350616E-02
2.91196409E-01  5.80493774E+01  2.47427355E-02
2.91584412E-01  5.80526810E+01  2.49194875E-02
2.91972416E-01  5.80377731E+01  2.50578076E-02
2.92360419E-01  5.80423813E+01  2.51826849E-02
2.92748422E-01  5.79976387E+01  2.52844524E-02
2.93136425E-01  5.80063820E+01  2.53842901E-02
2.93524428E-01  5.80275764E+01  2.54889354E-02
2.93912432E-01  5.79920464E+01  2.55671274E-02
2.94300435E-01  5.79645309E+01  2.56329533E-02
2.94688438E-01  5.79697456E+01  2.57003158E-02
2.95076441E-01  5.79818077E+01  2.57586185E-02
2.95464444E-01  5.79927979E+01  2.58410182E-02
2.95852448E-01  5.78992844E+01  2.58945972E-02
2.96240451E-01  5.79305191E+01  2.59774439E-02
2.96628454E-01  5.79169502E+01  2.60470565E-02
2.97016457E-01  5.79085655E+01  2.61149928E-02
2.97404460E-01  5.78570480E+01  2.61758715E-02
2.97792464E-01  5.78515015E+01  2.62451284E-02
2.98180467E-01  5.78333893E+01  2.63051409E-02
2.98568470E-01  5.78859482E+01  2.63886545E-02
2.98956473E-01  5.78030205E+01  2.64299102E-02
2.99344477E-01  5.78473434E+01  2.65198797E-02
2.99732480E-01  5.78024750E+01  2.65572090E-02
3.00120483E-01  5.77971115E+01  2.66176518E-02
3.00508486E-01  5.77475052E+01  2.66663935E-02
3.00896489E-01  5.77691307E+01  2.67530959E-02
3.01284493E-01  5.77732468E+01  2.68479176E-02
3.01672496E-01  5.77726517E+01  2.69251205E-02
3.02060499E-01  5.77595901E+01  2.69953813E-02
3.02448502E-01  5.77205963E+01  2.70381384E-02
3.02836505E-01  5.76318321E+01  2.70765517E-02
3.03224509E-01  5.76229019E+01  2.71455795E-02
3.03612512E-01  5.76202126E+01  2.71881707E-02
3.04000515E-01  5.76066360E+01  2.72405781E-02
3.04388518E-01  5.76010208E+01  2.72894204E-02
3.04776521E-01  5.75521126E+01  2.73276214E-02
3.05164525E-01  5.75582161E+01  2.73891874E-02
3.05552528E-01  5.75608559E+01  2.74463091E-02
3.05940531E-01  5.75241089E+01  2.74876561E-02
3.06328534E-01  5.75271988E+01  2.75219027E-02
3.06716538E-01  5.75042114E+01  2.75347959E-02
3.07104541E-01  5.75271072E+01  2.75696851E-02
3.07492544E-01  5.74831161E+01  2.76124943E-02
3.07880547E-01  5.74367180E+01  2.76578274E-02
3.08268550E-01  5.74181671E+01  2.76855119E-02
3.08656554E-01  5.73840904E+01  2.77052689E-02
3.09044557E-01  5.74332047E+01  2.77504642E-02
3.09432560E-01  5.74251556E+01  2.77736764E-02
3.09820563E-01  5.73823280E+01  2.77839024E-02
3.10208566E-01  5.73584557E+01  2.78004091E-02
3.10596570E-01  5.73672714E+01  2.78359856E-02
3.10984573E-01  5.73317070E+01  2.78578475E-02
3.11372576E-01  5.73188515E+01  2.78905574E-02
3.11760579E-01  5.73206406E+01  2.79360618E-02
3.12148582E-01  5.72089157E+01  2.79543195E-02
3.12536586E-01  5.72544174E+01  2.80232374E-02
3.12924589E-01  5.72954941E+01  2.80760750E-02
3.13312592E-01  5.72616272E+01  2.80974843E-02
3.13700595E-01  5.71953812E+01  2.81003620E-02
3.14088599E-01  5.71693802E+01  2.81236041E-02
3.14476602E-01  5.71682129E+01  2.81415470E-02
3.14864605E-01  5.71873856E+01  2.81627364E-02
3.15252608E-01  5.71711845E+01  2.81810816E-02
3.15640611E-01  5.71232033E+01  2.81916242E-02
3.16028615E-01  5.71587448E+01  2.82461755E-02
3.16416618E-01  5.71144409E+01  2.82592382E-02
3.16804621E-01  5.70634079E+01  2.82879397E-02
3.17192624E-01  5.70679245E+01  2.83449776E-02
3.17580627E-01  5.70077629E+01  2.83730067E-02
3.17968631E-01  5.69979401E+01  2.84088347E-02
3.18356634E-01  5.69882278E+01  2.84407064E-02
3.18744637E-01  5.69602890E+01  2.84810700E-02
3.19132640E-01  5.69705048E+01  2.85284836E-02
3.19520643E-01  5.69269905E+01  2.85568889E-02
3.19908647E-01  5.68995361E+01  2.85935383E-02
3.20296650E-01  5.69179268E+01  2.86398642E-02
3.20684653E-01  5.68807144E+01  2.86802575E-02
3.21072656E-01  5.68454742E+01  2.87111197E-02
3.21460660E-01  5.68946838E+01  2.87727136E-02
3.21848663E-01  5.68103218E+01  2.87887193E-02
3.22236666E-01  5.68505516E+01  2.88432315E-02
3.22624669E-01  5.68163872E+01  2.88752150E-02
3.23012672E-01  5.68349075E+01  2.89235413E-02
3.23400676E-01  5.68137932E+01  2.89631933E-02
3.23788679E-01  5.67815704E+01  2.89976466E-02
3.24176682E-01  5.67862473E+01  2.90448833E-02
3.24564685E-01  5.67212105E+01  2.90666614E-02
3.24952688E-01  5.66962738E+01  2.91009061E-02
3.25340692E-01  5.66701050E+01  2.91477442E-02
3.25728695E-01  5.66743813E+01  2.91904621E-02
3.26116698E-01  5.66934967E+01  2.92334147E-02
3.26504701E-01  5.66508064E+01  2.92633120E-02
3.26892704E-01  5.65821304E+01  2.92790961E-02
3.27280708E-01  5.66442108E+01  2.93459017E-02
3.27668711E-01  5.66120377E+01  2.93695778E-02
3.28056714E-01  5.65849228E+01  2.94101983E-02
3.28444717E-01  5.65268135E+01  2.94329859E-02
3.28832721E-01  5.64988251E+01  2.94661205E-02
3.29220724E-01  5.65048981E+01  2.95129139E-02
3.29608727E-01  5.65033760E+01  2.95483842E-02
3.29996730E-01  5.64837570E+01  2.95919832E-02
3.30384733E-01  5.64492035E+01  2.96243094E-02
3.30772737E-01  5.64340935E+01  2.96810158E-02
3.31160740E-01  5.64304047E+01  2.97245476E-02
3.31548743E-01  5.64410286E+01  2.97518242E-02
3.31936746E-01  5.64041443E+01  2.97809541E-02
3.32324749E-01  5.63415985E+01  2.98002120E-02
3.32712753E-01  5.63322601E+01  2.98412256E-02
3.33100756E-01  5.63416977E+01  2.98846513E-02
3.33488759E-01  5.62824821E+01  2.99064200E-02
3.33876762E-01  5.63047523E+01  2.99586859E-02
3.34264765E-01  5.63010139E+01  2.99947783E-02
3.34652769E-01  5.62552910E+01  3.00271679E-02
3.35040772E-01  5.62831802E+01  3.00710797E-02
3.35428775E-01  5.62489243E+01  3.01023833E-02
3.35816778E-01  5.62508392E+01  3.01517379E-02
3.36204781E-01  5.62177696E+01  3.01755555E-02
3.36592785E-01  5.61610641E+01  3.02013438E-02
3.36980788E-01  5.61679192E+01  3.02432347E-02
3.37368791E-01  5.61974564E+01  3.03004645E-02
3.37756794E-01  5.61665192E+01  3.03303357E-02
3.38144798E-01  5.60914955E+01  3.03468015E-02
3.38532801E-01  5.60729828E+01  3.03969905E-02
3.38920804E-01  5.61138763E+01  3.04481126E-02
3.39308807E-01  5.60182800E+01  3.04498021E-02
3.39696810E-01  5.60200348E+01  3.04965619E-02
3.40084814E-01  5.60231819E+01  3.05380914E-02
3.40472817E-01  5.60454369E+01  3.05996053E-02
3.40860820E-01  5.59960556E+01  3.06360777E-02
3.41248823E-01  5.59842720E+01  3.06746885E-02
3.41636826E-01  5.59488029E+01  3.06853633E-02
3.42024830E-01  5.59398613E+01  3.07309609E-02
3.42412833E-01  5.58880615E+01  3.07507589E-02
3.42800836E-01  5.59281960E+01  3.07915341E-02
3.43188839E-01  5.59407692E+01  3.08423322E-02
3.43576842E-01  5.58550262E+01  3.08501292E-02
3.43964846E-01  5.58622818E+01  3.08992844E-02
3.44352849E-01  5.58596611E+01  3.09478473E-02
3.44740852E-01  5.57993431E+01  3.09744217E-02
3.45128855E-01  5.57956505E+01  3.10094822E-02
3.45516859E-01  5.57931709E+01  3.10371406E-02
3.45904862E-01  5.58669777E+01  3.11079919E-02
3.46292865E-01  5.58263626E+01  3.11301164E-02
3.46680868E-01  5.57654572E+01  3.11557297E-02
3.47068871E-01  5.57246780E+01  3.11725959E-02
3.47456875E-01  5.56883125E+01  3.11809927E-02
3.47844878E-01  5.57342796E+01  3.12198419E-02
3.48232881E-01  5.57135582E+01  3.12284529E-02
3.48620884E-01  5.56593018E+01  3.12263947E-02
3.49008887E-01  5.56785774E+01  3.12325023E-02
3.49396891E-01  5.57064781E+01  3.12603749E-02
3.49784894E-01  5.55875473E+01  3.12364008E-02
3.50172897E-01  5.55671425E+01  3.12331412E-02
3.50560900E-01  5.55840073E+01  3.12521495E-02
3.50948903E-01  5.55646362E+01  3.12581807E-02
3.51336907E-01  5.55448265E+01  3.12867202E-02
3.51724910E-01  5.55084229E+01  3.13076153E-02
3.52112913E-01  5.54754829E+01  3.13365534E-02
3.52500916E-01  5.54556618E+01  3.13758142E-02
3.52888920E-01  5.54973984E+01  3.14218588E-02
3.53276923E-01  5.54791756E+01  3.14591713E-02
3.53664926E-01  5.54608803E+01  3.14918980E-02
3.54052929E-01  5.54656639E+01  3.15301046E-02
3.54440932E-01  5.55330620E+01  3.15834545E-02
3.54828936E-01  5.54387207E+01  3.15726548E-02
3.55216939E-01  5.53477707E+01  3.15656364E-02
3.55604942E-01  5.53528442E+01  3.15669551E-02
3.55992945E-01  5.53671989E+01  3.15904692E-02
3.56380948E-01  5.52765884E+01  3.15648057E-02
3.56768952E-01  5.53095284E+01  3.15928608E-02
3.57156955E-01  5.52994995E+01  3.16125937E-02
3.57544958E-01  5.52841187E+01  3.16037312E-02
3.57932961E-01  5.51917534E+01  3.15874703E-02
3.58320964E-01  5.52242851E+01  3.16131301E-02
3.58708968E-01  5.52145424E+01  3.16319019E-02
3.59096971E-01  5.51869469E+01  3.16604041E-02
3.59484974E-01  5.51808014E+01  3.16956118E-02
3.59872977E-01  5.51351013E+01  3.17255110E-02
3.60260981E-01  5.51158905E+01  3.17538157E-02
3.60648984E-01  5.50973549E+01  3.18017453E-02
3.61036987E-01  5.51044121E+01  3.21057849E-02
3.61424990E-01  5.50956802E+01  3.26126590E-02
3.61812993E-01  5.51222916E+01  3.29638161E-02
3.62200997E-01  5.51628647E+01  3.32676843E-02
3.62589000E-01  5.50799294E+01  3.34707722E-02
3.62977003E-01  5.50554428E+01  3.36633548E-02
3.63365006E-01  5.51030502E+01  3.38899158E-02
3.63753009E-01  5.51741753E+01  3.41217965E-02
3.64141013E-01  5.51774712E+01  3.43099535E-02
3.64529016E-01  5.50726128E+01  3.44681889E-02
3.64917019E-01  5.50540733E+01  3.46394442E-02
3.65305022E-01  5.50755157E+01  3.48338448E-02
3.65693025E-01  5.50778503E+01  3.50134186E-02
3.66081029E-01  5.50631142E+01  3.51770781E-02
3.66469032E-01  5.50290184E+01  3.53493989E-02
3.66857035E-01  5.50065918E+01  3.55036743E-02
3.67245038E-01  5.49675217E+01  3.56686935E-02
3.67633042E-01  5.49868965E+01  3.58474329E-02
3.68021045E-01  5.49495850E+01  3.59983295E-02
3.68409048E-01  5.49805717E+01  3.61798890E-02
3.68797051E-01  5.49934578E+01  3.63430269E-02
3.69185054E-01  5.49300423E+01  3.65009233E-02
3.69573058E-01  5.49532852E+01  3.66808362E-02
3.69961061E-01  5.49753685E+01  3.68721709E-02
3.70349064E-01  5.49561539E+01  3.70184928E-02
3.70737067E-01  5.49170074E+01  3.71535942E-02
3.71125070E-01  5.48791733E+01  3.73159163E-02
3.71513074E-01  5.48212509E+01  3.74408476E-02
3.71901077E-01  5.49002838E+01  3.76582108E-02
3.72289080E-01  5.48555870E+01  3.77936848E-02
3.72677083E-01  5.48340569E+01  3.79606448E-02
3.73065086E-01  5.48363533E+01  3.81380357E-02
3.73453090E-01  5.48596878E+01  3.82233113E-02
3.73841093E-01  5.47707329E+01  3.82693447E-02
3.74229096E-01  5.47722511E+01  3.84196304E-02
3.74617099E-01  5.47815247E+01  3.85895222E-02
3.75005103E-01  5.48033371E+01  3.87531295E-02
3.75393106E-01  5.47431946E+01  3.88932042E-02
3.75781109E-01  5.47937126E+01  3.90894786E-02
3.76169112E-01  5.47525444E+01  3.92319374E-02
3.76557115E-01  5.46800232E+01  3.93937379E-02
3.76945119E-01  5.46936989E+01  3.95685546E-02
3.77333122E-01  5.46602898E+01  3.97288576E-02
3.77721125E-01  5.47248001E+01  3.99319232E-02
3.78109128E-01  5.46822357E+01  4.00829390E-02
3.78497131E-01  5.45892944E+01  4.02453169E-02
3.78885135E-01  5.45995216E+01  4.04249392E-02
3.79273138E-01  5.45731697E+01  4.06160839E-02
3.79661141E-01  5.46377106E+01  4.08072844E-02
3.80049144E-01  5.46535454E+01  4.09776904E-02
3.80437147E-01  5.45944557E+01  4.11531068E-02
3.80825151E-01  5.45813904E+01  4.13187258E-02
3.81213154E-01  5.46095695E+01  4.15335968E-02
3.81601157E-01  5.45300484E+01  4.16810401E-02
3.81989160E-01  5.45124054E+01  4.18694317E-02
3.82377163E-01  5.45569649E+01  4.20814157E-02
3.82765167E-01  5.45327377E+01  4.22606878E-02
3.83153170E-01  5.44375763E+01  4.24267352E-02
3.83541173E-01  5.45362282E+01  4.26528156E-02
3.83929176E-01  5.44954109E+01  4.28449400E-02
3.84317180E-01  5.44271469E+01  4.30103131E-02
3.84705183E-01  5.44479256E+01  4.32208590E-02
3.85093186E-01  5.44040375E+01  4.34161611E-02
3.85481189E-01  5.44312439E+01  4.36183773E-02
3.85869192E-01  5.44735603E+01  4.38650548E-02
3.86257196E-01  5.44479904E+01  4.40432988E-02
3.86645199E-01  5.44644279E+01  4.42898422E-02
3.87033202E-01  5.42993011E+01  4.44248803E-02
3.87421205E-01  5.43161697E+01  4.46355939E-02
3.87809208E-01  5.43212662E+01  4.48865630E-02
3.88197212E-01  5.42901649E+01  4.50756699E-02
3.88585215E-01  5.42796021E+01  4.53045629E-02
3.88973218E-01  5.42756348E+01  4.55176607E-02
3.89361221E-01  5.43546524E+01  4.57904413E-02
3.89749224E-01  5.42500114E+01  4.59820963E-02
3.90137228E-01  5.41641006E+01  4.61652651E-02
3.90525231E-01  5.41736641E+01  4.64226902E-02
3.90913234E-01  5.42096367E+01  4.66796607E-02
3.91301237E-01  5.41876793E+01  4.69116233E-02
3.91689241E-01  5.42653885E+01  4.71868217E-02
3.92077244E-01  5.42473679E+01  4.74229492E-02
3.92465247E-01  5.42231369E+01  4.76938300E-02
3.92853250E-01  5.41058426E+01  4.78599556E-02
3.93241253E-01  5.41377640E+01  4.81500439E-02
3.93629257E-01  5.41618271E+01  4.84327152E-02
3.94017260E-01  5.40694084E+01  4.86409329E-02
3.94405263E-01  5.41759644E+01  4.89814617E-02
3.94793266E-01  5.41338387E+01  4.92084064E-02
3.95181269E-01  5.40725784E+01  4.94733788E-02
3.95569273E-01  5.41000786E+01  4.97619063E-02
3.95957276E-01  5.40383453E+01  5.00238463E-02
3.96345279E-01  5.40210762E+01  5.03151231E-02
3.96733282E-01  5.40644798E+01  5.06169908E-02
3.97121285E-01  5.40587692E+01  5.09237535E-02
3.97509289E-01  5.40521584E+01  5.12059927E-02
3.97897292E-01  5.40943260E+01  5.15599214E-02
3.98285295E-01  5.39814148E+01  5.17845973E-02
3.98673298E-01  5.40552902E+01  5.21488488E-02
3.99061302E-01  5.39949455E+01  5.23996800E-02
3.99449305E-01  5.39821472E+01  5.26305400E-02
3.99837308E-01  5.40105972E+01  5.28796874E-02
4.00225311E-01  5.40776138E+01  5.31033576E-02
4.00613314E-01  5.39651184E+01  5.32444231E-02
4.01001318E-01  5.39105301E+01  5.34183383E-02
4.01389321E-01  5.38809433E+01  5.35878390E-02
4.01777324E-01  5.39098015E+01  5.38048074E-02
4.02165327E-01  5.39194183E+01  5.39921038E-02
4.02553330E-01  5.39098511E+01  5.42120896E-02
4.02941334E-01  5.39752846E+01  5.44372387E-02
4.03329337E-01  5.40284920E+01  5.46980016E-02
4.03717340E-01  5.38576736E+01  5.48138618E-02
4.04105343E-01  5.38090744E+01  5.50361387E-02
4.04493346E-01  5.37999840E+01  5.53805381E-02
4.04881350E-01  5.36740723E+01  5.56432344E-02
4.05269353E-01  5.37916260E+01  5.61199114E-02
4.05657356E-01  5.37627449E+01  5.64792491E-02
4.06045359E-01  5.39367256E+01  5.69863394E-02
4.06433363E-01  5.38334198E+01  5.73120117E-02
4.06821366E-01  5.38241043E+01  5.77191003E-02
4.07209369E-01  5.37115021E+01  5.80838732E-02
4.07597372E-01  5.37082901E+01  5.84986061E-02
4.07985375E-01  5.37890968E+01  5.89353964E-02
4.08373379E-01  5.36222229E+01  5.91885708E-02
4.08761382E-01  5.36504974E+01  5.95022030E-02
4.09149385E-01  5.37349052E+01  5.98106496E-02
4.09537388E-01  5.37159691E+01  6.00597672E-02
4.09925391E-01  5.36423492E+01  6.02641739E-02
4.10313395E-01  5.36162300E+01  6.05021566E-02
4.10701398E-01  5.36450920E+01  6.07949980E-02
4.11089401E-01  5.36458778E+01  6.10888414E-02
4.11477404E-01  5.35880508E+01  6.13122620E-02
4.11865407E-01  5.36323700E+01  6.16253316E-02
4.12253411E-01  5.36316223E+01  6.18963800E-02
4.12641414E-01  5.35381546E+01  6.21083900E-02
4.13029417E-01  5.34980240E+01  6.24017939E-02
4.13417420E-01  5.34474869E+01  6.26506433E-02
4.13805424E-01  5.34356384E+01  6.29195422E-02
4.14193427E-01  5.34942284E+01  6.32483885E-02
4.14581430E-01  5.35070572E+01  6.35576025E-02
4.14969433E-01  5.34395256E+01  6.38112277E-02
4.15357436E-01  5.34194908E+01  6.41050562E-02
4.15745440E-01  5.34081230E+01  6.44069016E-02
4.16133443E-01  5.34230423E+01  6.47352636E-02
4.16521446E-01  5.33653793E+01  6.50337934E-02
4.16909449E-01  5.31931915E+01  6.52092174E-02
4.17297452E-01  5.32307663E+01  6.55722916E-02
4.17685456E-01  5.32007599E+01  6.58769384E-02
4.18073459E-01  5.32717171E+01  6.62605539E-02
4.18461462E-01  5.32730751E+01  6.65868223E-02
4.18849465E-01  5.33023224E+01  6.69494718E-02
4.19237468E-01  5.32317047E+01  6.72524720E-02
4.19625472E-01  5.31789169E+01  6.75668642E-02
4.20013475E-01  5.31362686E+01  6.78954571E-02
4.20401478E-01  5.31017876E+01  6.82129413E-02
4.20789481E-01  5.32814369E+01  6.87399805E-02
4.21177484E-01  5.31338081E+01  6.89899772E-02
4.21565488E-01  5.30890236E+01  6.93236962E-02
4.21953491E-01  5.31234207E+01  6.97302371E-02
4.22341494E-01  5.31858521E+01  7.01400936E-02
4.22729497E-01  5.31958122E+01  7.05462173E-02
4.23117501E-01  5.29525299E+01  7.07797706E-02
4.23505504E-01  5.28402596E+01  7.10935071E-02
4.23893507E-01  5.29846611E+01  7.16237351E-02
4.24281510E-01  5.29998703E+01  7.20312297E-02
4.24669513E-01  5.31829681E+01  7.26123080E-02
4.25057517E-01  5.29165421E+01  7.27958828E-02
4.25445520E-01  5.28692589E+01  7.32168481E-02
4.25833523E-01  5.29918747E+01  7.37775639E-02
4.26221526E-01  5.29719810E+01  7.41837472E-02
4.26609529E-01  5.29408379E+01  7.46252611E-02
4.26997533E-01  5.28044701E+01  7.49676526E-02
4.27385536E-01  5.28889694E+01  7.55183324E-02
4.27773539E-01  5.27582855E+01  7.58808851E-02
4.28161542E-01  5.26967010E+01  7.62928799E-02
4.28549545E-01  5.29110718E+01  7.70137534E-02
4.28937549E-01  5.28150558E+01  7.74235502E-02
4.29325552E-01  5.28078499E+01  7.79004097E-02
4.29713555E-01  5.28089561E+01  7.84401372E-02
4.30101558E-01  5.26990356E+01  7.88860917E-02


### HEADER:
#
#{
#    "Conc": "",
#    "analysis": {},
#    "calibration_params": {
#        "Beam_Center_X": 739.0457667593599,
#        "Beam_Center_Y": 749.1905114608388,
#        "Detector Tilt": 0.2562910903638858,
#        "Detector Tilt Plane Rotation": 132.57722223850126,
#        "Detector_X_Pixel_Size": 172.0,
#        "Detector_Y_Pixel_Size": 172.0,
#        "Integration Method": "full_csr",
#        "Radial_Average_Method": "pyFAI",
#        "Sample-to-detector distance (mm)": 2690.0,
#        "Wavelength (A)": 1.0332016536100022
#    },
#    "config_file": "C:\\Users\\biosaxs\\Desktop\\userdata\\cfg\\20231104.cfg",
#    "counters": {
#        "Code": "",
#        "Concentration_mg/ml": "",
#        "Description": "Ecoli_37",
#        "Exposure_time_s": "1.0",
#        "Run_Number": "5",
#        "SAXS_Position": "saxs",
#        "SR_Current": "210.723080387mA",
#        "Timestamp": "2023-11-05  22:32:54.320908",
#        "Transmitted_Beam": "0.82830265619",
#        "Wavelength_nm": "0.1033nm"
#    },
#    "filename": "A_Ecoli_37_0005_00020",
#    "history": {
#        "averaged_files": [
#            [
#                "Ecoli_37_0005_00020.tif"
#            ],
#            [
#                "Ecoli_37_0005_00019.tif"
#            ],
#            [
#                "Ecoli_37_0005_00018.tif"
#            ],
#            [
#                "Ecoli_37_0005_00017.tif"
#            ],
#            [
#                "Ecoli_37_0005_00016.tif"
#            ],
#            [
#                "Ecoli_37_0005_00015.tif"
#            ],
#            [
#                "Ecoli_37_0005_00014.tif"
#            ],
#            [
#                "Ecoli_37_0005_00013.tif"
#            ],
#            [
#                "Ecoli_37_0005_00012.tif"
#            ],
#            [
#                "Ecoli_37_0005_00011.tif"
#            ],
#            [
#                "Ecoli_37_0005_00010.tif"
#            ],
#            [
#                "Ecoli_37_0005_00009.tif"
#            ],
#            [
#                "Ecoli_37_0005_00008.tif"
#            ],
#            [
#                "Ecoli_37_0005_00007.tif"
#            ],
#            [
#                "Ecoli_37_0005_00006.tif"
#            ],
#            [
#                "Ecoli_37_0005_00005.tif"
#            ],
#            [
#                "Ecoli_37_0005_00004.tif"
#            ],
#            [
#                "Ecoli_37_0005_00003.tif"
#            ],
#            [
#                "Ecoli_37_0005_00002.tif"
#            ],
#            [
#                "Ecoli_37_0005_00001.tif"
#            ]
#        ]
#    },
#    "imageHeader": {
#        "Alpha": "0.0000 deg.",
#        "Angle_increment": "0.1000 deg.",
#        "Beam_xy": "(0.00, 0.00) pixels",
#        "Chi": "0.0000 deg.",
#        "Count_cutoff": "1157021 counts",
#        "Detector_2theta": "0.0000 deg.",
#        "Detector_Voffset": "0.00000 m",
#        "Detector_distance": "1.00000 m",
#        "Energy_range": "(0, 0) eV",
#        "Excluded_pixels": "badpix_mask.tif",
#        "Exposure_period": "1.1000000 s",
#        "Exposure_time": "1.0000000 s",
#        "Filter_transmission": "1.0000",
#        "Flat_field": "FF_p24-0163_E12000_T6000_vrf_m0p100.tif",
#        "Flux": "0.000000",
#        "Gain_setting": "autog (vrf = 1.000)",
#        "Image_path": "/public/Data/2023/202311/20231105/yongfeng/",
#        "Kappa": "0.0000 deg.",
#        "N_excluded_pixels": "61",
#        "N_oscillations": "1",
#        "Oscillation_axis": "X, CW",
#        "Phi": "0.0000 deg.",
#        "Pixel_size": "172e-6 m x 172e-6 m",
#        "Polarization": "0.990",
#        "Ratecorr_lut_directory": "ContinuousStandard_v1.1",
#        "Retrigger_mode": "1",
#        "Silicon": "sensor, thickness 0.000450",
#        "Tau": "0 s",
#        "Threshold_setting": "6000 eV",
#        "Trim_file": "p24-0163_E12000_T6000.bin",
#        "Wavelength (A)": "1.54000 A"
#    },
#    "normalizations": {
#        "Counter_norms": [
#            [
#                "/",
#                "Transmitted_Beam"
#            ]
#        ],
#        "Polarization": {
#            "Used": false
#        },
#        "Solid_Angle_Correction": "On"
#    },
#    "raw_version": "2.1.1"
#}

