### DATA:
#
# 1093
#      Q             I(Q)           Error     
6.40205297E-03  6.04037256E+03  2.43111324E+00
6.79005618E-03  5.31008936E+03  1.98107851E+00
7.17805939E-03  4.59187012E+03  1.65814209E+00
7.56606260E-03  3.87239111E+03  1.43128908E+00
7.95406581E-03  3.23934375E+03  1.27944386E+00
8.34206902E-03  2.72633081E+03  1.14913440E+00
8.73007223E-03  2.32729614E+03  1.03040969E+00
9.11807544E-03  2.00627698E+03  9.18866515E-01
9.50607865E-03  1.73927466E+03  8.22858632E-01
9.89408186E-03  1.51728943E+03  7.43368149E-01
1.02820851E-02  1.33132532E+03  6.74607217E-01
1.06700883E-02  1.17365637E+03  6.15842462E-01
1.10580915E-02  1.04108069E+03  5.64768314E-01
1.14460947E-02  9.27609680E+02  5.19516945E-01
1.18340979E-02  8.29889160E+02  4.80388850E-01
1.22221011E-02  7.45575623E+02  4.45031226E-01
1.26101043E-02  6.74268738E+02  4.14344758E-01
1.29981075E-02  6.12535156E+02  3.87165666E-01
1.33861107E-02  5.57591858E+02  3.61987621E-01
1.37741140E-02  5.09573303E+02  3.39709729E-01
1.41621172E-02  4.67737457E+02  3.19658965E-01
1.45501204E-02  4.30670227E+02  3.01501155E-01
1.49381236E-02  3.98630249E+02  2.85299689E-01
1.53261268E-02  3.69740692E+02  2.70286024E-01
1.57141300E-02  3.44251740E+02  2.56867111E-01
1.61021332E-02  3.20892944E+02  2.44155809E-01
1.64901364E-02  2.99628265E+02  2.32531577E-01
1.68781396E-02  2.81312714E+02  2.22163320E-01
1.72661428E-02  2.64424347E+02  2.12433055E-01
1.76541461E-02  2.49301956E+02  2.03553930E-01
1.80421493E-02  2.35790192E+02  1.95311219E-01
1.84301525E-02  2.22954178E+02  1.87473416E-01
1.88181557E-02  2.12414871E+02  1.80829331E-01
1.92061589E-02  2.02143433E+02  1.74276069E-01
1.95941621E-02  1.92936020E+02  1.68281943E-01
1.99821653E-02  1.83966995E+02  1.62336841E-01
2.03701685E-02  1.76253387E+02  1.57212794E-01
2.07581717E-02  1.69366501E+02  1.52361318E-01
2.11461749E-02  1.62881882E+02  1.47787139E-01
2.15341782E-02  1.56701950E+02  1.43466204E-01
2.19221814E-02  1.51027313E+02  1.39376447E-01
2.23101846E-02  1.45991302E+02  1.35677353E-01
2.26981878E-02  1.41300949E+02  1.32161632E-01
2.30861910E-02  1.36829239E+02  1.28807127E-01
2.34741942E-02  1.33068619E+02  1.25805885E-01
2.38621974E-02  1.29526047E+02  1.23002790E-01
2.42502006E-02  1.25811424E+02  1.20117202E-01
2.46382038E-02  1.22699104E+02  1.17539868E-01
2.50262070E-02  1.19462990E+02  1.14956766E-01
2.54142103E-02  1.16806717E+02  1.12685129E-01
2.58022135E-02  1.14415581E+02  1.10598274E-01
2.61902167E-02  1.11905418E+02  1.08428180E-01
2.65782199E-02  1.09683258E+02  1.06437773E-01
2.69662231E-02  1.07458199E+02  1.04524873E-01
2.73542263E-02  1.05673714E+02  1.02804191E-01
2.77422295E-02  1.03817520E+02  1.01080321E-01
2.81302327E-02  1.01998779E+02  9.94153172E-02
2.85182359E-02  1.00592064E+02  9.80066657E-02
2.89062391E-02  9.86672287E+01  9.62883458E-02
2.92942424E-02  9.74074936E+01  9.49917436E-02
2.96822456E-02  9.60140228E+01  9.36060548E-02
3.00702488E-02  9.48151016E+01  9.23673436E-02
3.04582520E-02  9.38497162E+01  9.12780166E-02
3.08462552E-02  9.26429672E+01  9.00464728E-02
3.12342584E-02  9.16448822E+01  8.89387354E-02
3.16222616E-02  9.08051300E+01  8.92669633E-02
3.20102648E-02  8.98367691E+01  8.95934105E-02
3.23982680E-02  8.90969772E+01  8.95758271E-02
3.27862712E-02  8.83570786E+01  8.93645659E-02
3.31742745E-02  8.74859848E+01  8.89376625E-02
3.35622777E-02  8.67595673E+01  8.86145458E-02
3.39502809E-02  8.60068359E+01  8.81732926E-02
3.43382841E-02  8.52807083E+01  8.76886547E-02
3.47262873E-02  8.48754196E+01  8.73906836E-02
3.51142905E-02  8.42955093E+01  8.69377255E-02
3.55022937E-02  8.38112335E+01  8.65675434E-02
3.58902969E-02  8.32698822E+01  8.61108378E-02
3.62783001E-02  8.27449722E+01  8.56717676E-02
3.66663033E-02  8.23978043E+01  8.53389576E-02
3.70543066E-02  8.17311020E+01  8.47536325E-02
3.74423098E-02  8.14806976E+01  8.44767913E-02
3.78303130E-02  8.08537750E+01  8.38937163E-02
3.82183162E-02  8.04064102E+01  8.35032389E-02
3.86063194E-02  8.00615463E+01  8.17774981E-02
3.89943226E-02  7.97456818E+01  8.00013989E-02
3.93823258E-02  7.93743820E+01  7.87931755E-02
3.97703290E-02  7.91453018E+01  7.78293088E-02
4.01583322E-02  7.87974625E+01  7.69106969E-02
4.05463354E-02  7.85122681E+01  7.60914907E-02
4.09343387E-02  7.82439346E+01  7.53450021E-02
4.13223419E-02  7.80179672E+01  7.46511444E-02
4.17103451E-02  7.77983780E+01  7.39897788E-02
4.20983483E-02  7.74765091E+01  7.33296573E-02
4.24863515E-02  7.71861649E+01  7.26824403E-02
4.28743547E-02  7.69440308E+01  7.20853731E-02
4.32623579E-02  7.67339096E+01  7.15184584E-02
4.36503611E-02  7.65841675E+01  7.10006952E-02
4.40383643E-02  7.64038010E+01  7.05045462E-02
4.44263675E-02  7.62549515E+01  6.99893013E-02
4.48143708E-02  7.61634827E+01  6.97389469E-02
4.52023740E-02  7.61626205E+01  6.98605627E-02
4.55903772E-02  7.61140747E+01  6.98835179E-02
4.59783804E-02  7.60675659E+01  6.99194744E-02
4.63663836E-02  7.59461594E+01  6.98385462E-02
4.67543868E-02  7.58844070E+01  6.97983876E-02
4.71423900E-02  7.56983109E+01  6.96659833E-02
4.75303932E-02  7.55787430E+01  6.95250034E-02
4.79183964E-02  7.54839401E+01  6.94311485E-02
4.83063996E-02  7.53555679E+01  6.92731515E-02
4.86944029E-02  7.50835114E+01  6.90555871E-02
4.90824061E-02  7.50184021E+01  6.89287633E-02
4.94704093E-02  7.51448822E+01  6.88878074E-02
4.98584125E-02  7.49354477E+01  6.86797053E-02
5.02464157E-02  7.48259277E+01  6.85069263E-02
5.06344189E-02  7.46673965E+01  6.83368444E-02
5.10224221E-02  7.44960480E+01  6.79979548E-02
5.14104253E-02  7.41874847E+01  6.71175942E-02
5.17984285E-02  7.39198532E+01  6.62232563E-02
5.21864318E-02  7.37148132E+01  6.54918402E-02
5.25744350E-02  7.35032349E+01  6.48561940E-02
5.29624382E-02  7.34164886E+01  6.43187761E-02
5.33504414E-02  7.32443314E+01  6.37921616E-02
5.37384446E-02  7.31933899E+01  6.33761808E-02
5.41264478E-02  7.30538406E+01  6.29134327E-02
5.45144510E-02  7.29025879E+01  6.24795668E-02
5.49024542E-02  7.27028503E+01  6.20305911E-02
5.52904574E-02  7.25479279E+01  6.16375282E-02
5.56784606E-02  7.24972229E+01  6.12877533E-02
5.60664639E-02  7.24697266E+01  6.09681234E-02
5.64544671E-02  7.24009323E+01  6.06229939E-02
5.68424703E-02  7.23693466E+01  6.03031740E-02
5.72304735E-02  7.23102722E+01  6.00111112E-02
5.76184767E-02  7.21437836E+01  5.96484505E-02
5.80064799E-02  7.21800690E+01  5.94068281E-02
5.83944831E-02  7.20702591E+01  5.90563640E-02
5.87824863E-02  7.19944229E+01  5.87689169E-02
5.91704895E-02  7.19763794E+01  5.85332476E-02
5.95584927E-02  7.18735123E+01  5.82121909E-02
5.99464960E-02  7.18568039E+01  5.79814278E-02
6.03344992E-02  7.16963959E+01  5.76686934E-02
6.07225024E-02  7.15988922E+01  5.73945232E-02
6.11105056E-02  7.15283585E+01  5.71203120E-02
6.14985088E-02  7.14930801E+01  5.68749346E-02
6.18865120E-02  7.14797211E+01  5.66792563E-02
6.22745152E-02  7.14207993E+01  5.64085171E-02
6.26625184E-02  7.13995132E+01  5.61900251E-02
6.30505216E-02  7.12702713E+01  5.59148975E-02
6.34385248E-02  7.12778320E+01  5.57150207E-02
6.38265281E-02  7.11444168E+01  5.54364659E-02
6.42145313E-02  7.10903091E+01  5.52160665E-02
6.46025345E-02  7.09766998E+01  5.49889244E-02
6.49905377E-02  7.09007797E+01  5.47664724E-02
6.53785409E-02  7.07529144E+01  5.44979572E-02
6.57665441E-02  7.07374420E+01  5.42834066E-02
6.61545473E-02  7.06380615E+01  5.40567338E-02
6.65425505E-02  7.05719910E+01  5.38704135E-02
6.69305537E-02  7.04240723E+01  5.36109209E-02
6.73185569E-02  7.03404999E+01  5.34120724E-02
6.77065602E-02  7.01973572E+01  5.31746633E-02
6.80945634E-02  7.00881729E+01  5.29478416E-02
6.84825666E-02  6.99933090E+01  5.27315438E-02
6.88705698E-02  6.99842834E+01  5.25507964E-02
6.92585730E-02  6.98962555E+01  5.23460023E-02
6.96465762E-02  6.97683411E+01  5.21266684E-02
7.00345794E-02  6.96624222E+01  5.19368127E-02
7.04225826E-02  6.95718536E+01  5.17362095E-02
7.08105858E-02  6.95096512E+01  5.15376441E-02
7.11985890E-02  6.94197769E+01  5.13538234E-02
7.15865923E-02  6.92719116E+01  5.11231683E-02
7.19745955E-02  6.92316666E+01  5.09628691E-02
7.23625987E-02  6.91492920E+01  5.07951938E-02
7.27506019E-02  6.89728394E+01  5.05689755E-02
7.31386051E-02  6.90526352E+01  5.04512601E-02
7.35266083E-02  6.89431381E+01  5.02227545E-02
7.39146115E-02  6.87776260E+01  5.00150919E-02
7.43026147E-02  6.87840729E+01  4.98896390E-02
7.46906179E-02  6.86593323E+01  4.96904664E-02
7.50786211E-02  6.85709763E+01  4.95253690E-02
7.54666244E-02  6.84834137E+01  4.93349917E-02
7.58546276E-02  6.83991470E+01  4.91510183E-02
7.62426308E-02  6.83776169E+01  4.90122437E-02
7.66306340E-02  6.82308655E+01  4.88162600E-02
7.70186372E-02  6.81528931E+01  4.86575328E-02
7.74066404E-02  6.81811447E+01  4.85349000E-02
7.77946436E-02  6.80239639E+01  4.83437069E-02
7.81826468E-02  6.78804092E+01  4.81509306E-02
7.85706500E-02  6.79809113E+01  4.80715223E-02
7.89586532E-02  6.78770599E+01  4.79012392E-02
7.93466565E-02  6.77045288E+01  4.77016903E-02
7.97346597E-02  6.75760422E+01  4.75370400E-02
8.01226629E-02  6.75076675E+01  4.73754108E-02
8.05106661E-02  6.75012817E+01  4.72524799E-02
8.08986693E-02  6.73631744E+01  4.70722280E-02
8.12866725E-02  6.73584595E+01  4.69350778E-02
8.16746757E-02  6.73607712E+01  4.68292981E-02
8.20626789E-02  6.71389923E+01  4.66202572E-02
8.24506821E-02  6.70853882E+01  4.65011261E-02
8.28386853E-02  6.70392456E+01  4.63622324E-02
8.32266886E-02  6.70718460E+01  4.62475121E-02
8.36146918E-02  6.69693832E+01  4.60925736E-02
8.40026950E-02  6.68854141E+01  4.59463000E-02
8.43906982E-02  6.68003311E+01  4.58061583E-02
8.47787014E-02  6.66656113E+01  4.56359684E-02
8.51667046E-02  6.66513214E+01  4.55253348E-02
8.55547078E-02  6.65635834E+01  4.53818776E-02
8.59427110E-02  6.65290985E+01  4.52518724E-02
8.63307142E-02  6.65001221E+01  4.51375470E-02
8.67187174E-02  6.64407196E+01  4.50165160E-02
8.71067207E-02  6.64242401E+01  4.49165478E-02
8.74947239E-02  6.63359985E+01  4.47837524E-02
8.78827271E-02  6.61876221E+01  4.46050800E-02
8.82707303E-02  6.62144547E+01  4.45063487E-02
8.86587335E-02  6.61199646E+01  4.43655066E-02
8.90467367E-02  6.60824203E+01  4.42617983E-02
8.94347399E-02  6.60851288E+01  4.41576019E-02
8.98227431E-02  6.60183334E+01  4.40188758E-02
9.02107463E-02  6.60203934E+01  4.39208671E-02
9.05987495E-02  6.58525162E+01  4.37465720E-02
9.09867528E-02  6.59123077E+01  4.36844118E-02
9.13747560E-02  6.57719269E+01  4.35161293E-02
9.17627592E-02  6.57941132E+01  4.34340984E-02
9.21507624E-02  6.57555237E+01  4.33256514E-02
9.25387656E-02  6.57634964E+01  4.32312377E-02
9.29267688E-02  6.57614517E+01  4.31401655E-02
9.33147720E-02  6.56916275E+01  4.30173948E-02
9.37027752E-02  6.57137527E+01  4.29350287E-02
9.40907784E-02  6.56449051E+01  4.30577137E-02
9.44787816E-02  6.55350037E+01  4.34107557E-02
9.48667849E-02  6.55175629E+01  4.38271016E-02
9.52547881E-02  6.53793106E+01  4.44230884E-02
9.56427913E-02  6.53007889E+01  4.48204316E-02
9.60307945E-02  6.52859650E+01  4.51361835E-02
9.64187977E-02  6.52787323E+01  4.54122648E-02
9.68068009E-02  6.52250366E+01  4.56518643E-02
9.71948041E-02  6.51451035E+01  4.55534495E-02
9.75828073E-02  6.51681747E+01  4.51777689E-02
9.79708105E-02  6.51037827E+01  4.47549485E-02
9.83588137E-02  6.50656586E+01  4.41041924E-02
9.87468170E-02  6.50772324E+01  4.37218472E-02
9.91348202E-02  6.50762939E+01  4.34366725E-02
9.95228234E-02  6.50281677E+01  4.31523658E-02
9.99108266E-02  6.50403290E+01  4.28932309E-02
1.00298830E-01  6.49931412E+01  4.26075868E-02
1.00686833E-01  6.49792099E+01  4.23579440E-02
1.01074836E-01  6.50114975E+01  4.21289317E-02
1.01462839E-01  6.49603577E+01  4.18962836E-02
1.01850843E-01  6.48921432E+01  4.16780412E-02
1.02238846E-01  6.48951187E+01  4.15284485E-02
1.02626849E-01  6.48392563E+01  4.14117277E-02
1.03014852E-01  6.49008484E+01  4.13809046E-02
1.03402855E-01  6.48676605E+01  4.13307734E-02
1.03790859E-01  6.47717133E+01  4.12500873E-02
1.04178862E-01  6.48076401E+01  4.12303098E-02
1.04566865E-01  6.47477112E+01  4.11286764E-02
1.04954868E-01  6.47567368E+01  4.10074517E-02
1.05342872E-01  6.47673721E+01  4.08591144E-02
1.05730875E-01  6.47973022E+01  4.07095961E-02
1.06118878E-01  6.46825180E+01  4.05075438E-02
1.06506881E-01  6.46859512E+01  4.03483137E-02
1.06894884E-01  6.46983261E+01  4.02260534E-02
1.07282888E-01  6.46944809E+01  4.01360206E-02
1.07670891E-01  6.45995789E+01  4.00373340E-02
1.08058894E-01  6.45261765E+01  3.99789922E-02
1.08446897E-01  6.45024719E+01  3.99416164E-02
1.08834900E-01  6.44665833E+01  3.99096124E-02
1.09222904E-01  6.45529251E+01  3.99228409E-02
1.09610907E-01  6.44954529E+01  3.98715250E-02
1.09998910E-01  6.44195480E+01  3.98019627E-02
1.10386913E-01  6.44065552E+01  3.97442877E-02
1.10774916E-01  6.43448410E+01  3.96468751E-02
1.11162920E-01  6.43537750E+01  3.95672806E-02
1.11550923E-01  6.43106384E+01  3.94650251E-02
1.11938926E-01  6.43964233E+01  3.94135527E-02
1.12326929E-01  6.44542847E+01  3.93593758E-02
1.12714933E-01  6.43133545E+01  3.92321758E-02
1.13102936E-01  6.43952637E+01  3.91796902E-02
1.13490939E-01  6.43319016E+01  3.90758328E-02
1.13878942E-01  6.42479019E+01  3.92077528E-02
1.14266945E-01  6.42839737E+01  3.95604894E-02
1.14654949E-01  6.42563934E+01  3.97092290E-02
1.15042952E-01  6.42082596E+01  3.98034751E-02
1.15430955E-01  6.42674026E+01  3.99079025E-02
1.15818958E-01  6.42676620E+01  3.99685316E-02
1.16206961E-01  6.41514053E+01  3.99752967E-02
1.16594965E-01  6.41882248E+01  4.00323160E-02
1.16982968E-01  6.41820526E+01  4.00566608E-02
1.17370971E-01  6.41607056E+01  4.00854759E-02
1.17758974E-01  6.41998291E+01  4.01232913E-02
1.18146977E-01  6.41094208E+01  4.01081145E-02
1.18534981E-01  6.41541061E+01  4.01454084E-02
1.18922984E-01  6.40970535E+01  4.01119962E-02
1.19310987E-01  6.40845337E+01  4.01278287E-02
1.19698990E-01  6.40407715E+01  4.01237458E-02
1.20086994E-01  6.40358658E+01  4.01255526E-02
1.20474997E-01  6.39970627E+01  4.01102826E-02
1.20863000E-01  6.40577850E+01  3.98863181E-02
1.21251003E-01  6.40278625E+01  3.94222960E-02
1.21639006E-01  6.39323845E+01  3.91353033E-02
1.22027010E-01  6.39100227E+01  3.89400534E-02
1.22415013E-01  6.39880829E+01  3.88076268E-02
1.22803016E-01  6.38913765E+01  3.86223719E-02
1.23191019E-01  6.38505974E+01  3.84852774E-02
1.23579022E-01  6.37881165E+01  3.83418389E-02
1.23967026E-01  6.37179718E+01  3.82018834E-02
1.24355029E-01  6.38745193E+01  3.81546393E-02
1.24743032E-01  6.38167076E+01  3.80210578E-02
1.25131035E-01  6.37811394E+01  3.79139520E-02
1.25519038E-01  6.37820663E+01  3.78214866E-02
1.25907042E-01  6.36996155E+01  3.76991592E-02
1.26295045E-01  6.37237053E+01  3.76334488E-02
1.26683048E-01  6.37880783E+01  3.77561860E-02
1.27071051E-01  6.38376198E+01  3.79382186E-02
1.27459054E-01  6.38388214E+01  3.80425751E-02
1.27847058E-01  6.38256836E+01  3.81152779E-02
1.28235061E-01  6.38007507E+01  3.81623246E-02
1.28623064E-01  6.38173180E+01  3.82108279E-02
1.29011067E-01  6.38597717E+01  3.82630639E-02
1.29399071E-01  6.38480339E+01  3.82796079E-02
1.29787074E-01  6.38190842E+01  3.82886715E-02
1.30175077E-01  6.38332596E+01  3.83115225E-02
1.30563080E-01  6.37789001E+01  3.82955745E-02
1.30951083E-01  6.37967339E+01  3.83149497E-02
1.31339087E-01  6.38057098E+01  3.83373201E-02
1.31727090E-01  6.37923470E+01  3.83390039E-02
1.32115093E-01  6.37644348E+01  3.83179896E-02
1.32503096E-01  6.37401199E+01  3.83046381E-02
1.32891099E-01  6.37477188E+01  3.83068807E-02
1.33279103E-01  6.37311935E+01  3.82832140E-02
1.33667106E-01  6.35869789E+01  3.80269326E-02
1.34055109E-01  6.35411873E+01  3.77448499E-02
1.34443112E-01  6.35232582E+01  3.75313237E-02
1.34831115E-01  6.34809952E+01  3.73624116E-02
1.35219119E-01  6.34229088E+01  3.72194424E-02
1.35607122E-01  6.33967743E+01  3.70810516E-02
1.35995125E-01  6.32891731E+01  3.69069837E-02
1.36383128E-01  6.32694092E+01  3.67875770E-02
1.36771132E-01  6.32434349E+01  3.66738737E-02
1.37159135E-01  6.32338409E+01  3.65794711E-02
1.37547138E-01  6.31971130E+01  3.64817530E-02
1.37935141E-01  6.31014290E+01  3.63496207E-02
1.38323144E-01  6.30862389E+01  3.62557881E-02
1.38711148E-01  6.30890808E+01  3.61684635E-02
1.39099151E-01  6.30710716E+01  3.60762365E-02
1.39487154E-01  6.30435066E+01  3.59823033E-02
1.39875157E-01  6.30368958E+01  3.58948372E-02
1.40263160E-01  6.30249786E+01  3.58149931E-02
1.40651164E-01  6.29753227E+01  3.57231461E-02
1.41039167E-01  6.29583740E+01  3.56407911E-02
1.41427170E-01  6.29797287E+01  3.55700478E-02
1.41815173E-01  6.29212074E+01  3.54819223E-02
1.42203176E-01  6.28971519E+01  3.54074724E-02
1.42591180E-01  6.28601532E+01  3.53300087E-02
1.42979183E-01  6.27951660E+01  3.52501720E-02
1.43367186E-01  6.28259277E+01  3.52099873E-02
1.43755189E-01  6.28068008E+01  3.51538770E-02
1.44143193E-01  6.27742729E+01  3.50762829E-02
1.44531196E-01  6.27159996E+01  3.49815562E-02
1.44919199E-01  6.27251053E+01  3.49143632E-02
1.45307202E-01  6.27530022E+01  3.48559618E-02
1.45695205E-01  6.26756325E+01  3.47725116E-02
1.46083209E-01  6.26829834E+01  3.47178616E-02
1.46471212E-01  6.26363029E+01  3.46398875E-02
1.46859215E-01  6.26368141E+01  3.45854014E-02
1.47247218E-01  6.25937195E+01  3.45102437E-02
1.47635221E-01  6.25728836E+01  3.44406888E-02
1.48023225E-01  6.25732536E+01  3.43673863E-02
1.48411228E-01  6.25039787E+01  3.42626944E-02
1.48799231E-01  6.24985657E+01  3.41795832E-02
1.49187234E-01  6.24598122E+01  3.40708420E-02
1.49575237E-01  6.25037460E+01  3.40014957E-02
1.49963241E-01  6.24665146E+01  3.39132994E-02
1.50351244E-01  6.24503632E+01  3.38462442E-02
1.50739247E-01  6.24709549E+01  3.37964110E-02
1.51127250E-01  6.24219246E+01  3.37305255E-02
1.51515254E-01  6.23349991E+01  3.36491577E-02
1.51903257E-01  6.23479271E+01  3.35984603E-02
1.52291260E-01  6.23404922E+01  3.35495844E-02
1.52679263E-01  6.22714767E+01  3.34765986E-02
1.53067266E-01  6.22764816E+01  3.34288180E-02
1.53455270E-01  6.22617912E+01  3.33848931E-02
1.53843273E-01  6.22680092E+01  3.33590806E-02
1.54231276E-01  6.22470970E+01  3.33329998E-02
1.54619279E-01  6.22094612E+01  3.33009586E-02
1.55007282E-01  6.21678200E+01  3.32669429E-02
1.55395286E-01  6.21218910E+01  3.32291909E-02
1.55783289E-01  6.20834885E+01  3.31699140E-02
1.56171292E-01  6.20804634E+01  3.31204087E-02
1.56559295E-01  6.20075760E+01  3.30460519E-02
1.56947298E-01  6.21013451E+01  3.30271088E-02
1.57335302E-01  6.20903435E+01  3.29746939E-02
1.57723305E-01  6.20120735E+01  3.29015143E-02
1.58111308E-01  6.19741096E+01  3.28272842E-02
1.58499311E-01  6.19416504E+01  3.27404216E-02
1.58887315E-01  6.19386368E+01  3.26658003E-02
1.59275318E-01  6.19549675E+01  3.25975418E-02
1.59663321E-01  6.19470100E+01  3.25240567E-02
1.60051324E-01  6.19253044E+01  3.24643143E-02
1.60439327E-01  6.18174019E+01  3.23861912E-02
1.60827331E-01  6.18213158E+01  3.23447250E-02
1.61215334E-01  6.18128166E+01  3.22952978E-02
1.61603337E-01  6.18061981E+01  3.22502367E-02
1.61991340E-01  6.17576714E+01  3.21917310E-02
1.62379343E-01  6.17529373E+01  3.21573317E-02
1.62767347E-01  6.16957703E+01  3.21032740E-02
1.63155350E-01  6.17182236E+01  3.20576690E-02
1.63543353E-01  6.16999245E+01  3.20100226E-02
1.63931356E-01  6.16717529E+01  3.19896638E-02
1.64319359E-01  6.16406822E+01  3.19579542E-02
1.64707363E-01  6.16139107E+01  3.19306478E-02
1.65095366E-01  6.16220894E+01  3.19132470E-02
1.65483369E-01  6.16158142E+01  3.18837948E-02
1.65871372E-01  6.15922127E+01  3.18411887E-02
1.66259376E-01  6.15048714E+01  3.17639895E-02
1.66647379E-01  6.14512939E+01  3.17114219E-02
1.67035382E-01  6.14864693E+01  3.16776522E-02
1.67423385E-01  6.14935226E+01  3.16359438E-02
1.67811388E-01  6.14759712E+01  3.15887034E-02
1.68199392E-01  6.15246010E+01  3.15612406E-02
1.68587395E-01  6.15162811E+01  3.15219387E-02
1.68975398E-01  6.13949089E+01  3.14404778E-02
1.69363401E-01  6.13539085E+01  3.13941054E-02
1.69751404E-01  6.13383675E+01  3.13460827E-02
1.70139408E-01  6.13452339E+01  3.13093774E-02
1.70527411E-01  6.13475418E+01  3.12741064E-02
1.70915414E-01  6.12897224E+01  3.12163830E-02
1.71303417E-01  6.12892685E+01  3.11831646E-02
1.71691420E-01  6.12802238E+01  3.11360117E-02
1.72079424E-01  6.12218971E+01  3.10782567E-02
1.72467427E-01  6.12864418E+01  3.10717821E-02
1.72855430E-01  6.12229919E+01  3.10104806E-02
1.73243433E-01  6.12096405E+01  3.09719294E-02
1.73631436E-01  6.12258186E+01  3.09348572E-02
1.74019440E-01  6.11743736E+01  3.08750719E-02
1.74407443E-01  6.11862793E+01  3.08458656E-02
1.74795446E-01  6.10794563E+01  3.07764132E-02
1.75183449E-01  6.10918999E+01  3.07470690E-02
1.75571453E-01  6.10380096E+01  3.06899101E-02
1.75959456E-01  6.10659065E+01  3.06651443E-02
1.76347459E-01  6.09875221E+01  3.05986051E-02
1.76735462E-01  6.09986877E+01  3.05715706E-02
1.77123465E-01  6.10011063E+01  3.05433180E-02
1.77511469E-01  6.09543343E+01  3.04868780E-02
1.77899472E-01  6.09743004E+01  3.04436963E-02
1.78287475E-01  6.08876953E+01  3.03784255E-02
1.78675478E-01  6.09152336E+01  3.03558894E-02
1.79063481E-01  6.09020538E+01  3.03161796E-02
1.79451485E-01  6.08240585E+01  3.02560553E-02
1.79839488E-01  6.08793831E+01  3.02299578E-02
1.80227491E-01  6.08298149E+01  3.01769003E-02
1.80615494E-01  6.07505722E+01  3.01170945E-02
1.81003497E-01  6.07812691E+01  3.00930142E-02
1.81391501E-01  6.07771759E+01  3.00549865E-02
1.81779504E-01  6.07316246E+01  3.00024841E-02
1.82167507E-01  6.06792831E+01  2.99582295E-02
1.82555510E-01  6.07024231E+01  2.99278591E-02
1.82943514E-01  6.06733093E+01  2.98863593E-02
1.83331517E-01  6.06206627E+01  2.98429038E-02
1.83719520E-01  6.05833549E+01  2.97938231E-02
1.84107523E-01  6.06054611E+01  2.97666062E-02
1.84495526E-01  6.06938553E+01  2.97496468E-02
1.84883530E-01  6.05973549E+01  2.96873208E-02
1.85271533E-01  6.05481796E+01  2.96436492E-02
1.85659536E-01  6.05079231E+01  2.95954589E-02
1.86047539E-01  6.04982185E+01  2.95623634E-02
1.86435542E-01  6.05033264E+01  2.95291133E-02
1.86823546E-01  6.05032196E+01  2.95032766E-02
1.87211549E-01  6.05018196E+01  2.94687375E-02
1.87599552E-01  6.04724045E+01  2.94262022E-02
1.87987555E-01  6.04663582E+01  2.93966625E-02
1.88375558E-01  6.04595833E+01  2.93622427E-02
1.88763562E-01  6.04067192E+01  2.93142162E-02
1.89151565E-01  6.03905334E+01  2.92796083E-02
1.89539568E-01  6.03634338E+01  2.92429682E-02
1.89927571E-01  6.03328094E+01  2.91992463E-02
1.90315575E-01  6.03271942E+01  2.91704070E-02
1.90703578E-01  6.02705994E+01  2.91265529E-02
1.91091581E-01  6.01941490E+01  2.90651880E-02
1.91479584E-01  6.02676163E+01  2.90572084E-02
1.91867587E-01  6.02561035E+01  2.90228911E-02
1.92255591E-01  6.01979332E+01  2.89717782E-02
1.92643594E-01  6.01792374E+01  2.89388541E-02
1.93031597E-01  6.01562004E+01  2.89014019E-02
1.93419600E-01  6.01768150E+01  2.88710594E-02
1.93807603E-01  6.01007919E+01  2.88132187E-02
1.94195607E-01  6.00866127E+01  2.87821013E-02
1.94583610E-01  6.01022758E+01  2.87548061E-02
1.94971613E-01  6.01100502E+01  2.87205763E-02
1.95359616E-01  6.01246452E+01  2.86958944E-02
1.95747619E-01  6.00720863E+01  2.86484510E-02
1.96135623E-01  6.00427246E+01  2.86769811E-02
1.96523626E-01  6.00008354E+01  2.88475901E-02
1.96911629E-01  6.00418053E+01  2.89792605E-02
1.97299632E-01  6.00117912E+01  2.90435012E-02
1.97687636E-01  6.00298157E+01  2.91071665E-02
1.98075639E-01  6.00086594E+01  2.91485097E-02
1.98463642E-01  5.99707603E+01  2.91803107E-02
1.98851645E-01  5.99073792E+01  2.91957445E-02
1.99239648E-01  5.99708710E+01  2.92503294E-02
1.99627652E-01  5.98776398E+01  2.92458571E-02
2.00015655E-01  5.98717995E+01  2.92677339E-02
2.00403658E-01  5.98532906E+01  2.92878002E-02
2.00791661E-01  5.98360786E+01  2.93064751E-02
2.01179664E-01  5.98587532E+01  2.93281358E-02
2.01567668E-01  5.98553276E+01  2.93429457E-02
2.01955671E-01  5.97817497E+01  2.93406565E-02
2.02343674E-01  5.97752495E+01  2.93627139E-02
2.02731677E-01  5.97535896E+01  2.93588955E-02
2.03119680E-01  5.97422371E+01  2.92826071E-02
2.03507684E-01  5.96704750E+01  2.90505663E-02
2.03895687E-01  5.96846466E+01  2.89213601E-02
2.04283690E-01  5.96958389E+01  2.88125649E-02
2.04671693E-01  5.96494446E+01  2.87034474E-02
2.05059697E-01  5.96397438E+01  2.86364462E-02
2.05447700E-01  5.96079750E+01  2.85679828E-02
2.05835703E-01  5.95906143E+01  2.84962878E-02
2.06223706E-01  5.95385437E+01  2.84204427E-02
2.06611709E-01  5.94829941E+01  2.83492766E-02
2.06999713E-01  5.95144768E+01  2.83088963E-02
2.07387716E-01  5.94785080E+01  2.82522384E-02
2.07775719E-01  5.94397812E+01  2.81974431E-02
2.08163722E-01  5.94484863E+01  2.81515904E-02
2.08551725E-01  5.94441299E+01  2.81062070E-02
2.08939729E-01  5.95122566E+01  2.81846207E-02
2.09327732E-01  5.94938393E+01  2.82936748E-02
2.09715735E-01  5.94730339E+01  2.83656567E-02
2.10103738E-01  5.93999481E+01  2.83998437E-02
2.10491741E-01  5.94183350E+01  2.84518786E-02
2.10879745E-01  5.94293976E+01  2.84894574E-02
2.11267748E-01  5.94069824E+01  2.85080895E-02
2.11655751E-01  5.93782654E+01  2.85229124E-02
2.12043754E-01  5.93701172E+01  2.85449252E-02
2.12431757E-01  5.93330917E+01  2.85528935E-02
2.12819761E-01  5.93218803E+01  2.85681393E-02
2.13207764E-01  5.93263588E+01  2.85808221E-02
2.13595767E-01  5.92923508E+01  2.85822526E-02
2.13983770E-01  5.92924347E+01  2.85949837E-02
2.14371774E-01  5.92655029E+01  2.85938736E-02
2.14759777E-01  5.92566032E+01  2.85976343E-02
2.15147780E-01  5.92759743E+01  2.86101662E-02
2.15535783E-01  5.92028694E+01  2.85931192E-02
2.15923786E-01  5.92534447E+01  2.85136066E-02
2.16311790E-01  5.91916046E+01  2.83264518E-02
2.16699793E-01  5.91147652E+01  2.81855464E-02
2.17087796E-01  5.90547981E+01  2.80800108E-02
2.17475799E-01  5.90040359E+01  2.79882103E-02
2.17863802E-01  5.90263977E+01  2.79102232E-02
2.18251806E-01  5.90078011E+01  2.78183315E-02
2.18639809E-01  5.90094109E+01  2.77415011E-02
2.19027812E-01  5.89980354E+01  2.76612490E-02
2.19415815E-01  5.89395943E+01  2.75874864E-02
2.19803818E-01  5.88575706E+01  2.75134388E-02
2.20191822E-01  5.88582382E+01  2.74681542E-02
2.20579825E-01  5.88186111E+01  2.74178237E-02
2.20967828E-01  5.88137512E+01  2.73731984E-02
2.21355831E-01  5.88096466E+01  2.73246728E-02
2.21743835E-01  5.87692108E+01  2.72707529E-02
2.22131838E-01  5.87783775E+01  2.72343885E-02
2.22519841E-01  5.87722244E+01  2.71933172E-02
2.22907844E-01  5.87239227E+01  2.71360558E-02
2.23295847E-01  5.87169495E+01  2.70983335E-02
2.23683851E-01  5.86709442E+01  2.70477571E-02
2.24071854E-01  5.86289787E+01  2.70054340E-02
2.24459857E-01  5.86197319E+01  2.69899871E-02
2.24847860E-01  5.86370735E+01  2.69831792E-02
2.25235863E-01  5.86107750E+01  2.69571915E-02
2.25623867E-01  5.86098442E+01  2.69275252E-02
2.26011870E-01  5.86033745E+01  2.68927589E-02
2.26399873E-01  5.85157356E+01  2.68365610E-02
2.26787876E-01  5.84804573E+01  2.67980788E-02
2.27175879E-01  5.84773140E+01  2.67639626E-02
2.27563883E-01  5.84846306E+01  2.67285947E-02
2.27951886E-01  5.85174561E+01  2.67112199E-02
2.28339889E-01  5.84328613E+01  2.66566724E-02
2.28727892E-01  5.83885803E+01  2.66118962E-02
2.29115896E-01  5.84473877E+01  2.65943315E-02
2.29503899E-01  5.83933830E+01  2.65330113E-02
2.29891902E-01  5.83680420E+01  2.64798850E-02
2.30279905E-01  5.83198967E+01  2.64196079E-02
2.30667908E-01  5.82755890E+01  2.63692141E-02
2.31055912E-01  5.82668953E+01  2.63397694E-02
2.31443915E-01  5.82930794E+01  2.63233334E-02
2.31831918E-01  5.82268372E+01  2.62702256E-02
2.32219921E-01  5.82058678E+01  2.62344126E-02
2.32607924E-01  5.81594810E+01  2.61908043E-02
2.32995928E-01  5.81787186E+01  2.61685289E-02
2.33383931E-01  5.81465149E+01  2.61316802E-02
2.33771934E-01  5.81511803E+01  2.61083599E-02
2.34159937E-01  5.81240120E+01  2.60709208E-02
2.34547940E-01  5.81401253E+01  2.60514468E-02
2.34935944E-01  5.81420135E+01  2.60294061E-02
2.35323947E-01  5.80975990E+01  2.59898491E-02
2.35711950E-01  5.80322189E+01  2.59539615E-02
2.36099953E-01  5.80091476E+01  2.59394050E-02
2.36487957E-01  5.79562340E+01  2.59182304E-02
2.36875960E-01  5.79630051E+01  2.59075984E-02
2.37263963E-01  5.79549637E+01  2.58892719E-02
2.37651966E-01  5.79237633E+01  2.58579887E-02
2.38039969E-01  5.79004211E+01  2.58211959E-02
2.38427973E-01  5.78682556E+01  2.57878378E-02
2.38815976E-01  5.78823433E+01  2.57667974E-02
2.39203979E-01  5.78939934E+01  2.57428885E-02
2.39591982E-01  5.78418732E+01  2.57060062E-02
2.39979985E-01  5.77973366E+01  2.56746300E-02
2.40367989E-01  5.78049393E+01  2.56486759E-02
2.40755992E-01  5.78093338E+01  2.56188456E-02
2.41143995E-01  5.77796707E+01  2.55843177E-02
2.41531998E-01  5.77560310E+01  2.55534388E-02
2.41920001E-01  5.77559814E+01  2.55320109E-02
2.42308005E-01  5.77173576E+01  2.54983604E-02
2.42696008E-01  5.77042503E+01  2.54680756E-02
2.43084011E-01  5.77156029E+01  2.54453048E-02
2.43472014E-01  5.76794891E+01  2.54125204E-02
2.43860018E-01  5.76789932E+01  2.53976975E-02
2.44248021E-01  5.76237907E+01  2.53586918E-02
2.44636024E-01  5.75948486E+01  2.53235772E-02
2.45024027E-01  5.76232452E+01  2.53102724E-02
2.45412030E-01  5.75711861E+01  2.52759866E-02
2.45800034E-01  5.76011124E+01  2.52677966E-02
2.46188037E-01  5.75410919E+01  2.52223946E-02
2.46576040E-01  5.74758873E+01  2.51793712E-02
2.46964043E-01  5.74620552E+01  2.51539368E-02
2.47352046E-01  5.74528923E+01  2.51253806E-02
2.47740050E-01  5.74352570E+01  2.50962321E-02
2.48128053E-01  5.74488449E+01  2.50783712E-02
2.48516056E-01  5.74005508E+01  2.50461139E-02
2.48904059E-01  5.74007072E+01  2.50232443E-02
2.49292062E-01  5.73979607E+01  2.49962024E-02
2.49680066E-01  5.73408699E+01  2.49583181E-02
2.50068069E-01  5.73072586E+01  2.49256715E-02
2.50456072E-01  5.73096352E+01  2.49058697E-02
2.50844075E-01  5.73002090E+01  2.48793978E-02
2.51232079E-01  5.72914085E+01  2.48548966E-02
2.51620082E-01  5.72562714E+01  2.48207562E-02
2.52008085E-01  5.72689018E+01  2.48020962E-02
2.52396088E-01  5.72107658E+01  2.47643106E-02
2.52784091E-01  5.72278938E+01  2.47453991E-02
2.53172095E-01  5.71766739E+01  2.47143153E-02
2.53560098E-01  5.71201630E+01  2.46801432E-02
2.53948101E-01  5.71338539E+01  2.46563200E-02
2.54336104E-01  5.71374969E+01  2.46330984E-02
2.54724107E-01  5.71426430E+01  2.46214252E-02
2.55112111E-01  5.70624504E+01  2.45898813E-02
2.55500114E-01  5.70267143E+01  2.45484095E-02
2.55888117E-01  5.70503769E+01  2.45219581E-02
2.56276120E-01  5.71042557E+01  2.45175734E-02
2.56664123E-01  5.70422935E+01  2.44791154E-02
2.57052127E-01  5.70229187E+01  2.44559962E-02
2.57440130E-01  5.69852867E+01  2.44256277E-02
2.57828133E-01  5.69684296E+01  2.44022440E-02
2.58216136E-01  5.69411545E+01  2.43808329E-02
2.58604139E-01  5.68658943E+01  2.43388154E-02
2.58992143E-01  5.68886719E+01  2.43197251E-02
2.59380146E-01  5.68716202E+01  2.42961235E-02
2.59768149E-01  5.68607368E+01  2.42758356E-02
2.60156152E-01  5.68796577E+01  2.42608450E-02
2.60544156E-01  5.68210068E+01  2.42244173E-02
2.60932159E-01  5.68122673E+01  2.42033005E-02
2.61320162E-01  5.68137932E+01  2.41815522E-02
2.61708165E-01  5.67690048E+01  2.41535548E-02
2.62096168E-01  5.68169441E+01  2.41516698E-02
2.62484172E-01  5.67488899E+01  2.41111070E-02
2.62872175E-01  5.67147141E+01  2.40821242E-02
2.63260178E-01  5.66873856E+01  2.40525473E-02
2.63648181E-01  5.67149658E+01  2.40407046E-02
2.64036184E-01  5.66857071E+01  2.40122881E-02
2.64424188E-01  5.66075745E+01  2.39785854E-02
2.64812191E-01  5.66078529E+01  2.39667017E-02
2.65200194E-01  5.65747719E+01  2.39328500E-02
2.65588197E-01  5.65800591E+01  2.39104833E-02
2.65976200E-01  5.66049919E+01  2.38951538E-02
2.66364204E-01  5.65775986E+01  2.38719825E-02
2.66752207E-01  5.65493813E+01  2.38459446E-02
2.67140210E-01  5.65397682E+01  2.38223802E-02
2.67528213E-01  5.65063095E+01  2.37960760E-02
2.67916217E-01  5.64968987E+01  2.37771049E-02
2.68304220E-01  5.64596329E+01  2.37503201E-02
2.68692223E-01  5.64698181E+01  2.37342902E-02
2.69080226E-01  5.64149361E+01  2.37021092E-02
2.69468229E-01  5.63626060E+01  2.36704405E-02
2.69856233E-01  5.63668404E+01  2.36519780E-02
2.70244236E-01  5.63692513E+01  2.36359183E-02
2.70632239E-01  5.63526039E+01  2.36079618E-02
2.71020242E-01  5.63280029E+01  2.35817079E-02
2.71408245E-01  5.63100281E+01  2.35627014E-02
2.71796249E-01  5.63031082E+01  2.35417280E-02
2.72184252E-01  5.63293648E+01  2.35301312E-02
2.72572255E-01  5.62608070E+01  2.34936289E-02
2.72960258E-01  5.62031555E+01  2.34640371E-02
2.73348261E-01  5.61959610E+01  2.34437045E-02
2.73736265E-01  5.62183571E+01  2.34323163E-02
2.74124268E-01  5.61858635E+01  2.34053172E-02
2.74512271E-01  5.61562576E+01  2.33810544E-02
2.74900274E-01  5.61251335E+01  2.33580917E-02
2.75288278E-01  5.61020126E+01  2.33342852E-02
2.75676281E-01  5.60744743E+01  2.33117007E-02
2.76064284E-01  5.60509338E+01  2.32888199E-02
2.76452287E-01  5.60415421E+01  2.32666060E-02
2.76840290E-01  5.60748177E+01  2.32552961E-02
2.77228294E-01  5.60470085E+01  2.32295021E-02
2.77616297E-01  5.60326118E+01  2.32083611E-02
2.78004300E-01  5.60388641E+01  2.31945775E-02
2.78392303E-01  5.59942551E+01  2.32135430E-02
2.78780306E-01  5.59883537E+01  2.33361255E-02
2.79168310E-01  5.59662628E+01  2.34127492E-02
2.79556313E-01  5.59617081E+01  2.34718267E-02
2.79944316E-01  5.59148026E+01  2.34983917E-02
2.80332319E-01  5.59384460E+01  2.35378984E-02
2.80720322E-01  5.58920898E+01  2.35568155E-02
2.81108326E-01  5.58589630E+01  2.35826746E-02
2.81496329E-01  5.58402863E+01  2.35987455E-02
2.81884332E-01  5.58173714E+01  2.36071665E-02
2.82272335E-01  5.58102531E+01  2.36248504E-02
2.82660339E-01  5.57827034E+01  2.36336943E-02
2.83048342E-01  5.57767029E+01  2.36519650E-02
2.83436345E-01  5.57689133E+01  2.36655064E-02
2.83824348E-01  5.57531090E+01  2.36765593E-02
2.84212351E-01  5.57315559E+01  2.36783661E-02
2.84600355E-01  5.57416611E+01  2.36901790E-02
2.84988358E-01  5.57166176E+01  2.36987155E-02
2.85376361E-01  5.56648254E+01  2.36469842E-02
2.85764364E-01  5.56094322E+01  2.34886818E-02
2.86152367E-01  5.56059647E+01  2.35126279E-02
2.86540371E-01  5.55751190E+01  2.35760398E-02
2.86928374E-01  5.55013809E+01  2.35976502E-02
2.87316377E-01  5.54942818E+01  2.37431880E-02
2.87704380E-01  5.54879227E+01  2.38722358E-02
2.88092383E-01  5.54971466E+01  2.39471477E-02
2.88480387E-01  5.55385818E+01  2.40144394E-02
2.88868390E-01  5.54874344E+01  2.40550842E-02
2.89256393E-01  5.54592590E+01  2.40821689E-02
2.89644396E-01  5.54724579E+01  2.41112038E-02
2.90032400E-01  5.54544106E+01  2.41328832E-02
2.90420403E-01  5.54395294E+01  2.41595749E-02
2.90808406E-01  5.54409752E+01  2.41855010E-02
2.91196409E-01  5.54523735E+01  2.42911875E-02
2.91584412E-01  5.54064560E+01  2.44514029E-02
2.91972416E-01  5.53924484E+01  2.45891102E-02
2.92360419E-01  5.53773193E+01  2.47041341E-02
2.92748422E-01  5.54055367E+01  2.48238370E-02
2.93136425E-01  5.53798637E+01  2.49153990E-02
2.93524428E-01  5.53917503E+01  2.50126682E-02
2.93912432E-01  5.54104309E+01  2.51015369E-02
2.94300435E-01  5.53743629E+01  2.51650270E-02
2.94688438E-01  5.53107986E+01  2.52121240E-02
2.95076441E-01  5.53159676E+01  2.52749566E-02
2.95464444E-01  5.52911835E+01  2.53437795E-02
2.95852448E-01  5.52908096E+01  2.54184157E-02
2.96240451E-01  5.52557869E+01  2.54818853E-02
2.96628454E-01  5.52378006E+01  2.55513042E-02
2.97016457E-01  5.52716522E+01  2.56288033E-02
2.97404460E-01  5.52163734E+01  2.56842338E-02
2.97792464E-01  5.51974144E+01  2.57486086E-02
2.98180467E-01  5.52040901E+01  2.58166865E-02
2.98568470E-01  5.51868782E+01  2.58730892E-02
2.98956473E-01  5.51751709E+01  2.59382352E-02
2.99344477E-01  5.51476974E+01  2.60034092E-02
2.99732480E-01  5.51191711E+01  2.60510556E-02
3.00120483E-01  5.50788689E+01  2.60953698E-02
3.00508486E-01  5.51393127E+01  2.61775572E-02
3.00896489E-01  5.50948105E+01  2.62394976E-02
3.01284493E-01  5.51367378E+01  2.63465270E-02
3.01672496E-01  5.50834656E+01  2.64065675E-02
3.02060499E-01  5.50445747E+01  2.64654383E-02
3.02448502E-01  5.50611877E+01  2.65261531E-02
3.02836505E-01  5.50413933E+01  2.65778489E-02
3.03224509E-01  5.50207596E+01  2.66413912E-02
3.03612512E-01  5.49701881E+01  2.66738161E-02
3.04000515E-01  5.49300613E+01  2.67153885E-02
3.04388518E-01  5.49369850E+01  2.67687477E-02
3.04776521E-01  5.48827095E+01  2.68026441E-02
3.05164525E-01  5.49507751E+01  2.68788971E-02
3.05552528E-01  5.49245224E+01  2.69264076E-02
3.05940531E-01  5.48803406E+01  2.69710664E-02
3.06328534E-01  5.48569717E+01  2.69929916E-02
3.06716538E-01  5.48378525E+01  2.70092580E-02
3.07104541E-01  5.48159943E+01  2.70323623E-02
3.07492544E-01  5.48103790E+01  2.70854421E-02
3.07880547E-01  5.47989616E+01  2.71322224E-02
3.08268550E-01  5.48422089E+01  2.71792635E-02
3.08656554E-01  5.47733612E+01  2.71892175E-02
3.09044557E-01  5.47400932E+01  2.72073150E-02
3.09432560E-01  5.47511635E+01  2.72370819E-02
3.09820563E-01  5.47360077E+01  2.72534862E-02
3.10208566E-01  5.47685928E+01  2.72889677E-02
3.10596570E-01  5.47279701E+01  2.73085237E-02
3.10984573E-01  5.46427765E+01  2.73157265E-02
3.11372576E-01  5.46063614E+01  2.73420438E-02
3.11760579E-01  5.46127625E+01  2.73885969E-02
3.12148582E-01  5.45836678E+01  2.74305716E-02
3.12536586E-01  5.45855904E+01  2.74777971E-02
3.12924589E-01  5.46061096E+01  2.75289975E-02
3.13312592E-01  5.45688591E+01  2.75513083E-02
3.13700595E-01  5.45809402E+01  2.75748372E-02
3.14088599E-01  5.45378799E+01  2.75875647E-02
3.14476602E-01  5.44984207E+01  2.75988430E-02
3.14864605E-01  5.44459991E+01  2.76004020E-02
3.15252608E-01  5.44530678E+01  2.76234020E-02
3.15640611E-01  5.44680672E+01  2.76527051E-02
3.16028615E-01  5.44359703E+01  2.76852306E-02
3.16416618E-01  5.43984680E+01  2.76989527E-02
3.16804621E-01  5.43375626E+01  2.77235471E-02
3.17192624E-01  5.43253632E+01  2.77747791E-02
3.17580627E-01  5.43686447E+01  2.78316960E-02
3.17968631E-01  5.43533859E+01  2.78593246E-02
3.18356634E-01  5.43508377E+01  2.78957337E-02
3.18744637E-01  5.42952995E+01  2.79304609E-02
3.19132640E-01  5.42356033E+01  2.79538129E-02
3.19520643E-01  5.42476234E+01  2.80014593E-02
3.19908647E-01  5.42492867E+01  2.80442964E-02
3.20296650E-01  5.42735329E+01  2.80950852E-02
3.20684653E-01  5.41841736E+01  2.81129200E-02
3.21072656E-01  5.42027893E+01  2.81594172E-02
3.21460660E-01  5.41773186E+01  2.81960592E-02
3.21848663E-01  5.41515350E+01  2.82323174E-02
3.22236666E-01  5.41368294E+01  2.82673966E-02
3.22624669E-01  5.41156769E+01  2.83091757E-02
3.23012672E-01  5.40928116E+01  2.83364616E-02
3.23400676E-01  5.40894012E+01  2.83833873E-02
3.23788679E-01  5.40637932E+01  2.84214392E-02
3.24176682E-01  5.40977898E+01  2.84726620E-02
3.24564685E-01  5.40140114E+01  2.84874681E-02
3.24952688E-01  5.40062447E+01  2.85287444E-02
3.25340692E-01  5.39867249E+01  2.85716467E-02
3.25728695E-01  5.40078888E+01  2.86254641E-02
3.26116698E-01  5.39616394E+01  2.86480002E-02
3.26504701E-01  5.39410019E+01  2.86764409E-02
3.26892704E-01  5.39709358E+01  2.87234411E-02
3.27280708E-01  5.39574623E+01  2.87645049E-02
3.27668711E-01  5.39016685E+01  2.87825651E-02
3.28056714E-01  5.38969231E+01  2.88303215E-02
3.28444717E-01  5.38488045E+01  2.88554337E-02
3.28832721E-01  5.38904152E+01  2.89066434E-02
3.29220724E-01  5.38470078E+01  2.89359540E-02
3.29608727E-01  5.38167839E+01  2.89671384E-02
3.29996730E-01  5.38571320E+01  2.90239397E-02
3.30384733E-01  5.38364754E+01  2.90636923E-02
3.30772737E-01  5.37570686E+01  2.90948655E-02
3.31160740E-01  5.37361832E+01  2.91336812E-02
3.31548743E-01  5.37451553E+01  2.91610491E-02
3.31936746E-01  5.37512703E+01  2.91975513E-02
3.32324749E-01  5.36907883E+01  2.92193387E-02
3.32712753E-01  5.36264534E+01  2.92444453E-02
3.33100756E-01  5.36440773E+01  2.92900149E-02
3.33488759E-01  5.36733513E+01  2.93385256E-02
3.33876762E-01  5.36601486E+01  2.93803364E-02
3.34264765E-01  5.35720787E+01  2.93844435E-02
3.34652769E-01  5.36561356E+01  2.94567849E-02
3.35040772E-01  5.36202278E+01  2.94780694E-02
3.35428775E-01  5.35631981E+01  2.95023676E-02
3.35816778E-01  5.36523933E+01  2.95797549E-02
3.36204781E-01  5.35740891E+01  2.95864884E-02
3.36592785E-01  5.35429802E+01  2.96263341E-02
3.36980788E-01  5.34807510E+01  2.96411961E-02
3.37368791E-01  5.34767723E+01  2.96851490E-02
3.37756794E-01  5.34708710E+01  2.97240652E-02
3.38144798E-01  5.34006310E+01  2.97457613E-02
3.38532801E-01  5.33936958E+01  2.97948122E-02
3.38920804E-01  5.34242325E+01  2.98363473E-02
3.39308807E-01  5.33440552E+01  2.98450943E-02
3.39696810E-01  5.33991966E+01  2.99066622E-02
3.40084814E-01  5.33582458E+01  2.99324114E-02
3.40472817E-01  5.32817268E+01  2.99659129E-02
3.40860820E-01  5.32726898E+01  3.00179496E-02
3.41248823E-01  5.33609734E+01  3.00855767E-02
3.41636826E-01  5.32755241E+01  3.00718732E-02
3.42024830E-01  5.32894325E+01  3.01232748E-02
3.42412833E-01  5.32759972E+01  3.01564112E-02
3.42800836E-01  5.32536278E+01  3.01812887E-02
3.43188839E-01  5.32728157E+01  3.02327741E-02
3.43576842E-01  5.31987038E+01  3.02433502E-02
3.43964846E-01  5.31620789E+01  3.02741062E-02
3.44352849E-01  5.31629639E+01  3.03200390E-02
3.44740852E-01  5.31643410E+01  3.03685311E-02
3.45128855E-01  5.31794090E+01  3.04044429E-02
3.45516859E-01  5.31237526E+01  3.04185562E-02
3.45904862E-01  5.31023483E+01  3.04604620E-02
3.46292865E-01  5.31380539E+01  3.05065047E-02
3.46680868E-01  5.31064644E+01  3.05355154E-02
3.47068871E-01  5.31180038E+01  3.05695441E-02
3.47456875E-01  5.30253181E+01  3.05594075E-02
3.47844878E-01  5.30030518E+01  3.05777416E-02
3.48232881E-01  5.30308952E+01  3.05995345E-02
3.48620884E-01  5.30167313E+01  3.06118038E-02
3.49008887E-01  5.30031395E+01  3.06093059E-02
3.49396891E-01  5.29308357E+01  3.06008738E-02
3.49784894E-01  5.28948708E+01  3.06114312E-02
3.50172897E-01  5.28713989E+01  3.06001864E-02
3.50560900E-01  5.28871803E+01  3.06220558E-02
3.50948903E-01  5.28415031E+01  3.06173749E-02
3.51336907E-01  5.28444214E+01  3.06530353E-02
3.51724910E-01  5.28065300E+01  3.06741279E-02
3.52112913E-01  5.27843666E+01  3.07016149E-02
3.52500916E-01  5.27684822E+01  3.07371113E-02
3.52888920E-01  5.28060646E+01  3.07850689E-02
3.53276923E-01  5.28189049E+01  3.08371224E-02
3.53664926E-01  5.28319206E+01  3.08764633E-02
3.54052929E-01  5.27529564E+01  3.08845360E-02
3.54440932E-01  5.27569733E+01  3.09191160E-02
3.54828936E-01  5.27483444E+01  3.09333485E-02
3.55216939E-01  5.26662102E+01  3.09213493E-02
3.55604942E-01  5.26759453E+01  3.09315044E-02
3.55992945E-01  5.27141838E+01  3.09586171E-02
3.56380948E-01  5.26882744E+01  3.09592579E-02
3.56768952E-01  5.26417618E+01  3.09588034E-02
3.57156955E-01  5.26582947E+01  3.09855845E-02
3.57544958E-01  5.25879631E+01  3.09535116E-02
3.57932961E-01  5.25531464E+01  3.09590977E-02
3.58320964E-01  5.25514069E+01  3.09740528E-02
3.58708968E-01  5.25044327E+01  3.09779793E-02
3.59096971E-01  5.24864311E+01  3.10144778E-02
3.59484974E-01  5.24244232E+01  3.10224388E-02
3.59872977E-01  5.24808655E+01  3.10890358E-02
3.60260981E-01  5.24905586E+01  3.11243534E-02
3.60648984E-01  5.24686470E+01  3.11722532E-02
3.61036987E-01  5.24673157E+01  3.14701274E-02
3.61424990E-01  5.24187660E+01  3.19508873E-02
3.61812993E-01  5.23974838E+01  3.22813541E-02
3.62200997E-01  5.24578514E+01  3.25843878E-02
3.62589000E-01  5.24560280E+01  3.28146815E-02
3.62977003E-01  5.24246788E+01  3.30007933E-02
3.63365006E-01  5.24252357E+01  3.32055762E-02
3.63753009E-01  5.24419250E+01  3.34094316E-02
3.64141013E-01  5.24262276E+01  3.35856788E-02
3.64529016E-01  5.24249344E+01  3.37822065E-02
3.64917019E-01  5.23858757E+01  3.39414589E-02
3.65305022E-01  5.23567085E+01  3.41139920E-02
3.65693025E-01  5.23661690E+01  3.42921540E-02
3.66081029E-01  5.24106483E+01  3.44768278E-02
3.66469032E-01  5.23937378E+01  3.46460715E-02
3.66857035E-01  5.23507309E+01  3.47856395E-02
3.67245038E-01  5.24066887E+01  3.49846222E-02
3.67633042E-01  5.23630867E+01  3.51262689E-02
3.68021045E-01  5.23819160E+01  3.53102349E-02
3.68409048E-01  5.23092728E+01  3.54451016E-02
3.68797051E-01  5.23006897E+01  3.55980285E-02
3.69185054E-01  5.22980537E+01  3.57729904E-02
3.69573058E-01  5.22162590E+01  3.59017625E-02
3.69961061E-01  5.22710037E+01  3.61132622E-02
3.70349064E-01  5.23125839E+01  3.62756364E-02
3.70737067E-01  5.22602272E+01  3.63986306E-02
3.71125070E-01  5.22129822E+01  3.65559012E-02
3.71513074E-01  5.21612663E+01  3.66841294E-02
3.71901077E-01  5.21729622E+01  3.68760526E-02
3.72289080E-01  5.21349068E+01  3.70113179E-02
3.72677083E-01  5.22094231E+01  3.72229815E-02
3.73065086E-01  5.20774040E+01  3.73294502E-02
3.73453090E-01  5.21326599E+01  3.74239236E-02
3.73841093E-01  5.21322021E+01  3.75087187E-02
3.74229096E-01  5.21570663E+01  3.76634747E-02
3.74617099E-01  5.20867958E+01  3.77952196E-02
3.75005103E-01  5.20904274E+01  3.79473828E-02
3.75393106E-01  5.20793304E+01  3.81017216E-02
3.75781109E-01  5.20456085E+01  3.82643677E-02
3.76169112E-01  5.20572662E+01  3.84271406E-02
3.76557115E-01  5.20292244E+01  3.86004969E-02
3.76945119E-01  5.19842186E+01  3.87427919E-02
3.77333122E-01  5.20125237E+01  3.89270149E-02
3.77721125E-01  5.20225525E+01  3.91088575E-02
3.78109128E-01  5.19640923E+01  3.92498486E-02
3.78497131E-01  5.19419250E+01  3.94287147E-02
3.78885135E-01  5.19853439E+01  3.96265611E-02
3.79273138E-01  5.19745827E+01  3.98245156E-02
3.79661141E-01  5.18886147E+01  3.99365947E-02
3.80049144E-01  5.18722725E+01  4.00987342E-02
3.80437147E-01  5.18952904E+01  4.03042138E-02
3.80825151E-01  5.18704033E+01  4.04564925E-02
3.81213154E-01  5.18275261E+01  4.06403393E-02
3.81601157E-01  5.17534790E+01  4.07902747E-02
3.81989160E-01  5.18175087E+01  4.10043746E-02
3.82377163E-01  5.18839073E+01  4.12214138E-02
3.82765167E-01  5.18003654E+01  4.13634069E-02
3.83153170E-01  5.17759438E+01  4.15591076E-02
3.83541173E-01  5.17428894E+01  4.17257957E-02
3.83929176E-01  5.17721443E+01  4.19495814E-02
3.84317180E-01  5.17765007E+01  4.21340987E-02
3.84705183E-01  5.17570114E+01  4.23251837E-02
3.85093186E-01  5.17639046E+01  4.25488800E-02
3.85481189E-01  5.17292595E+01  4.27120700E-02
3.85869192E-01  5.16407509E+01  4.28903848E-02
3.86257196E-01  5.16769981E+01  4.31104079E-02
3.86645199E-01  5.17435303E+01  4.33501452E-02
3.87033202E-01  5.16739540E+01  4.35307920E-02
3.87421205E-01  5.16246605E+01  4.37037200E-02
3.87809208E-01  5.17104416E+01  4.39841673E-02
3.88197212E-01  5.16820793E+01  4.41712290E-02
3.88585215E-01  5.16019211E+01  4.43703309E-02
3.88973218E-01  5.15332146E+01  4.45554480E-02
3.89361221E-01  5.15647545E+01  4.48000021E-02
3.89749224E-01  5.15076408E+01  4.50063683E-02
3.90137228E-01  5.15094719E+01  4.52214628E-02
3.90525231E-01  5.15086975E+01  4.54676673E-02
3.90913234E-01  5.14764519E+01  4.56713215E-02
3.91301237E-01  5.15007935E+01  4.59449477E-02
3.91689241E-01  5.15159492E+01  4.61852029E-02
3.92077244E-01  5.15343208E+01  4.64234389E-02
3.92465247E-01  5.14895096E+01  4.66631576E-02
3.92853250E-01  5.15356369E+01  4.69306298E-02
3.93241253E-01  5.14289436E+01  4.71443832E-02
3.93629257E-01  5.13874969E+01  4.73633707E-02
3.94017260E-01  5.14572716E+01  4.76692319E-02
3.94405263E-01  5.13650017E+01  4.78939861E-02
3.94793266E-01  5.13558044E+01  4.81438488E-02
3.95181269E-01  5.13165245E+01  4.84137982E-02
3.95569273E-01  5.13212395E+01  4.86713164E-02
3.95957276E-01  5.13569450E+01  4.89821918E-02
3.96345279E-01  5.13668060E+01  4.92728539E-02
3.96733282E-01  5.13561630E+01  4.95404862E-02
3.97121285E-01  5.14600410E+01  4.99035977E-02
3.97509289E-01  5.13287735E+01  5.01094647E-02
3.97897292E-01  5.12949791E+01  5.04257493E-02
3.98285295E-01  5.12224884E+01  5.06604649E-02
3.98673298E-01  5.12699890E+01  5.10149188E-02
3.99061302E-01  5.13099289E+01  5.13229519E-02
3.99449305E-01  5.12333946E+01  5.15107512E-02
3.99837308E-01  5.12845535E+01  5.17617390E-02
4.00225311E-01  5.12898483E+01  5.19359447E-02
4.00613314E-01  5.13103065E+01  5.21710999E-02
4.01001318E-01  5.11988716E+01  5.22717535E-02
4.01389321E-01  5.12472305E+01  5.24964444E-02
4.01777324E-01  5.12023468E+01  5.26705608E-02
4.02165327E-01  5.11649284E+01  5.28292842E-02
4.02553330E-01  5.11717033E+01  5.30690663E-02
4.02941334E-01  5.11217461E+01  5.32234833E-02
4.03329337E-01  5.11305122E+01  5.34300059E-02
4.03717340E-01  5.11411171E+01  5.36610521E-02
4.04105343E-01  5.10804291E+01  5.38771227E-02
4.04493346E-01  5.11078758E+01  5.42067476E-02
4.04881350E-01  5.11436577E+01  5.45749292E-02
4.05269353E-01  5.10686493E+01  5.49155213E-02
4.05657356E-01  5.11555519E+01  5.53503595E-02
4.06045359E-01  5.10837288E+01  5.56787960E-02
4.06433363E-01  5.10690536E+01  5.60941212E-02
4.06821366E-01  5.09894981E+01  5.64384460E-02
4.07209369E-01  5.09459534E+01  5.68192266E-02
4.07597372E-01  5.09697418E+01  5.72414324E-02
4.07985375E-01  5.09809074E+01  5.76322079E-02
4.08373379E-01  5.10202141E+01  5.80053031E-02
4.08761382E-01  5.10677567E+01  5.83015569E-02
4.09149385E-01  5.10121956E+01  5.85171282E-02
4.09537388E-01  5.09748993E+01  5.87735437E-02
4.09925391E-01  5.09166565E+01  5.89727536E-02
4.10313395E-01  5.08936577E+01  5.92339970E-02
4.10701398E-01  5.08395348E+01  5.94716072E-02
4.11089401E-01  5.09476852E+01  5.97992018E-02
4.11477404E-01  5.09522820E+01  6.00500740E-02
4.11865407E-01  5.09804611E+01  6.03654087E-02
4.12253411E-01  5.07881584E+01  6.04823753E-02
4.12641414E-01  5.08850212E+01  6.08428642E-02
4.13029417E-01  5.07429657E+01  6.10117204E-02
4.13417420E-01  5.06790848E+01  6.12578951E-02
4.13805424E-01  5.07261162E+01  6.15736246E-02
4.14193427E-01  5.07815742E+01  6.18933551E-02
4.14581430E-01  5.08410110E+01  6.22426830E-02
4.14969433E-01  5.08457108E+01  6.25472888E-02
4.15357436E-01  5.06612778E+01  6.27086684E-02
4.15745440E-01  5.06300545E+01  6.30064532E-02
4.16133443E-01  5.05530243E+01  6.32175654E-02
4.16521446E-01  5.08038940E+01  6.37444854E-02
4.16909449E-01  5.06856728E+01  6.39406964E-02
4.17297452E-01  5.07171135E+01  6.42965138E-02
4.17685456E-01  5.05544395E+01  6.44950196E-02
4.18073459E-01  5.05864105E+01  6.48648962E-02
4.18461462E-01  5.06275520E+01  6.52139410E-02
4.18849465E-01  5.06465187E+01  6.55582175E-02
4.19237468E-01  5.05552254E+01  6.58370033E-02
4.19625472E-01  5.04267883E+01  6.60774559E-02
4.20013475E-01  5.05344353E+01  6.65261373E-02
4.20401478E-01  5.04761581E+01  6.68106675E-02
4.20789481E-01  5.04831657E+01  6.71933964E-02
4.21177484E-01  5.03090477E+01  6.74201921E-02
4.21565488E-01  5.03549728E+01  6.78374991E-02
4.21953491E-01  5.02191734E+01  6.80672824E-02
4.22341494E-01  5.03059158E+01  6.85495362E-02
4.22729497E-01  5.02441216E+01  6.88516051E-02
4.23117501E-01  5.03234444E+01  6.93154782E-02
4.23505504E-01  5.03307648E+01  6.97204396E-02
4.23893507E-01  5.03057594E+01  7.00944662E-02
4.24281510E-01  5.01307068E+01  7.03465715E-02
4.24669513E-01  5.02287979E+01  7.08490387E-02
4.25057517E-01  5.02017097E+01  7.12404922E-02
4.25445520E-01  5.01183510E+01  7.15916231E-02
4.25833523E-01  5.02115021E+01  7.21442997E-02
4.26221526E-01  5.00650101E+01  7.24254102E-02
4.26609529E-01  5.01567497E+01  7.29298741E-02
4.26997533E-01  5.01919861E+01  7.34480694E-02
4.27385536E-01  5.01179314E+01  7.38321617E-02
4.27773539E-01  5.01503181E+01  7.43094981E-02
4.28161542E-01  5.00576477E+01  7.47232288E-02
4.28549545E-01  4.99280586E+01  7.51205981E-02
4.28937549E-01  4.99603653E+01  7.56374747E-02
4.29325552E-01  4.99276009E+01  7.60973468E-02
4.29713555E-01  5.00039062E+01  7.66984299E-02
4.30101558E-01  4.98832092E+01  7.70564303E-02


### HEADER:
#
#{
#    "Conc": "",
#    "analysis": {},
#    "calibration_params": {
#        "Beam_Center_X": 739.0457667593599,
#        "Beam_Center_Y": 749.1905114608388,
#        "Detector Tilt": 0.2562910903638858,
#        "Detector Tilt Plane Rotation": 132.57722223850126,
#        "Detector_X_Pixel_Size": 172.0,
#        "Detector_Y_Pixel_Size": 172.0,
#        "Integration Method": "full_csr",
#        "Radial_Average_Method": "pyFAI",
#        "Sample-to-detector distance (mm)": 2690.0,
#        "Wavelength (A)": 1.0332016536100022
#    },
#    "config_file": "C:\\Users\\biosaxs\\Desktop\\userdata\\cfg\\20231104.cfg",
#    "counters": {
#        "Code": "",
#        "Concentration_mg/ml": "",
#        "Description": "Ecoli_70",
#        "Exposure_time_s": "1.0",
#        "Run_Number": "11",
#        "SAXS_Position": "saxs",
#        "SR_Current": "210.482076619mA",
#        "Timestamp": "2023-11-05  23:21:13.286798",
#        "Transmitted_Beam": "0.881870046667",
#        "Wavelength_nm": "0.1033nm"
#    },
#    "filename": "A_Ecoli_70_0011_00020",
#    "history": {
#        "averaged_files": [
#            [
#                "Ecoli_70_0011_00020.tif"
#            ],
#            [
#                "Ecoli_70_0011_00019.tif"
#            ],
#            [
#                "Ecoli_70_0011_00018.tif"
#            ],
#            [
#                "Ecoli_70_0011_00017.tif"
#            ],
#            [
#                "Ecoli_70_0011_00016.tif"
#            ],
#            [
#                "Ecoli_70_0011_00015.tif"
#            ],
#            [
#                "Ecoli_70_0011_00014.tif"
#            ],
#            [
#                "Ecoli_70_0011_00013.tif"
#            ],
#            [
#                "Ecoli_70_0011_00012.tif"
#            ],
#            [
#                "Ecoli_70_0011_00011.tif"
#            ],
#            [
#                "Ecoli_70_0011_00010.tif"
#            ],
#            [
#                "Ecoli_70_0011_00009.tif"
#            ],
#            [
#                "Ecoli_70_0011_00008.tif"
#            ],
#            [
#                "Ecoli_70_0011_00007.tif"
#            ],
#            [
#                "Ecoli_70_0011_00006.tif"
#            ],
#            [
#                "Ecoli_70_0011_00005.tif"
#            ],
#            [
#                "Ecoli_70_0011_00004.tif"
#            ],
#            [
#                "Ecoli_70_0011_00003.tif"
#            ],
#            [
#                "Ecoli_70_0011_00002.tif"
#            ]
#        ]
#    },
#    "imageHeader": {
#        "Alpha": "0.0000 deg.",
#        "Angle_increment": "0.1000 deg.",
#        "Beam_xy": "(0.00, 0.00) pixels",
#        "Chi": "0.0000 deg.",
#        "Count_cutoff": "1157021 counts",
#        "Detector_2theta": "0.0000 deg.",
#        "Detector_Voffset": "0.00000 m",
#        "Detector_distance": "1.00000 m",
#        "Energy_range": "(0, 0) eV",
#        "Excluded_pixels": "badpix_mask.tif",
#        "Exposure_period": "1.1000000 s",
#        "Exposure_time": "1.0000000 s",
#        "Filter_transmission": "1.0000",
#        "Flat_field": "FF_p24-0163_E12000_T6000_vrf_m0p100.tif",
#        "Flux": "0.000000",
#        "Gain_setting": "autog (vrf = 1.000)",
#        "Image_path": "/public/Data/2023/202311/20231105/yongfeng/",
#        "Kappa": "0.0000 deg.",
#        "N_excluded_pixels": "61",
#        "N_oscillations": "1",
#        "Oscillation_axis": "X, CW",
#        "Phi": "0.0000 deg.",
#        "Pixel_size": "172e-6 m x 172e-6 m",
#        "Polarization": "0.990",
#        "Ratecorr_lut_directory": "ContinuousStandard_v1.1",
#        "Retrigger_mode": "1",
#        "Silicon": "sensor, thickness 0.000450",
#        "Tau": "0 s",
#        "Threshold_setting": "6000 eV",
#        "Trim_file": "p24-0163_E12000_T6000.bin",
#        "Wavelength (A)": "1.54000 A"
#    },
#    "normalizations": {
#        "Counter_norms": [
#            [
#                "/",
#                "Transmitted_Beam"
#            ]
#        ],
#        "Polarization": {
#            "Used": false
#        },
#        "Solid_Angle_Correction": "On"
#    },
#    "raw_version": "2.1.1"
#}

