### DATA:
#
# 1093
#      Q             I(Q)           Error     
6.40205297E-03  5.92880127E+03  2.43015528E+00
6.79005618E-03  5.22237305E+03  1.98289740E+00
7.17805939E-03  4.53907910E+03  1.66395342E+00
7.56606260E-03  3.84226245E+03  1.43862629E+00
7.95406581E-03  3.22098096E+03  1.28727293E+00
8.34206902E-03  2.71946704E+03  1.15819240E+00
8.73007223E-03  2.32989062E+03  1.04048193E+00
9.11807544E-03  2.01383459E+03  9.28827643E-01
9.50607865E-03  1.75299683E+03  8.33406627E-01
9.89408186E-03  1.53442493E+03  7.54160702E-01
1.02820851E-02  1.35151697E+03  6.85752213E-01
1.06700883E-02  1.19634729E+03  6.27233028E-01
1.10580915E-02  1.06599316E+03  5.76585591E-01
1.14460947E-02  9.53454956E+02  5.31374335E-01
1.18340979E-02  8.57556763E+02  4.92680728E-01
1.22221011E-02  7.75194763E+02  4.57826763E-01
1.26101043E-02  7.04277405E+02  4.27230895E-01
1.29981075E-02  6.41937744E+02  3.99861515E-01
1.33861107E-02  5.87577393E+02  3.74907315E-01
1.37741140E-02  5.39801514E+02  3.52693588E-01
1.41621172E-02  4.99023499E+02  3.33072424E-01
1.45501204E-02  4.62300476E+02  3.15059811E-01
1.49381236E-02  4.30566010E+02  2.99124539E-01
1.53261268E-02  4.02172180E+02  2.84450233E-01
1.57141300E-02  3.77323547E+02  2.71367341E-01
1.61021332E-02  3.54345062E+02  2.58872867E-01
1.64901364E-02  3.33906250E+02  2.47704387E-01
1.68781396E-02  3.15657501E+02  2.37436965E-01
1.72661428E-02  2.99050049E+02  2.27935940E-01
1.76541461E-02  2.84703827E+02  2.19452336E-01
1.80421493E-02  2.71639526E+02  2.11491540E-01
1.84301525E-02  2.59749573E+02  2.04269484E-01
1.88181557E-02  2.49246613E+02  1.97578743E-01
1.92061589E-02  2.39497314E+02  1.91335887E-01
1.95941621E-02  2.30940399E+02  1.85769215E-01
1.99821653E-02  2.22504547E+02  1.80142581E-01
2.03701685E-02  2.15103836E+02  1.75181732E-01
2.07581717E-02  2.08654861E+02  1.70649976E-01
2.11461749E-02  2.02279694E+02  1.66201964E-01
2.15341782E-02  1.96175827E+02  1.61947012E-01
2.19221814E-02  1.90967499E+02  1.58159375E-01
2.23101846E-02  1.86078720E+02  1.54552072E-01
2.26981878E-02  1.81383957E+02  1.51010096E-01
2.30861910E-02  1.77375015E+02  1.47982061E-01
2.34741942E-02  1.73330795E+02  1.44899622E-01
2.38621974E-02  1.69510483E+02  1.41969562E-01
2.42502006E-02  1.65584747E+02  1.39038563E-01
2.46382038E-02  1.61935760E+02  1.36222735E-01
2.50262070E-02  1.58239273E+02  1.33500993E-01
2.54142103E-02  1.54870697E+02  1.30913228E-01
2.58022135E-02  1.51660278E+02  1.28435284E-01
2.61902167E-02  1.48526215E+02  1.26049384E-01
2.65782199E-02  1.45207077E+02  1.23540238E-01
2.69662231E-02  1.42155350E+02  1.21286795E-01
2.73542263E-02  1.39298233E+02  1.19055547E-01
2.77422295E-02  1.36571411E+02  1.16973400E-01
2.81302327E-02  1.33801590E+02  1.14901647E-01
2.85182359E-02  1.31058426E+02  1.12829767E-01
2.89062391E-02  1.28401718E+02  1.10835001E-01
2.92942424E-02  1.26005234E+02  1.08970001E-01
2.96822456E-02  1.23490135E+02  1.07121505E-01
3.00702488E-02  1.20844131E+02  1.05188049E-01
3.04582520E-02  1.18847633E+02  1.03618369E-01
3.08462552E-02  1.16699280E+02  1.01948604E-01
3.12342584E-02  1.14567749E+02  1.00286044E-01
3.16222616E-02  1.12634888E+02  1.00270927E-01
3.20102648E-02  1.10923439E+02  1.00458525E-01
3.23982680E-02  1.08998901E+02  9.99442190E-02
3.27862712E-02  1.07135826E+02  9.92432088E-02
3.31742745E-02  1.05647812E+02  9.86016393E-02
3.35622777E-02  1.04214195E+02  9.79919061E-02
3.39502809E-02  1.02705704E+02  9.71791893E-02
3.43382841E-02  1.01464355E+02  9.64919776E-02
3.47262873E-02  1.00277573E+02  9.58140790E-02
3.51142905E-02  9.89874725E+01  9.50444192E-02
3.55022937E-02  9.77355957E+01  9.43161994E-02
3.58902969E-02  9.66777496E+01  9.36120600E-02
3.62783001E-02  9.56544952E+01  9.29170102E-02
3.66663033E-02  9.47785187E+01  9.23126265E-02
3.70543066E-02  9.38970413E+01  9.16746110E-02
3.74423098E-02  9.29199600E+01  9.09806415E-02
3.78303130E-02  9.21909409E+01  9.03785005E-02
3.82183162E-02  9.15093536E+01  8.98518711E-02
3.86063194E-02  9.07980499E+01  8.78520161E-02
3.89943226E-02  9.00824890E+01  8.57814923E-02
3.93823258E-02  8.94411316E+01  8.43872726E-02
3.97703290E-02  8.90346832E+01  8.32657889E-02
4.01583322E-02  8.84305267E+01  8.21922794E-02
4.05463354E-02  8.78767776E+01  8.12026113E-02
4.09343387E-02  8.74782257E+01  8.03744718E-02
4.13223419E-02  8.68921967E+01  7.94730037E-02
4.17103451E-02  8.64841919E+01  7.87007585E-02
4.20983483E-02  8.60894318E+01  7.79751018E-02
4.24863515E-02  8.57898102E+01  7.72994682E-02
4.28743547E-02  8.55480957E+01  7.66801685E-02
4.32623579E-02  8.53119354E+01  7.60979503E-02
4.36503611E-02  8.47300797E+01  7.53261596E-02
4.40383643E-02  8.44449310E+01  7.47789666E-02
4.44263675E-02  8.41725845E+01  7.41929412E-02
4.48143708E-02  8.40856857E+01  7.39432946E-02
4.52023740E-02  8.40277328E+01  7.40128383E-02
4.55903772E-02  8.39534531E+01  7.40490705E-02
4.59783804E-02  8.38347931E+01  7.40675479E-02
4.63663836E-02  8.35655899E+01  7.38830343E-02
4.67543868E-02  8.35610809E+01  7.38871470E-02
4.71423900E-02  8.33875351E+01  7.37702698E-02
4.75303932E-02  8.31903839E+01  7.35865533E-02
4.79183964E-02  8.29215012E+01  7.33938366E-02
4.83063996E-02  8.28616486E+01  7.32724965E-02
4.86944029E-02  8.25845261E+01  7.30368868E-02
4.90824061E-02  8.26220779E+01  7.29941577E-02
4.94704093E-02  8.25882034E+01  7.28427023E-02
4.98584125E-02  8.23662109E+01  7.26330131E-02
5.02464157E-02  8.22717819E+01  7.24653229E-02
5.06344189E-02  8.22717056E+01  7.23705441E-02
5.10224221E-02  8.21233368E+01  7.20504373E-02
5.14104253E-02  8.16283722E+01  7.10210577E-02
5.17984285E-02  8.13431549E+01  7.00735897E-02
5.21864318E-02  8.10658646E+01  6.92826584E-02
5.25744350E-02  8.09466629E+01  6.86870813E-02
5.29624382E-02  8.07121887E+01  6.80281073E-02
5.33504414E-02  8.06410370E+01  6.75365031E-02
5.37384446E-02  8.05343857E+01  6.70745373E-02
5.41264478E-02  8.04037476E+01  6.66040629E-02
5.45144510E-02  8.02023392E+01  6.61139041E-02
5.49024542E-02  7.99961243E+01  6.56441897E-02
5.52904574E-02  7.99274979E+01  6.52796999E-02
5.56784606E-02  7.97788849E+01  6.48584217E-02
5.60664639E-02  7.98097687E+01  6.45497590E-02
5.64544671E-02  7.96676865E+01  6.41440377E-02
5.68424703E-02  7.95525284E+01  6.37943000E-02
5.72304735E-02  7.93674011E+01  6.34212643E-02
5.76184767E-02  7.93268890E+01  6.31113350E-02
5.80064799E-02  7.92683563E+01  6.28059879E-02
5.83944831E-02  7.91200409E+01  6.24314435E-02
5.87824863E-02  7.89192581E+01  6.20696321E-02
5.91704895E-02  7.88097305E+01  6.17776886E-02
5.95584927E-02  7.88197479E+01  6.15208372E-02
5.99464960E-02  7.86767426E+01  6.11940213E-02
6.03344992E-02  7.86982346E+01  6.09664135E-02
6.07225024E-02  7.84369431E+01  6.05856851E-02
6.11105056E-02  7.83447342E+01  6.03021868E-02
6.14985088E-02  7.83099442E+01  6.00468330E-02
6.18865120E-02  7.81706390E+01  5.97765334E-02
6.22745152E-02  7.80185699E+01  5.94870076E-02
6.26625184E-02  7.78352814E+01  5.91790192E-02
6.30505216E-02  7.77918701E+01  5.89370839E-02
6.34385248E-02  7.76558685E+01  5.86600713E-02
6.38265281E-02  7.75461121E+01  5.83919063E-02
6.42145313E-02  7.75547638E+01  5.81820123E-02
6.46025345E-02  7.74638214E+01  5.79598024E-02
6.49905377E-02  7.72434082E+01  5.76573014E-02
6.53785409E-02  7.70678711E+01  5.73866665E-02
6.57665441E-02  7.70570526E+01  5.71733229E-02
6.61545473E-02  7.69279861E+01  5.69242015E-02
6.65425505E-02  7.66727905E+01  5.66396937E-02
6.69305537E-02  7.65785675E+01  5.63941374E-02
6.73185569E-02  7.65718536E+01  5.62307723E-02
6.77065602E-02  7.63662186E+01  5.59430309E-02
6.80945634E-02  7.62134399E+01  5.56965545E-02
6.84825666E-02  7.61548309E+01  5.55046983E-02
6.88705698E-02  7.60374374E+01  5.52651994E-02
6.92585730E-02  7.57991409E+01  5.49911447E-02
6.96465762E-02  7.57128448E+01  5.47796786E-02
7.00345794E-02  7.55464706E+01  5.45579493E-02
7.04225826E-02  7.55092316E+01  5.43867871E-02
7.08105858E-02  7.54023132E+01  5.41597493E-02
7.11985890E-02  7.52334442E+01  5.39313667E-02
7.15865923E-02  7.51535110E+01  5.37287071E-02
7.19745955E-02  7.50926056E+01  5.35491221E-02
7.23625987E-02  7.49271698E+01  5.33287339E-02
7.27506019E-02  7.48742905E+01  5.31469770E-02
7.31386051E-02  7.48889389E+01  5.29906452E-02
7.35266083E-02  7.47522202E+01  5.27653992E-02
7.39146115E-02  7.45479889E+01  5.25365360E-02
7.43026147E-02  7.46060562E+01  5.24141192E-02
7.46906179E-02  7.45652008E+01  5.22455052E-02
7.50786211E-02  7.44320908E+01  5.20478711E-02
7.54666244E-02  7.43084183E+01  5.18361628E-02
7.58546276E-02  7.41619110E+01  5.16420975E-02
7.62426308E-02  7.40778046E+01  5.14664724E-02
7.66306340E-02  7.40039520E+01  5.12839742E-02
7.70186372E-02  7.39561691E+01  5.11466339E-02
7.74066404E-02  7.38346100E+01  5.09483442E-02
7.77946436E-02  7.37340851E+01  5.07694557E-02
7.81826468E-02  7.36738434E+01  5.06222360E-02
7.85706500E-02  7.34756012E+01  5.04123941E-02
7.89586532E-02  7.33385544E+01  5.02271354E-02
7.93466565E-02  7.32707291E+01  5.00527099E-02
7.97346597E-02  7.32303772E+01  4.99227121E-02
8.01226629E-02  7.31109772E+01  4.97397929E-02
8.05106661E-02  7.30734634E+01  4.95911799E-02
8.08986693E-02  7.29758224E+01  4.94261235E-02
8.12866725E-02  7.28393326E+01  4.92380336E-02
8.16746757E-02  7.27848816E+01  4.91059460E-02
8.20626789E-02  7.25916443E+01  4.89113256E-02
8.24506821E-02  7.24593582E+01  4.87556830E-02
8.28386853E-02  7.23906097E+01  4.86021675E-02
8.32266886E-02  7.24239349E+01  4.84778360E-02
8.36146918E-02  7.23465805E+01  4.83374111E-02
8.40026950E-02  7.22391815E+01  4.81783524E-02
8.43906982E-02  7.21500626E+01  4.80245277E-02
8.47787014E-02  7.20535049E+01  4.78648581E-02
8.51667046E-02  7.20182037E+01  4.77383509E-02
8.55547078E-02  7.19047318E+01  4.75900173E-02
8.59427110E-02  7.17866135E+01  4.74158153E-02
8.63307142E-02  7.17798996E+01  4.73074913E-02
8.67187174E-02  7.16661758E+01  4.71595787E-02
8.71067207E-02  7.16508789E+01  4.70612869E-02
8.74947239E-02  7.16205902E+01  4.69469503E-02
8.78827271E-02  7.15426331E+01  4.67929319E-02
8.82707303E-02  7.13477936E+01  4.66072634E-02
8.86587335E-02  7.12884293E+01  4.64804098E-02
8.90467367E-02  7.12307281E+01  4.63494770E-02
8.94347399E-02  7.12920685E+01  4.62695509E-02
8.98227431E-02  7.11877136E+01  4.61181849E-02
9.02107463E-02  7.11347351E+01  4.59943488E-02
9.05987495E-02  7.10329514E+01  4.58359160E-02
9.09867528E-02  7.10452728E+01  4.57502194E-02
9.13747560E-02  7.08693237E+01  4.55740467E-02
9.17627592E-02  7.09077911E+01  4.54933867E-02
9.21507624E-02  7.08767929E+01  4.53783646E-02
9.25387656E-02  7.07612076E+01  4.52381298E-02
9.29267688E-02  7.06965408E+01  4.51262221E-02
9.33147720E-02  7.06607971E+01  4.50087227E-02
9.37027752E-02  7.06356888E+01  4.48989496E-02
9.40907784E-02  7.06152267E+01  4.50437032E-02
9.44787816E-02  7.06523209E+01  4.54819873E-02
9.48667849E-02  7.05349197E+01  4.58725877E-02
9.52547881E-02  7.04756851E+01  4.65301797E-02
9.56427913E-02  7.03080673E+01  4.69142944E-02
9.60307945E-02  7.02834625E+01  4.72471118E-02
9.64187977E-02  7.02882690E+01  4.75438982E-02
9.68068009E-02  7.01108551E+01  4.77409028E-02
9.71948041E-02  7.01215286E+01  4.76805568E-02
9.75828073E-02  7.01649170E+01  4.72948961E-02
9.79708105E-02  7.01214371E+01  4.68619764E-02
9.83588137E-02  7.00412674E+01  4.61691543E-02
9.87468170E-02  6.99204636E+01  4.57199179E-02
9.91348202E-02  6.99512177E+01  4.54363823E-02
9.95228234E-02  6.98861847E+01  4.51302379E-02
9.99108266E-02  6.98191223E+01  4.48240712E-02
1.00298830E-01  6.98383408E+01  4.45502177E-02
1.00686833E-01  6.98407135E+01  4.42965105E-02
1.01074836E-01  6.98306122E+01  4.40591052E-02
1.01462839E-01  6.96851959E+01  4.37738784E-02
1.01850843E-01  6.96839294E+01  4.35659215E-02
1.02238846E-01  6.96801605E+01  4.34188917E-02
1.02626849E-01  6.96410065E+01  4.33082953E-02
1.03014852E-01  6.96418915E+01  4.32365462E-02
1.03402855E-01  6.95676575E+01  4.31772843E-02
1.03790859E-01  6.95825195E+01  4.31382060E-02
1.04178862E-01  6.95849915E+01  4.30942774E-02
1.04566865E-01  6.95252151E+01  4.29969095E-02
1.04954868E-01  6.94835892E+01  4.28462550E-02
1.05342872E-01  6.94484711E+01  4.26896214E-02
1.05730875E-01  6.93650284E+01  4.24806625E-02
1.06118878E-01  6.94732361E+01  4.23580036E-02
1.06506881E-01  6.94760361E+01  4.21918966E-02
1.06894884E-01  6.94297028E+01  4.20422181E-02
1.07282888E-01  6.93692780E+01  4.19294946E-02
1.07670891E-01  6.92835846E+01  4.18283045E-02
1.08058894E-01  6.93138351E+01  4.18061838E-02
1.08446897E-01  6.92999191E+01  4.17681411E-02
1.08834900E-01  6.92192459E+01  4.17242870E-02
1.09222904E-01  6.92115707E+01  4.17080782E-02
1.09610907E-01  6.91242523E+01  4.16377112E-02
1.09998910E-01  6.91075821E+01  4.15929779E-02
1.10386913E-01  6.91280594E+01  4.15451340E-02
1.10774916E-01  6.90658875E+01  4.14357074E-02
1.11162920E-01  6.91579590E+01  4.13840897E-02
1.11550923E-01  6.90423279E+01  4.12452631E-02
1.11938926E-01  6.90128098E+01  4.11601998E-02
1.12326929E-01  6.89698715E+01  4.10649478E-02
1.12714933E-01  6.89617996E+01  4.09824364E-02
1.13102936E-01  6.89581757E+01  4.08949330E-02
1.13490939E-01  6.89451141E+01  4.08088900E-02
1.13878942E-01  6.89387817E+01  4.09773439E-02
1.14266945E-01  6.88795319E+01  4.13075164E-02
1.14654949E-01  6.88636627E+01  4.14668880E-02
1.15042952E-01  6.88431244E+01  4.15750965E-02
1.15430955E-01  6.87568741E+01  4.16345075E-02
1.15818958E-01  6.87506561E+01  4.16995957E-02
1.16206961E-01  6.88230743E+01  4.17766161E-02
1.16594965E-01  6.88156586E+01  4.18157205E-02
1.16982968E-01  6.88266525E+01  4.18510213E-02
1.17370971E-01  6.88094330E+01  4.18781340E-02
1.17758974E-01  6.87606735E+01  4.18849960E-02
1.18146977E-01  6.87035446E+01  4.18939516E-02
1.18534981E-01  6.86999664E+01  4.19048481E-02
1.18922984E-01  6.86567307E+01  4.18840013E-02
1.19310987E-01  6.86450958E+01  4.18988839E-02
1.19698990E-01  6.86065445E+01  4.18874547E-02
1.20086994E-01  6.85841522E+01  4.18841690E-02
1.20474997E-01  6.86462021E+01  4.19142134E-02
1.20863000E-01  6.86029434E+01  4.16318551E-02
1.21251003E-01  6.85647202E+01  4.11558300E-02
1.21639006E-01  6.84818497E+01  4.08615880E-02
1.22027010E-01  6.85308914E+01  4.06827107E-02
1.22415013E-01  6.84919510E+01  4.05008271E-02
1.22803016E-01  6.84402313E+01  4.03328314E-02
1.23191019E-01  6.84556427E+01  4.02023457E-02
1.23579022E-01  6.83914948E+01  4.00456786E-02
1.23967026E-01  6.83896790E+01  3.99389528E-02
1.24355029E-01  6.83410492E+01  3.98076512E-02
1.24743032E-01  6.82869415E+01  3.96774039E-02
1.25131035E-01  6.82621078E+01  3.95754576E-02
1.25519038E-01  6.82468414E+01  3.94636877E-02
1.25907042E-01  6.82156143E+01  3.93547080E-02
1.26295045E-01  6.81908646E+01  3.92654687E-02
1.26683048E-01  6.83035660E+01  3.94124761E-02
1.27071051E-01  6.84010391E+01  3.96161862E-02
1.27459054E-01  6.83434448E+01  3.97034548E-02
1.27847058E-01  6.83583527E+01  3.97991128E-02
1.28235061E-01  6.82530289E+01  3.98157537E-02
1.28623064E-01  6.82584686E+01  3.98677960E-02
1.29011067E-01  6.83363647E+01  3.99272218E-02
1.29399071E-01  6.83838654E+01  3.99611294E-02
1.29787074E-01  6.83798599E+01  3.99765149E-02
1.30175077E-01  6.83362732E+01  3.99762988E-02
1.30563080E-01  6.83500290E+01  4.00100127E-02
1.30951083E-01  6.83180237E+01  4.00039442E-02
1.31339087E-01  6.82895279E+01  4.00132462E-02
1.31727090E-01  6.82761307E+01  4.00174521E-02
1.32115093E-01  6.82706146E+01  3.99974845E-02
1.32503096E-01  6.82307587E+01  3.99823114E-02
1.32891099E-01  6.82255936E+01  3.99767682E-02
1.33279103E-01  6.82054138E+01  3.99512872E-02
1.33667106E-01  6.81891556E+01  3.97349522E-02
1.34055109E-01  6.80329361E+01  3.93968076E-02
1.34443112E-01  6.79658051E+01  3.91690172E-02
1.34831115E-01  6.78934860E+01  3.89806293E-02
1.35219119E-01  6.78954697E+01  3.88510600E-02
1.35607122E-01  6.78984604E+01  3.87189612E-02
1.35995125E-01  6.77164459E+01  3.85143198E-02
1.36383128E-01  6.77299576E+01  3.84056196E-02
1.36771132E-01  6.76377716E+01  3.82628068E-02
1.37159135E-01  6.76880112E+01  3.81823406E-02
1.37547138E-01  6.76632385E+01  3.80704552E-02
1.37935141E-01  6.75374908E+01  3.79315466E-02
1.38323144E-01  6.75275116E+01  3.78443599E-02
1.38711148E-01  6.75743484E+01  3.77655253E-02
1.39099151E-01  6.75254593E+01  3.76562551E-02
1.39487154E-01  6.74736099E+01  3.75561640E-02
1.39875157E-01  6.73881912E+01  3.74387205E-02
1.40263160E-01  6.73837509E+01  3.73593792E-02
1.40651164E-01  6.73943787E+01  3.72833759E-02
1.41039167E-01  6.74103851E+01  3.72056067E-02
1.41427170E-01  6.73611298E+01  3.71081643E-02
1.41815173E-01  6.72779465E+01  3.70115228E-02
1.42203176E-01  6.72926636E+01  3.69502380E-02
1.42591180E-01  6.72497406E+01  3.68667729E-02
1.42979183E-01  6.72224884E+01  3.67983393E-02
1.43367186E-01  6.72122803E+01  3.67375202E-02
1.43755189E-01  6.72469711E+01  3.67028341E-02
1.44143193E-01  6.71489487E+01  3.65981422E-02
1.44531196E-01  6.70710297E+01  3.64919156E-02
1.44919199E-01  6.71186371E+01  3.64372283E-02
1.45307202E-01  6.71346741E+01  3.63720730E-02
1.45695205E-01  6.70660248E+01  3.62891257E-02
1.46083209E-01  6.70674591E+01  3.62300016E-02
1.46471212E-01  6.70259705E+01  3.61542106E-02
1.46859215E-01  6.69830399E+01  3.60810272E-02
1.47247218E-01  6.69485474E+01  3.60021815E-02
1.47635221E-01  6.70044403E+01  3.59609611E-02
1.48023225E-01  6.69358902E+01  3.58604267E-02
1.48411228E-01  6.69277573E+01  3.57730761E-02
1.48799231E-01  6.68811951E+01  3.56639959E-02
1.49187234E-01  6.68321991E+01  3.55550349E-02
1.49575237E-01  6.68247223E+01  3.54682133E-02
1.49963241E-01  6.67645569E+01  3.53649072E-02
1.50351244E-01  6.67686844E+01  3.53041701E-02
1.50739247E-01  6.67634735E+01  3.52442935E-02
1.51127250E-01  6.66989288E+01  3.51686887E-02
1.51515254E-01  6.67146759E+01  3.51224989E-02
1.51903257E-01  6.66791153E+01  3.50495055E-02
1.52291260E-01  6.66975555E+01  3.50111052E-02
1.52679263E-01  6.66152878E+01  3.49292643E-02
1.53067266E-01  6.65947342E+01  3.48739177E-02
1.53455270E-01  6.65055008E+01  3.48036811E-02
1.53843273E-01  6.65711823E+01  3.47979888E-02
1.54231276E-01  6.65382385E+01  3.47677357E-02
1.54619279E-01  6.65297623E+01  3.47440466E-02
1.55007282E-01  6.64899368E+01  3.47118564E-02
1.55395286E-01  6.64228745E+01  3.46588641E-02
1.55783289E-01  6.64522400E+01  3.46240625E-02
1.56171292E-01  6.64030762E+01  3.45549211E-02
1.56559295E-01  6.63948822E+01  3.44981626E-02
1.56947298E-01  6.64186478E+01  3.44546810E-02
1.57335302E-01  6.63559036E+01  3.43865715E-02
1.57723305E-01  6.63467026E+01  3.43346708E-02
1.58111308E-01  6.63368378E+01  3.42674628E-02
1.58499311E-01  6.62660751E+01  3.41623016E-02
1.58887315E-01  6.62809067E+01  3.40892300E-02
1.59275318E-01  6.62340469E+01  3.39991227E-02
1.59663321E-01  6.61848984E+01  3.39121297E-02
1.60051324E-01  6.61645355E+01  3.38500850E-02
1.60439327E-01  6.61183929E+01  3.37857530E-02
1.60827331E-01  6.61234283E+01  3.37421112E-02
1.61215334E-01  6.60816498E+01  3.36850956E-02
1.61603337E-01  6.61116638E+01  3.36533934E-02
1.61991340E-01  6.60425797E+01  3.35851833E-02
1.62379343E-01  6.60198517E+01  3.35428789E-02
1.62767347E-01  6.60106354E+01  3.35027762E-02
1.63155350E-01  6.59179764E+01  3.34159508E-02
1.63543353E-01  6.59829865E+01  3.33990566E-02
1.63931356E-01  6.59810944E+01  3.33766527E-02
1.64319359E-01  6.59405365E+01  3.33429649E-02
1.64707363E-01  6.59415741E+01  3.33293937E-02
1.65095366E-01  6.58976517E+01  3.32896300E-02
1.65483369E-01  6.59202042E+01  3.32698599E-02
1.65871372E-01  6.58645172E+01  3.32161076E-02
1.66259376E-01  6.58462982E+01  3.31629105E-02
1.66647379E-01  6.58106689E+01  3.31101865E-02
1.67035382E-01  6.57486267E+01  3.30400467E-02
1.67423385E-01  6.57484741E+01  3.30034606E-02
1.67811388E-01  6.56759720E+01  3.29418257E-02
1.68199392E-01  6.57295380E+01  3.29043716E-02
1.68587395E-01  6.56952515E+01  3.28519531E-02
1.68975398E-01  6.57287064E+01  3.28257345E-02
1.69363401E-01  6.56294937E+01  3.27524170E-02
1.69751404E-01  6.56120377E+01  3.27085629E-02
1.70139408E-01  6.56196594E+01  3.26696336E-02
1.70527411E-01  6.55671768E+01  3.26178893E-02
1.70915414E-01  6.55400162E+01  3.25706936E-02
1.71303417E-01  6.55177765E+01  3.25212777E-02
1.71691420E-01  6.54724884E+01  3.24655697E-02
1.72079424E-01  6.54662933E+01  3.24295834E-02
1.72467427E-01  6.54948425E+01  3.24039087E-02
1.72855430E-01  6.54274597E+01  3.23350281E-02
1.73243433E-01  6.54436417E+01  3.23065147E-02
1.73631436E-01  6.54001236E+01  3.22555564E-02
1.74019440E-01  6.53999481E+01  3.22104432E-02
1.74407443E-01  6.53808441E+01  3.21625322E-02
1.74795446E-01  6.53625870E+01  3.21257077E-02
1.75183449E-01  6.53010788E+01  3.20670530E-02
1.75571453E-01  6.52950058E+01  3.20259668E-02
1.75959456E-01  6.53155060E+01  3.19953747E-02
1.76347459E-01  6.52438660E+01  3.19280513E-02
1.76735462E-01  6.52470856E+01  3.18990126E-02
1.77123465E-01  6.52243042E+01  3.18607166E-02
1.77511469E-01  6.52580719E+01  3.18281166E-02
1.77899472E-01  6.51622162E+01  3.17479484E-02
1.78287475E-01  6.51587601E+01  3.17096747E-02
1.78675478E-01  6.51316833E+01  3.16633917E-02
1.79063481E-01  6.51326828E+01  3.16259749E-02
1.79451485E-01  6.50811386E+01  3.15767303E-02
1.79839488E-01  6.50048828E+01  3.15131024E-02
1.80227491E-01  6.50485611E+01  3.14826593E-02
1.80615494E-01  6.50538712E+01  3.14448811E-02
1.81003497E-01  6.50857773E+01  3.14170048E-02
1.81391501E-01  6.49921722E+01  3.13513391E-02
1.81779504E-01  6.49245605E+01  3.12959850E-02
1.82167507E-01  6.49407501E+01  3.12698260E-02
1.82555510E-01  6.49240112E+01  3.12292874E-02
1.82943514E-01  6.48370514E+01  3.11696474E-02
1.83331517E-01  6.47800369E+01  3.11257001E-02
1.83719520E-01  6.48072662E+01  3.10892016E-02
1.84107523E-01  6.48592758E+01  3.10661308E-02
1.84495526E-01  6.48159027E+01  3.10086366E-02
1.84883530E-01  6.47814331E+01  3.09665985E-02
1.85271533E-01  6.47729492E+01  3.09321694E-02
1.85659536E-01  6.47331696E+01  3.08831073E-02
1.86047539E-01  6.47224350E+01  3.08494829E-02
1.86435542E-01  6.47008133E+01  3.08065470E-02
1.86823546E-01  6.46589813E+01  3.07684392E-02
1.87211549E-01  6.46553726E+01  3.07341926E-02
1.87599552E-01  6.46196747E+01  3.06866281E-02
1.87987555E-01  6.46052094E+01  3.06535847E-02
1.88375558E-01  6.45837402E+01  3.06176152E-02
1.88763562E-01  6.45048065E+01  3.05589084E-02
1.89151565E-01  6.45490646E+01  3.05418316E-02
1.89539568E-01  6.45570221E+01  3.05075534E-02
1.89927571E-01  6.45462494E+01  3.04665063E-02
1.90315575E-01  6.44849777E+01  3.04215755E-02
1.90703578E-01  6.44204865E+01  3.03752664E-02
1.91091581E-01  6.44212570E+01  3.03379782E-02
1.91479584E-01  6.44098663E+01  3.03033981E-02
1.91867587E-01  6.43885193E+01  3.02654412E-02
1.92255591E-01  6.44021759E+01  3.02320179E-02
1.92643594E-01  6.43446121E+01  3.01840715E-02
1.93031597E-01  6.43634720E+01  3.01594827E-02
1.93419600E-01  6.43917389E+01  3.01293917E-02
1.93807603E-01  6.43210526E+01  3.00751626E-02
1.94195607E-01  6.42564240E+01  3.00290026E-02
1.94583610E-01  6.42493820E+01  2.99950950E-02
1.94971613E-01  6.42481766E+01  2.99572889E-02
1.95359616E-01  6.42484360E+01  2.99237221E-02
1.95747619E-01  6.42124481E+01  2.98831556E-02
1.96135623E-01  6.41939087E+01  2.99161337E-02
1.96523626E-01  6.41944656E+01  3.01075336E-02
1.96911629E-01  6.41459198E+01  3.02172042E-02
1.97299632E-01  6.40551376E+01  3.02685704E-02
1.97687636E-01  6.40925217E+01  3.03405877E-02
1.98075639E-01  6.41276550E+01  3.04024518E-02
1.98463642E-01  6.40665588E+01  3.04211862E-02
1.98851645E-01  6.40768967E+01  3.04637961E-02
1.99239648E-01  6.40469818E+01  3.04942131E-02
1.99627652E-01  6.40329895E+01  3.05162221E-02
2.00015655E-01  6.40358505E+01  3.05370390E-02
2.00403658E-01  6.40611115E+01  3.05708554E-02
2.00791661E-01  6.39639969E+01  3.05636134E-02
2.01179664E-01  6.39929504E+01  3.05910520E-02
2.01567668E-01  6.39315605E+01  3.05894576E-02
2.01955671E-01  6.39261589E+01  3.06049995E-02
2.02343674E-01  6.39346123E+01  3.06291617E-02
2.02731677E-01  6.38828430E+01  3.06222774E-02
2.03119680E-01  6.39342041E+01  3.05626988E-02
2.03507684E-01  6.38752327E+01  3.03232875E-02
2.03895687E-01  6.38420525E+01  3.01735289E-02
2.04283690E-01  6.38424454E+01  3.00608762E-02
2.04671693E-01  6.37919426E+01  2.99484339E-02
2.05059697E-01  6.37975693E+01  2.98845880E-02
2.05447700E-01  6.36874924E+01  2.97895670E-02
2.05835703E-01  6.36331253E+01  2.97056828E-02
2.06223706E-01  6.36353836E+01  2.96417810E-02
2.06611709E-01  6.36843948E+01  2.95966025E-02
2.06999713E-01  6.36705437E+01  2.95393821E-02
2.07387716E-01  6.36079597E+01  2.94712000E-02
2.07775719E-01  6.36184464E+01  2.94298194E-02
2.08163722E-01  6.35525932E+01  2.93641146E-02
2.08551725E-01  6.35303879E+01  2.93105096E-02
2.08939729E-01  6.36257401E+01  2.93986741E-02
2.09327732E-01  6.35810051E+01  2.95090768E-02
2.09715735E-01  6.35284805E+01  2.95727253E-02
2.10103738E-01  6.35463028E+01  2.96357982E-02
2.10491741E-01  6.35633430E+01  2.96881795E-02
2.10879745E-01  6.35397530E+01  2.97204144E-02
2.11267748E-01  6.34930115E+01  2.97344271E-02
2.11655751E-01  6.35083199E+01  2.97621787E-02
2.12043754E-01  6.35236816E+01  2.97881272E-02
2.12431757E-01  6.35268860E+01  2.98082829E-02
2.12819761E-01  6.35204239E+01  2.98233926E-02
2.13207764E-01  6.34461441E+01  2.98137311E-02
2.13595767E-01  6.34142456E+01  2.98169050E-02
2.13983770E-01  6.33732529E+01  2.98227631E-02
2.14371774E-01  6.33865166E+01  2.98376381E-02
2.14759777E-01  6.33939819E+01  2.98426356E-02
2.15147780E-01  6.33479729E+01  2.98334844E-02
2.15535783E-01  6.34024162E+01  2.98595838E-02
2.15923786E-01  6.33109627E+01  2.97277570E-02
2.16311790E-01  6.32369995E+01  2.95348950E-02
2.16699793E-01  6.31909065E+01  2.93985121E-02
2.17087796E-01  6.32067986E+01  2.93065272E-02
2.17475799E-01  6.31820374E+01  2.92171482E-02
2.17863802E-01  6.32085571E+01  2.91433632E-02
2.18251806E-01  6.30867805E+01  2.90149804E-02
2.18639809E-01  6.31647644E+01  2.89594270E-02
2.19027812E-01  6.31027031E+01  2.88618058E-02
2.19415815E-01  6.30716972E+01  2.87884865E-02
2.19803818E-01  6.30278015E+01  2.87248455E-02
2.20191822E-01  6.30010872E+01  2.86727548E-02
2.20579825E-01  6.29541931E+01  2.86187027E-02
2.20967828E-01  6.29341354E+01  2.85671353E-02
2.21355831E-01  6.29260368E+01  2.85125580E-02
2.21743835E-01  6.28704453E+01  2.84538064E-02
2.22131838E-01  6.28640747E+01  2.84125116E-02
2.22519841E-01  6.28729477E+01  2.83732768E-02
2.22907844E-01  6.28228836E+01  2.83148680E-02
2.23295847E-01  6.27893867E+01  2.82663517E-02
2.23683851E-01  6.28009834E+01  2.82334276E-02
2.24071854E-01  6.28023682E+01  2.82057580E-02
2.24459857E-01  6.27295914E+01  2.81693432E-02
2.24847860E-01  6.26993484E+01  2.81455666E-02
2.25235863E-01  6.26939392E+01  2.81258486E-02
2.25623867E-01  6.26735916E+01  2.80891806E-02
2.26011870E-01  6.26848640E+01  2.80584097E-02
2.26399873E-01  6.26581841E+01  2.80201174E-02
2.26787876E-01  6.26179695E+01  2.79758666E-02
2.27175879E-01  6.25684700E+01  2.79278643E-02
2.27563883E-01  6.25268059E+01  2.78822426E-02
2.27951886E-01  6.25847168E+01  2.78650671E-02
2.28339889E-01  6.25508041E+01  2.78218444E-02
2.28727892E-01  6.24923706E+01  2.77779102E-02
2.29115896E-01  6.24424133E+01  2.77269967E-02
2.29503899E-01  6.24589653E+01  2.76837759E-02
2.29891902E-01  6.24226151E+01  2.76214443E-02
2.30279905E-01  6.24415359E+01  2.75821276E-02
2.30667908E-01  6.23877182E+01  2.75256000E-02
2.31055912E-01  6.23633194E+01  2.74904780E-02
2.31443915E-01  6.23551636E+01  2.74646822E-02
2.31831918E-01  6.22973862E+01  2.74162199E-02
2.32219921E-01  6.22610550E+01  2.73700394E-02
2.32607924E-01  6.22499008E+01  2.73322314E-02
2.32995928E-01  6.22499008E+01  2.73047481E-02
2.33383931E-01  6.22896004E+01  2.72889324E-02
2.33771934E-01  6.22574387E+01  2.72513628E-02
2.34159937E-01  6.21897774E+01  2.72075497E-02
2.34547940E-01  6.21611443E+01  2.71755848E-02
2.34935944E-01  6.21467590E+01  2.71477513E-02
2.35323947E-01  6.21371574E+01  2.71188803E-02
2.35711950E-01  6.21398697E+01  2.71019489E-02
2.36099953E-01  6.20810356E+01  2.70690061E-02
2.36487957E-01  6.20848312E+01  2.70632263E-02
2.36875960E-01  6.20475082E+01  2.70406213E-02
2.37263963E-01  6.20225945E+01  2.70192232E-02
2.37651966E-01  6.20104599E+01  2.69917883E-02
2.38039969E-01  6.19667053E+01  2.69474927E-02
2.38427973E-01  6.19382553E+01  2.69152466E-02
2.38815976E-01  6.19684944E+01  2.68967003E-02
2.39203979E-01  6.19527664E+01  2.68624723E-02
2.39591982E-01  6.19191513E+01  2.68268101E-02
2.39979985E-01  6.18916702E+01  2.68034097E-02
2.40367989E-01  6.18786736E+01  2.67702453E-02
2.40755992E-01  6.18721695E+01  2.67367177E-02
2.41143995E-01  6.17857170E+01  2.66887248E-02
2.41531998E-01  6.17933121E+01  2.66668312E-02
2.41920001E-01  6.17742386E+01  2.66386773E-02
2.42308005E-01  6.17460136E+01  2.66051255E-02
2.42696008E-01  6.17875252E+01  2.65891142E-02
2.43084011E-01  6.17606430E+01  2.65577845E-02
2.43472014E-01  6.17236137E+01  2.65250858E-02
2.43860018E-01  6.16868591E+01  2.64917873E-02
2.44248021E-01  6.16905136E+01  2.64687203E-02
2.44636024E-01  6.16665955E+01  2.64378376E-02
2.45024027E-01  6.16550102E+01  2.64130086E-02
2.45412030E-01  6.16409988E+01  2.63893306E-02
2.45800034E-01  6.15827332E+01  2.63554845E-02
2.46188037E-01  6.15482903E+01  2.63167676E-02
2.46576040E-01  6.15422554E+01  2.62866430E-02
2.46964043E-01  6.14968491E+01  2.62519810E-02
2.47352046E-01  6.14651260E+01  2.62193866E-02
2.47740050E-01  6.14347229E+01  2.61856727E-02
2.48128053E-01  6.14536018E+01  2.61647664E-02
2.48516056E-01  6.14737854E+01  2.61516534E-02
2.48904059E-01  6.14618759E+01  2.61258967E-02
2.49292062E-01  6.13943367E+01  2.60760821E-02
2.49680066E-01  6.14011459E+01  2.60561649E-02
2.50068069E-01  6.13492851E+01  2.60200500E-02
2.50456072E-01  6.13384781E+01  2.59944536E-02
2.50844075E-01  6.13523636E+01  2.59717051E-02
2.51232079E-01  6.13266220E+01  2.59393156E-02
2.51620082E-01  6.12920113E+01  2.59097219E-02
2.52008085E-01  6.12299805E+01  2.58695297E-02
2.52396088E-01  6.12484665E+01  2.58501880E-02
2.52784091E-01  6.12344666E+01  2.58208327E-02
2.53172095E-01  6.12440186E+01  2.58056279E-02
2.53560098E-01  6.11842041E+01  2.57674791E-02
2.53948101E-01  6.12060776E+01  2.57500745E-02
2.54336104E-01  6.11182022E+01  2.57026646E-02
2.54724107E-01  6.10835648E+01  2.56787278E-02
2.55112111E-01  6.11175041E+01  2.56746672E-02
2.55500114E-01  6.11173172E+01  2.56399214E-02
2.55888117E-01  6.11064224E+01  2.56077200E-02
2.56276120E-01  6.10516968E+01  2.55713277E-02
2.56664123E-01  6.10187378E+01  2.55395826E-02
2.57052127E-01  6.10056381E+01  2.55201962E-02
2.57440130E-01  6.09327812E+01  2.54798736E-02
2.57828133E-01  6.09619942E+01  2.54669581E-02
2.58216136E-01  6.09364815E+01  2.54429691E-02
2.58604139E-01  6.09263992E+01  2.54205652E-02
2.58992143E-01  6.09376755E+01  2.53952779E-02
2.59380146E-01  6.09094734E+01  2.53645442E-02
2.59768149E-01  6.09027824E+01  2.53484361E-02
2.60156152E-01  6.08438530E+01  2.53096782E-02
2.60544156E-01  6.08670540E+01  2.52939314E-02
2.60932159E-01  6.08423843E+01  2.52673086E-02
2.61320162E-01  6.07923813E+01  2.52344999E-02
2.61708165E-01  6.07200089E+01  2.52006017E-02
2.62096168E-01  6.07641678E+01  2.51977202E-02
2.62484172E-01  6.06917725E+01  2.51551121E-02
2.62872175E-01  6.06938705E+01  2.51351483E-02
2.63260178E-01  6.06804581E+01  2.51096226E-02
2.63648181E-01  6.06463394E+01  2.50785761E-02
2.64036184E-01  6.06767578E+01  2.50630025E-02
2.64424188E-01  6.06602058E+01  2.50443164E-02
2.64812191E-01  6.06104050E+01  2.50158850E-02
2.65200194E-01  6.05701981E+01  2.49813218E-02
2.65588197E-01  6.05804825E+01  2.49612909E-02
2.65976200E-01  6.05701675E+01  2.49333289E-02
2.66364204E-01  6.05435905E+01  2.49132235E-02
2.66752207E-01  6.05424271E+01  2.48959698E-02
2.67140210E-01  6.05094109E+01  2.48647872E-02
2.67528213E-01  6.04993515E+01  2.48433650E-02
2.67916217E-01  6.04821281E+01  2.48177908E-02
2.68304220E-01  6.04421997E+01  2.47919820E-02
2.68692223E-01  6.04475822E+01  2.47725025E-02
2.69080226E-01  6.04325638E+01  2.47463565E-02
2.69468229E-01  6.03913345E+01  2.47173719E-02
2.69856233E-01  6.04096489E+01  2.47026701E-02
2.70244236E-01  6.03995171E+01  2.46858709E-02
2.70632239E-01  6.02839165E+01  2.46339589E-02
2.71020242E-01  6.02983398E+01  2.46195514E-02
2.71408245E-01  6.02742844E+01  2.45935339E-02
2.71796249E-01  6.02938843E+01  2.45786719E-02
2.72184252E-01  6.02677536E+01  2.45549269E-02
2.72572255E-01  6.02372360E+01  2.45255269E-02
2.72960258E-01  6.01908646E+01  2.44940426E-02
2.73348261E-01  6.01806450E+01  2.44728699E-02
2.73736265E-01  6.02118034E+01  2.44643316E-02
2.74124268E-01  6.01734314E+01  2.44372673E-02
2.74512271E-01  6.01022873E+01  2.44016089E-02
2.74900274E-01  6.00669632E+01  2.43797321E-02
2.75288278E-01  6.00766907E+01  2.43597552E-02
2.75676281E-01  6.00641594E+01  2.43385769E-02
2.76064284E-01  6.00608139E+01  2.43237391E-02
2.76452287E-01  6.00483589E+01  2.43018530E-02
2.76840290E-01  6.00011406E+01  2.42683515E-02
2.77228294E-01  5.99717636E+01  2.42367797E-02
2.77616297E-01  6.00317574E+01  2.42370982E-02
2.78004300E-01  5.99879265E+01  2.42102742E-02
2.78392303E-01  5.99111862E+01  2.42194124E-02
2.78780306E-01  5.99764328E+01  2.43681986E-02
2.79168310E-01  5.99099426E+01  2.44359113E-02
2.79556313E-01  5.98999939E+01  2.44966764E-02
2.79944316E-01  5.99121590E+01  2.45405156E-02
2.80332319E-01  5.98926201E+01  2.45681442E-02
2.80720322E-01  5.98158379E+01  2.45816056E-02
2.81108326E-01  5.98558960E+01  2.46281959E-02
2.81496329E-01  5.98713684E+01  2.46528797E-02
2.81884332E-01  5.98251572E+01  2.46557742E-02
2.82272335E-01  5.98095512E+01  2.46712118E-02
2.82660339E-01  5.97708359E+01  2.46770121E-02
2.83048342E-01  5.97760735E+01  2.47019678E-02
2.83436345E-01  5.97032776E+01  2.47017536E-02
2.83824348E-01  5.96929626E+01  2.47175973E-02
2.84212351E-01  5.97339287E+01  2.47348137E-02
2.84600355E-01  5.97078743E+01  2.47331988E-02
2.84988358E-01  5.96911697E+01  2.47463305E-02
2.85376361E-01  5.96185226E+01  2.46850178E-02
2.85764364E-01  5.96015549E+01  2.45333649E-02
2.86152367E-01  5.95370064E+01  2.45454926E-02
2.86540371E-01  5.94816780E+01  2.46047862E-02
2.86928374E-01  5.94319763E+01  2.46329773E-02
2.87316377E-01  5.94463692E+01  2.47898214E-02
2.87704380E-01  5.94692802E+01  2.49341466E-02
2.88092383E-01  5.94643974E+01  2.50099357E-02
2.88480387E-01  5.94609871E+01  2.50645913E-02
2.88868390E-01  5.94160271E+01  2.51119025E-02
2.89256393E-01  5.94130325E+01  2.51462664E-02
2.89644396E-01  5.94071159E+01  2.51708925E-02
2.90032400E-01  5.93667908E+01  2.51929760E-02
2.90420403E-01  5.93485909E+01  2.52154209E-02
2.90808406E-01  5.93457336E+01  2.52431389E-02
2.91196409E-01  5.93640022E+01  2.53578015E-02
2.91584412E-01  5.93283272E+01  2.55245473E-02
2.91972416E-01  5.93506889E+01  2.56750993E-02
2.92360419E-01  5.93303757E+01  2.57948693E-02
2.92748422E-01  5.93296280E+01  2.59114448E-02
2.93136425E-01  5.93339424E+01  2.60165446E-02
2.93524428E-01  5.93150711E+01  2.61135790E-02
2.93912432E-01  5.92981491E+01  2.61975732E-02
2.94300435E-01  5.92701950E+01  2.62640323E-02
2.94688438E-01  5.92763481E+01  2.63324380E-02
2.95076441E-01  5.92777481E+01  2.63935532E-02
2.95464444E-01  5.92554092E+01  2.64685601E-02
2.95852448E-01  5.92197647E+01  2.65395008E-02
2.96240451E-01  5.92070694E+01  2.66082324E-02
2.96628454E-01  5.92391739E+01  2.66959779E-02
2.97016457E-01  5.92341232E+01  2.67667435E-02
2.97404460E-01  5.91800728E+01  2.68224571E-02
2.97792464E-01  5.92050285E+01  2.69037932E-02
2.98180467E-01  5.91631699E+01  2.69640386E-02
2.98568470E-01  5.91246033E+01  2.70190798E-02
2.98956473E-01  5.91259346E+01  2.70896293E-02
2.99344477E-01  5.90990067E+01  2.71574911E-02
2.99732480E-01  5.90303154E+01  2.71911267E-02
3.00120483E-01  5.90971260E+01  2.72738002E-02
3.00508486E-01  5.90672073E+01  2.73294747E-02
3.00896489E-01  5.90600777E+01  2.74106227E-02
3.01284493E-01  5.90361633E+01  2.75022201E-02
3.01672496E-01  5.89844551E+01  2.75647826E-02
3.02060499E-01  5.89833984E+01  2.76401788E-02
3.02448502E-01  5.89604607E+01  2.76929792E-02
3.02836505E-01  5.89610710E+01  2.77518928E-02
3.03224509E-01  5.89968872E+01  2.78326962E-02
3.03612512E-01  5.89473572E+01  2.78669111E-02
3.04000515E-01  5.89023438E+01  2.79103257E-02
3.04388518E-01  5.89275322E+01  2.79671904E-02
3.04776521E-01  5.88790398E+01  2.80033834E-02
3.05164525E-01  5.89081917E+01  2.80760825E-02
3.05552528E-01  5.88624268E+01  2.81219538E-02
3.05940531E-01  5.88492966E+01  2.81732474E-02
3.06328534E-01  5.87729988E+01  2.81831622E-02
3.06716538E-01  5.87699814E+01  2.82078777E-02
3.07104541E-01  5.88089371E+01  2.82469355E-02
3.07492544E-01  5.87864456E+01  2.82994714E-02
3.07880547E-01  5.87180901E+01  2.83353366E-02
3.08268550E-01  5.87427254E+01  2.83780899E-02
3.08656554E-01  5.87568970E+01  2.84129828E-02
3.09044557E-01  5.87118340E+01  2.84279399E-02
3.09432560E-01  5.86824265E+01  2.84505244E-02
3.09820563E-01  5.86815491E+01  2.84702182E-02
3.10208566E-01  5.86999588E+01  2.84982212E-02
3.10596570E-01  5.86309509E+01  2.85103973E-02
3.10984573E-01  5.85968933E+01  2.85366084E-02
3.11372576E-01  5.85967522E+01  2.85770260E-02
3.11760579E-01  5.85449753E+01  2.86037587E-02
3.12148582E-01  5.85561943E+01  2.86597852E-02
3.12536586E-01  5.85746536E+01  2.87172496E-02
3.12924589E-01  5.85423965E+01  2.87523624E-02
3.13312592E-01  5.85202217E+01  2.87826918E-02
3.13700595E-01  5.84449883E+01  2.87801623E-02
3.14088599E-01  5.84776421E+01  2.88191028E-02
3.14476602E-01  5.85065536E+01  2.88459770E-02
3.14864605E-01  5.84663506E+01  2.88524069E-02
3.15252608E-01  5.84690132E+01  2.88795494E-02
3.15640611E-01  5.84075851E+01  2.88851075E-02
3.16028615E-01  5.83882141E+01  2.89261248E-02
3.16416618E-01  5.83465347E+01  2.89406721E-02
3.16804621E-01  5.83290787E+01  2.89817955E-02
3.17192624E-01  5.82827225E+01  2.90198270E-02
3.17580627E-01  5.83446846E+01  2.90886424E-02
3.17968631E-01  5.83246689E+01  2.91197244E-02
3.18356634E-01  5.82394180E+01  2.91284863E-02
3.18744637E-01  5.82144051E+01  2.91721523E-02
3.19132640E-01  5.82164192E+01  2.92175505E-02
3.19520643E-01  5.82375908E+01  2.92673912E-02
3.19908647E-01  5.82263908E+01  2.93082036E-02
3.20296650E-01  5.81970329E+01  2.93470472E-02
3.20684653E-01  5.81709290E+01  2.93880291E-02
3.21072656E-01  5.81411743E+01  2.94198450E-02
3.21460660E-01  5.80985031E+01  2.94571910E-02
3.21848663E-01  5.80658150E+01  2.94916816E-02
3.22236666E-01  5.81090088E+01  2.95476560E-02
3.22624669E-01  5.81004524E+01  2.95937303E-02
3.23012672E-01  5.81325569E+01  2.96402480E-02
3.23400676E-01  5.81461678E+01  2.96918508E-02
3.23788679E-01  5.80883713E+01  2.97208820E-02
3.24176682E-01  5.80022049E+01  2.97372639E-02
3.24564685E-01  5.80301895E+01  2.97958814E-02
3.24952688E-01  5.80216370E+01  2.98301578E-02
3.25340692E-01  5.79492302E+01  2.98588667E-02
3.25728695E-01  5.79716263E+01  2.99204681E-02
3.26116698E-01  5.79238358E+01  2.99448334E-02
3.26504701E-01  5.79614487E+01  2.99920775E-02
3.26892704E-01  5.79207573E+01  3.00146583E-02
3.27280708E-01  5.79043770E+01  3.00618354E-02
3.27668711E-01  5.78667374E+01  3.00864428E-02
3.28056714E-01  5.78963737E+01  3.01455949E-02
3.28444717E-01  5.78535538E+01  3.01766433E-02
3.28832721E-01  5.77744331E+01  3.01930048E-02
3.29220724E-01  5.78036613E+01  3.02486327E-02
3.29608727E-01  5.78052788E+01  3.02868932E-02
3.29996730E-01  5.77567520E+01  3.03240381E-02
3.30384733E-01  5.77306709E+01  3.03639825E-02
3.30772737E-01  5.76488876E+01  3.03950198E-02
3.31160740E-01  5.76156082E+01  3.04302331E-02
3.31548743E-01  5.76396103E+01  3.04634534E-02
3.31936746E-01  5.76699448E+01  3.05110309E-02
3.32324749E-01  5.76354256E+01  3.05375513E-02
3.32712753E-01  5.76281548E+01  3.05821951E-02
3.33100756E-01  5.76436157E+01  3.06302644E-02
3.33488759E-01  5.76389351E+01  3.06692868E-02
3.33876762E-01  5.75959854E+01  3.06991227E-02
3.34264765E-01  5.75497208E+01  3.07258423E-02
3.34652769E-01  5.75478020E+01  3.07750143E-02
3.35040772E-01  5.75266228E+01  3.08046229E-02
3.35428775E-01  5.75193596E+01  3.08491550E-02
3.35816778E-01  5.74892998E+01  3.08814403E-02
3.36204781E-01  5.74860649E+01  3.09190359E-02
3.36592785E-01  5.74622421E+01  3.09632029E-02
3.36980788E-01  5.74351730E+01  3.09907142E-02
3.37368791E-01  5.74629135E+01  3.10433507E-02
3.37756794E-01  5.74500847E+01  3.10810022E-02
3.38144798E-01  5.73892288E+01  3.11039686E-02
3.38532801E-01  5.74279556E+01  3.11747100E-02
3.38920804E-01  5.73850098E+01  3.11918762E-02
3.39308807E-01  5.73735847E+01  3.12318560E-02
3.39696810E-01  5.73313980E+01  3.12605388E-02
3.40084814E-01  5.72931404E+01  3.12872082E-02
3.40472817E-01  5.72940750E+01  3.13461199E-02
3.40860820E-01  5.72429924E+01  3.13887224E-02
3.41248823E-01  5.72075920E+01  3.14183272E-02
3.41636826E-01  5.72325439E+01  3.14468257E-02
3.42024830E-01  5.72500610E+01  3.15040872E-02
3.42412833E-01  5.72001572E+01  3.15266475E-02
3.42800836E-01  5.71823044E+01  3.15484479E-02
3.43188839E-01  5.71874619E+01  3.15964147E-02
3.43576842E-01  5.71999702E+01  3.16391513E-02
3.43964846E-01  5.71281319E+01  3.16642188E-02
3.44352849E-01  5.70622482E+01  3.16940770E-02
3.44740852E-01  5.70979385E+01  3.17528658E-02
3.45128855E-01  5.71195793E+01  3.17925103E-02
3.45516859E-01  5.71241646E+01  3.18273716E-02
3.45904862E-01  5.70320244E+01  3.18449214E-02
3.46292865E-01  5.69667587E+01  3.18625718E-02
3.46680868E-01  5.70015869E+01  3.19191664E-02
3.47068871E-01  5.69912834E+01  3.19372751E-02
3.47456875E-01  5.70070801E+01  3.19638513E-02
3.47844878E-01  5.69885368E+01  3.19863595E-02
3.48232881E-01  5.69410896E+01  3.19847688E-02
3.48620884E-01  5.69301987E+01  3.20014730E-02
3.49008887E-01  5.69405594E+01  3.20062041E-02
3.49396891E-01  5.68601990E+01  3.19966413E-02
3.49784894E-01  5.68696976E+01  3.20237391E-02
3.50172897E-01  5.68399429E+01  3.20038535E-02
3.50560900E-01  5.68386765E+01  3.20203416E-02
3.50948903E-01  5.68232193E+01  3.20340842E-02
3.51336907E-01  5.67561264E+01  3.20393778E-02
3.51724910E-01  5.67959366E+01  3.20903473E-02
3.52112913E-01  5.67751274E+01  3.21192220E-02
3.52500916E-01  5.68192825E+01  3.21784019E-02
3.52888920E-01  5.67863884E+01  3.22038159E-02
3.53276923E-01  5.67374992E+01  3.22363079E-02
3.53664926E-01  5.67455978E+01  3.22807468E-02
3.54052929E-01  5.66770706E+01  3.22997868E-02
3.54440932E-01  5.67192001E+01  3.23467329E-02
3.54828936E-01  5.66794434E+01  3.23436223E-02
3.55216939E-01  5.66701660E+01  3.23599204E-02
3.55604942E-01  5.66929626E+01  3.23778801E-02
3.55992945E-01  5.66238937E+01  3.23715918E-02
3.56380948E-01  5.65988235E+01  3.23720649E-02
3.56768952E-01  5.65691757E+01  3.23748551E-02
3.57156955E-01  5.65531387E+01  3.23915519E-02
3.57544958E-01  5.65632324E+01  3.23907398E-02
3.57932961E-01  5.65206795E+01  3.23919505E-02
3.58320964E-01  5.64926453E+01  3.23956348E-02
3.58708968E-01  5.64627075E+01  3.24130133E-02
3.59096971E-01  5.63869629E+01  3.24282423E-02
3.59484974E-01  5.63933296E+01  3.24654765E-02
3.59872977E-01  5.64144478E+01  3.25170867E-02
3.60260981E-01  5.64415894E+01  3.25585976E-02
3.60648984E-01  5.63693733E+01  3.25956941E-02
3.61036987E-01  5.64059372E+01  3.29215340E-02
3.61424990E-01  5.64584427E+01  3.34566869E-02
3.61812993E-01  5.64051590E+01  3.37913819E-02
3.62200997E-01  5.63378296E+01  3.40639539E-02
3.62589000E-01  5.63250237E+01  3.43074128E-02
3.62977003E-01  5.63184433E+01  3.44972014E-02
3.63365006E-01  5.64095154E+01  3.47453430E-02
3.63753009E-01  5.63917656E+01  3.49563174E-02
3.64141013E-01  5.63680000E+01  3.51363309E-02
3.64529016E-01  5.63054199E+01  3.53162438E-02
3.64917019E-01  5.62641716E+01  3.54846269E-02
3.65305022E-01  5.63591690E+01  3.57118994E-02
3.65693025E-01  5.63440971E+01  3.58852670E-02
3.66081029E-01  5.63493462E+01  3.60596254E-02
3.66469032E-01  5.63515930E+01  3.62440906E-02
3.66857035E-01  5.63321533E+01  3.64023261E-02
3.67245038E-01  5.63481941E+01  3.65964435E-02
3.67633042E-01  5.62744980E+01  3.67360637E-02
3.68021045E-01  5.61905518E+01  3.68813053E-02
3.68409048E-01  5.61665840E+01  3.70556191E-02
3.68797051E-01  5.62083969E+01  3.72275971E-02
3.69185054E-01  5.62600098E+01  3.74318436E-02
3.69573058E-01  5.62170296E+01  3.75954472E-02
3.69961061E-01  5.61050606E+01  3.77398357E-02
3.70349064E-01  5.61165390E+01  3.78986560E-02
3.70737067E-01  5.62164917E+01  3.80950868E-02
3.71125070E-01  5.60994186E+01  3.82248648E-02
3.71513074E-01  5.60313644E+01  3.83558460E-02
3.71901077E-01  5.60781860E+01  3.85687910E-02
3.72289080E-01  5.60326614E+01  3.87132689E-02
3.72677083E-01  5.60709229E+01  3.89029346E-02
3.73065086E-01  5.60734863E+01  3.90794054E-02
3.73453090E-01  5.61160469E+01  3.91721837E-02
3.73841093E-01  5.60622978E+01  3.92299369E-02
3.74229096E-01  5.60479431E+01  3.93773541E-02
3.74617099E-01  5.60872612E+01  3.95741910E-02
3.75005103E-01  5.60353699E+01  3.97105888E-02
3.75393106E-01  5.59543648E+01  3.98396626E-02
3.75781109E-01  5.60145378E+01  4.00534049E-02
3.76169112E-01  5.59696541E+01  4.01948467E-02
3.76557115E-01  5.59196243E+01  4.03698869E-02
3.76945119E-01  5.59000931E+01  4.05264720E-02
3.77333122E-01  5.59449272E+01  4.07273285E-02
3.77721125E-01  5.58896408E+01  4.08819988E-02
3.78109128E-01  5.59212837E+01  4.10734937E-02
3.78497131E-01  5.58810234E+01  4.12536189E-02
3.78885135E-01  5.58993645E+01  4.14551422E-02
3.79273138E-01  5.57834396E+01  4.16143499E-02
3.79661141E-01  5.58061104E+01  4.17812243E-02
3.80049144E-01  5.58821487E+01  4.19910923E-02
3.80437147E-01  5.57803650E+01  4.21424881E-02
3.80825151E-01  5.57968521E+01  4.23327833E-02
3.81213154E-01  5.56845627E+01  4.24904004E-02
3.81601157E-01  5.57998276E+01  4.27394882E-02
3.81989160E-01  5.57659492E+01  4.29039337E-02
3.82377163E-01  5.57708817E+01  4.31140736E-02
3.82765167E-01  5.57469711E+01  4.32918258E-02
3.83153170E-01  5.57456589E+01  4.35126051E-02
3.83541173E-01  5.56709213E+01  4.36577722E-02
3.83929176E-01  5.56593742E+01  4.38695773E-02
3.84317180E-01  5.56719589E+01  4.40818965E-02
3.84705183E-01  5.57051201E+01  4.43056896E-02
3.85093186E-01  5.56083450E+01  4.44806628E-02
3.85481189E-01  5.56603889E+01  4.46988419E-02
3.85869192E-01  5.56214523E+01  4.49050888E-02
3.86257196E-01  5.56277695E+01  4.51215133E-02
3.86645199E-01  5.55453415E+01  4.52974625E-02
3.87033202E-01  5.56276054E+01  4.55731787E-02
3.87421205E-01  5.56129074E+01  4.57659997E-02
3.87809208E-01  5.56567078E+01  4.60367091E-02
3.88197212E-01  5.55805130E+01  4.62104939E-02
3.88585215E-01  5.55349846E+01  4.64423075E-02
3.88973218E-01  5.54547195E+01  4.66288738E-02
3.89361221E-01  5.55210571E+01  4.69033755E-02
3.89749224E-01  5.54628105E+01  4.71146926E-02
3.90137228E-01  5.53948135E+01  4.72957976E-02
3.90525231E-01  5.54906311E+01  4.76124771E-02
3.90913234E-01  5.54805222E+01  4.78333533E-02
3.91301237E-01  5.54899483E+01  4.81139235E-02
3.91689241E-01  5.53775330E+01  4.82993126E-02
3.92077244E-01  5.54718933E+01  4.85887341E-02
3.92465247E-01  5.54337692E+01  4.88508455E-02
3.92853250E-01  5.54254837E+01  4.90970761E-02
3.93241253E-01  5.54441223E+01  4.93838638E-02
3.93629257E-01  5.54018059E+01  4.96210642E-02
3.94017260E-01  5.53964920E+01  4.98915352E-02
3.94405263E-01  5.53788338E+01  5.01737483E-02
3.94793266E-01  5.53322754E+01  5.04104681E-02
3.95181269E-01  5.53519096E+01  5.07373288E-02
3.95569273E-01  5.53460388E+01  5.09950295E-02
3.95957276E-01  5.53603134E+01  5.13087399E-02
3.96345279E-01  5.53207512E+01  5.15880361E-02
3.96733282E-01  5.52717705E+01  5.18421717E-02
3.97121285E-01  5.52768974E+01  5.21787181E-02
3.97509289E-01  5.52575493E+01  5.24534509E-02
3.97897292E-01  5.52797737E+01  5.28097078E-02
3.98285295E-01  5.52178268E+01  5.30741401E-02
3.98673298E-01  5.51972656E+01  5.33822589E-02
3.99061302E-01  5.52241936E+01  5.37132211E-02
3.99449305E-01  5.52254524E+01  5.39611503E-02
3.99837308E-01  5.51832466E+01  5.41622415E-02
4.00225311E-01  5.51525459E+01  5.43247648E-02
4.00613314E-01  5.50615463E+01  5.44910915E-02
4.01001318E-01  5.51312981E+01  5.47413230E-02
4.01389321E-01  5.51487312E+01  5.49412780E-02
4.01777324E-01  5.51700745E+01  5.51672690E-02
4.02165327E-01  5.51022224E+01  5.53049333E-02
4.02553330E-01  5.51785660E+01  5.55944741E-02
4.02941334E-01  5.50749207E+01  5.57161048E-02
4.03329337E-01  5.50727730E+01  5.59470356E-02
4.03717340E-01  5.50629158E+01  5.61725385E-02
4.04105343E-01  5.50596848E+01  5.64378612E-02
4.04493346E-01  5.49723434E+01  5.67060523E-02
4.04881350E-01  5.50976181E+01  5.71563430E-02
4.05269353E-01  5.49792786E+01  5.74766472E-02
4.05657356E-01  5.49965591E+01  5.78870997E-02
4.06045359E-01  5.50281792E+01  5.83147183E-02
4.06433363E-01  5.50394287E+01  5.87568581E-02
4.06821366E-01  5.49294014E+01  5.90879805E-02
4.07209369E-01  5.49251709E+01  5.95381074E-02
4.07597372E-01  5.48938675E+01  5.99479079E-02
4.07985375E-01  5.49581108E+01  6.03750721E-02
4.08373379E-01  5.49361572E+01  6.07236512E-02
4.08761382E-01  5.48837891E+01  6.09773993E-02
4.09149385E-01  5.50010681E+01  6.13224916E-02
4.09537388E-01  5.50253906E+01  6.16027825E-02
4.09925391E-01  5.49133377E+01  6.17995746E-02
4.10313395E-01  5.47984314E+01  6.19967356E-02
4.10701398E-01  5.47960281E+01  6.22518174E-02
4.11089401E-01  5.48656082E+01  6.25811815E-02
4.11477404E-01  5.49932747E+01  6.29545525E-02
4.11865407E-01  5.48947029E+01  6.31799921E-02
4.12253411E-01  5.46751709E+01  6.33254275E-02
4.12641414E-01  5.47094345E+01  6.36414364E-02
4.13029417E-01  5.46499023E+01  6.38707429E-02
4.13417420E-01  5.47573547E+01  6.42543882E-02
4.13805424E-01  5.47204666E+01  6.45294264E-02
4.14193427E-01  5.46247673E+01  6.47566393E-02
4.14581430E-01  5.47367058E+01  6.51682466E-02
4.14969433E-01  5.46254654E+01  6.53731823E-02
4.15357436E-01  5.46463928E+01  6.57017976E-02
4.15745440E-01  5.46854248E+01  6.60651401E-02
4.16133443E-01  5.45865555E+01  6.63097203E-02
4.16521446E-01  5.45862007E+01  6.66471422E-02
4.16909449E-01  5.44751282E+01  6.68791756E-02
4.17297452E-01  5.45336914E+01  6.72618151E-02
4.17685456E-01  5.44999466E+01  6.75731897E-02
4.18073459E-01  5.45122566E+01  6.79325908E-02
4.18461462E-01  5.45453110E+01  6.82837218E-02
4.18849465E-01  5.44146118E+01  6.85482249E-02
4.19237468E-01  5.43833923E+01  6.88978806E-02
4.19625472E-01  5.42602768E+01  6.91267401E-02
4.20013475E-01  5.44429436E+01  6.96574077E-02
4.20401478E-01  5.43646545E+01  6.99205473E-02
4.20789481E-01  5.45165215E+01  7.04619735E-02
4.21177484E-01  5.43514404E+01  7.07080811E-02
4.21565488E-01  5.42526779E+01  7.09931478E-02
4.21953491E-01  5.42833633E+01  7.14298561E-02
4.22341494E-01  5.42594910E+01  7.18131214E-02
4.22729497E-01  5.42943954E+01  7.22117499E-02
4.23117501E-01  5.43207588E+01  7.26425350E-02
4.23505504E-01  5.41090584E+01  7.29041770E-02
4.23893507E-01  5.41347427E+01  7.33608380E-02
4.24281510E-01  5.41566849E+01  7.37737864E-02
4.24669513E-01  5.41922417E+01  7.42472261E-02
4.25057517E-01  5.41857834E+01  7.46662766E-02
4.25445520E-01  5.41737900E+01  7.51057640E-02
4.25833523E-01  5.40593567E+01  7.54814148E-02
4.26221526E-01  5.40532761E+01  7.59546384E-02
4.26609529E-01  5.39910965E+01  7.63524771E-02
4.26997533E-01  5.40460281E+01  7.68904537E-02
4.27385536E-01  5.40307198E+01  7.73473531E-02
4.27773539E-01  5.40321426E+01  7.78148845E-02
4.28161542E-01  5.39936142E+01  7.82992095E-02
4.28549545E-01  5.38995171E+01  7.87380487E-02
4.28937549E-01  5.38549805E+01  7.92027563E-02
4.29325552E-01  5.38390388E+01  7.96929225E-02
4.29713555E-01  5.40765152E+01  8.04801062E-02
4.30101558E-01  5.37840157E+01  8.07076469E-02


### HEADER:
#
#{
#    "Conc": "",
#    "analysis": {},
#    "calibration_params": {
#        "Beam_Center_X": 739.0457667593599,
#        "Beam_Center_Y": 749.1905114608388,
#        "Detector Tilt": 0.2562910903638858,
#        "Detector Tilt Plane Rotation": 132.57722223850126,
#        "Detector_X_Pixel_Size": 172.0,
#        "Detector_Y_Pixel_Size": 172.0,
#        "Integration Method": "full_csr",
#        "Radial_Average_Method": "pyFAI",
#        "Sample-to-detector distance (mm)": 2690.0,
#        "Wavelength (A)": 1.0332016536100022
#    },
#    "config_file": "C:\\Users\\biosaxs\\Desktop\\userdata\\cfg\\20231104.cfg",
#    "counters": {
#        "Code": "",
#        "Concentration_mg/ml": "",
#        "Description": "Ecoli_45",
#        "Exposure_time_s": "1.0",
#        "Run_Number": "7",
#        "SAXS_Position": "saxs",
#        "SR_Current": "210.177071753mA",
#        "Timestamp": "2023-11-05  22:48:55.321900",
#        "Transmitted_Beam": "0.82317111619",
#        "Wavelength_nm": "0.1033nm"
#    },
#    "filename": "A_Ecoli_45_0007_00020",
#    "history": {
#        "averaged_files": [
#            [
#                "Ecoli_45_0007_00020.tif"
#            ],
#            [
#                "Ecoli_45_0007_00019.tif"
#            ],
#            [
#                "Ecoli_45_0007_00018.tif"
#            ],
#            [
#                "Ecoli_45_0007_00017.tif"
#            ],
#            [
#                "Ecoli_45_0007_00016.tif"
#            ],
#            [
#                "Ecoli_45_0007_00015.tif"
#            ],
#            [
#                "Ecoli_45_0007_00014.tif"
#            ],
#            [
#                "Ecoli_45_0007_00013.tif"
#            ],
#            [
#                "Ecoli_45_0007_00012.tif"
#            ],
#            [
#                "Ecoli_45_0007_00011.tif"
#            ],
#            [
#                "Ecoli_45_0007_00010.tif"
#            ],
#            [
#                "Ecoli_45_0007_00009.tif"
#            ],
#            [
#                "Ecoli_45_0007_00008.tif"
#            ],
#            [
#                "Ecoli_45_0007_00007.tif"
#            ],
#            [
#                "Ecoli_45_0007_00006.tif"
#            ],
#            [
#                "Ecoli_45_0007_00005.tif"
#            ],
#            [
#                "Ecoli_45_0007_00004.tif"
#            ],
#            [
#                "Ecoli_45_0007_00003.tif"
#            ],
#            [
#                "Ecoli_45_0007_00002.tif"
#            ],
#            [
#                "Ecoli_45_0007_00001.tif"
#            ]
#        ]
#    },
#    "imageHeader": {
#        "Alpha": "0.0000 deg.",
#        "Angle_increment": "0.1000 deg.",
#        "Beam_xy": "(0.00, 0.00) pixels",
#        "Chi": "0.0000 deg.",
#        "Count_cutoff": "1157021 counts",
#        "Detector_2theta": "0.0000 deg.",
#        "Detector_Voffset": "0.00000 m",
#        "Detector_distance": "1.00000 m",
#        "Energy_range": "(0, 0) eV",
#        "Excluded_pixels": "badpix_mask.tif",
#        "Exposure_period": "1.1000000 s",
#        "Exposure_time": "1.0000000 s",
#        "Filter_transmission": "1.0000",
#        "Flat_field": "FF_p24-0163_E12000_T6000_vrf_m0p100.tif",
#        "Flux": "0.000000",
#        "Gain_setting": "autog (vrf = 1.000)",
#        "Image_path": "/public/Data/2023/202311/20231105/yongfeng/",
#        "Kappa": "0.0000 deg.",
#        "N_excluded_pixels": "61",
#        "N_oscillations": "1",
#        "Oscillation_axis": "X, CW",
#        "Phi": "0.0000 deg.",
#        "Pixel_size": "172e-6 m x 172e-6 m",
#        "Polarization": "0.990",
#        "Ratecorr_lut_directory": "ContinuousStandard_v1.1",
#        "Retrigger_mode": "1",
#        "Silicon": "sensor, thickness 0.000450",
#        "Tau": "0 s",
#        "Threshold_setting": "6000 eV",
#        "Trim_file": "p24-0163_E12000_T6000.bin",
#        "Wavelength (A)": "1.54000 A"
#    },
#    "normalizations": {
#        "Counter_norms": [
#            [
#                "/",
#                "Transmitted_Beam"
#            ]
#        ],
#        "Polarization": {
#            "Used": false
#        },
#        "Solid_Angle_Correction": "On"
#    },
#    "raw_version": "2.1.1"
#}

