### DATA:
#
# 1093
#      Q             I(Q)           Error     
6.40205297E-03  6.06801270E+03  2.46043539E+00
6.79005618E-03  5.34306592E+03  2.00769186E+00
7.17805939E-03  4.63253516E+03  1.68250060E+00
7.56606260E-03  3.92010010E+03  1.45487905E+00
7.95406581E-03  3.28012378E+03  1.30022740E+00
8.34206902E-03  2.77088623E+03  1.17033029E+00
8.73007223E-03  2.37545142E+03  1.05144370E+00
9.11807544E-03  2.05432227E+03  9.39051509E-01
9.50607865E-03  1.78629785E+03  8.42213750E-01
9.89408186E-03  1.56212769E+03  7.61721909E-01
1.02820851E-02  1.37485510E+03  6.92380726E-01
1.06700883E-02  1.21761353E+03  6.33489847E-01
1.10580915E-02  1.08453345E+03  5.82097948E-01
1.14460947E-02  9.69965027E+02  5.36487997E-01
1.18340979E-02  8.71735474E+02  4.97186005E-01
1.22221011E-02  7.87425903E+02  4.61898416E-01
1.26101043E-02  7.14410278E+02  4.30613697E-01
1.29981075E-02  6.51795288E+02  4.03213650E-01
1.33861107E-02  5.97439026E+02  3.78405333E-01
1.37741140E-02  5.49266907E+02  3.56173962E-01
1.41621172E-02  5.06876801E+02  3.36012453E-01
1.45501204E-02  4.70248199E+02  3.18139225E-01
1.49381236E-02  4.37648041E+02  3.01890731E-01
1.53261268E-02  4.08014191E+02  2.86743432E-01
1.57141300E-02  3.82585205E+02  2.73489058E-01
1.61021332E-02  3.58833923E+02  2.60703266E-01
1.64901364E-02  3.38553894E+02  2.49660581E-01
1.68781396E-02  3.19548065E+02  2.39079922E-01
1.72661428E-02  3.02867340E+02  2.29614764E-01
1.76541461E-02  2.87814362E+02  2.20849559E-01
1.80421493E-02  2.74593323E+02  2.12865159E-01
1.84301525E-02  2.62398010E+02  2.05476090E-01
1.88181557E-02  2.51331146E+02  1.98572069E-01
1.92061589E-02  2.41415451E+02  1.92287683E-01
1.95941621E-02  2.32397675E+02  1.86479360E-01
1.99821653E-02  2.23794342E+02  1.80880159E-01
2.03701685E-02  2.16113312E+02  1.75807863E-01
2.07581717E-02  2.09052582E+02  1.70911252E-01
2.11461749E-02  2.02708481E+02  1.66513950E-01
2.15341782E-02  1.97073288E+02  1.62460431E-01
2.19221814E-02  1.92055237E+02  1.58764958E-01
2.23101846E-02  1.86889557E+02  1.55051827E-01
2.26981878E-02  1.82292709E+02  1.51570976E-01
2.30861910E-02  1.77859741E+02  1.48332134E-01
2.34741942E-02  1.73721771E+02  1.45190880E-01
2.38621974E-02  1.70110535E+02  1.42351195E-01
2.42502006E-02  1.66246155E+02  1.39442280E-01
2.46382038E-02  1.62708038E+02  1.36648506E-01
2.50262070E-02  1.59258041E+02  1.34049624E-01
2.54142103E-02  1.56098236E+02  1.31572723E-01
2.58022135E-02  1.52941559E+02  1.29115790E-01
2.61902167E-02  1.49798492E+02  1.26688421E-01
2.65782199E-02  1.46938751E+02  1.24407232E-01
2.69662231E-02  1.43764923E+02  1.22086264E-01
2.73542263E-02  1.40706711E+02  1.19763687E-01
2.77422295E-02  1.37934540E+02  1.17640100E-01
2.81302327E-02  1.35390305E+02  1.15686215E-01
2.85182359E-02  1.32592590E+02  1.13586143E-01
2.89062391E-02  1.29987762E+02  1.11654118E-01
2.92942424E-02  1.27370949E+02  1.09662235E-01
2.96822456E-02  1.24748940E+02  1.07755125E-01
3.00702488E-02  1.22250000E+02  1.05921768E-01
3.04582520E-02  1.20100357E+02  1.04254089E-01
3.08462552E-02  1.17826859E+02  1.02526285E-01
3.12342584E-02  1.15811966E+02  1.00946411E-01
3.16222616E-02  1.13714317E+02  1.00836113E-01
3.20102648E-02  1.11921494E+02  1.01000808E-01
3.23982680E-02  1.09990883E+02  1.00479856E-01
3.27862712E-02  1.08260719E+02  9.98897105E-02
3.31742745E-02  1.06593140E+02  9.91376042E-02
3.35622777E-02  1.04999489E+02  9.84239727E-02
3.39502809E-02  1.03648483E+02  9.77109894E-02
3.43382841E-02  1.02339172E+02  9.70182344E-02
3.47262873E-02  1.00948402E+02  9.62378234E-02
3.51142905E-02  9.96471100E+01  9.54311863E-02
3.55022937E-02  9.85130234E+01  9.47737843E-02
3.58902969E-02  9.74676056E+01  9.40538868E-02
3.62783001E-02  9.65540924E+01  9.34401080E-02
3.66663033E-02  9.55256653E+01  9.27736536E-02
3.70543066E-02  9.44310074E+01  9.20191035E-02
3.74423098E-02  9.36082306E+01  9.14059654E-02
3.78303130E-02  9.27939453E+01  9.07713398E-02
3.82183162E-02  9.20272598E+01  9.02024433E-02
3.86063194E-02  9.13723068E+01  8.82169008E-02
3.89943226E-02  9.07818146E+01  8.62224102E-02
3.93823258E-02  8.98912659E+01  8.46585557E-02
3.97703290E-02  8.93650436E+01  8.34954530E-02
4.01583322E-02  8.89179001E+01  8.25140178E-02
4.05463354E-02  8.83845978E+01  8.15203488E-02
4.09343387E-02  8.79413376E+01  8.06642473E-02
4.13223419E-02  8.74367218E+01  7.98198953E-02
4.17103451E-02  8.70310211E+01  7.90252164E-02
4.20983483E-02  8.67108841E+01  7.83468336E-02
4.24863515E-02  8.63063049E+01  7.76108727E-02
4.28743547E-02  8.59943008E+01  7.69560784E-02
4.32623579E-02  8.56296234E+01  7.63025433E-02
4.36503611E-02  8.52936707E+01  7.56760389E-02
4.40383643E-02  8.49652939E+01  7.50684887E-02
4.44263675E-02  8.48353119E+01  7.45536014E-02
4.48143708E-02  8.45668182E+01  7.42105991E-02
4.52023740E-02  8.45633392E+01  7.43587092E-02
4.55903772E-02  8.44928436E+01  7.43726641E-02
4.59783804E-02  8.43734970E+01  7.43598118E-02
4.63663836E-02  8.41197968E+01  7.42101744E-02
4.67543868E-02  8.39750671E+01  7.41387382E-02
4.71423900E-02  8.37788467E+01  7.39928335E-02
4.75303932E-02  8.37725906E+01  7.39110261E-02
4.79183964E-02  8.34850998E+01  7.37118572E-02
4.83063996E-02  8.33555679E+01  7.35674426E-02
4.86944029E-02  8.32313919E+01  7.34134465E-02
4.90824061E-02  8.29875946E+01  7.31893927E-02
4.94704093E-02  8.30848846E+01  7.31435195E-02
4.98584125E-02  8.27698212E+01  7.28636831E-02
5.02464157E-02  8.26161804E+01  7.26794899E-02
5.06344189E-02  8.25909882E+01  7.25707263E-02
5.10224221E-02  8.24994354E+01  7.22614676E-02
5.14104253E-02  8.21408539E+01  7.13162869E-02
5.17984285E-02  8.18098297E+01  7.03460649E-02
5.21864318E-02  8.15156326E+01  6.95359260E-02
5.25744350E-02  8.12118683E+01  6.88257664E-02
5.29624382E-02  8.12352295E+01  6.83267936E-02
5.33504414E-02  8.11827545E+01  6.78250119E-02
5.37384446E-02  8.09417267E+01  6.72844201E-02
5.41264478E-02  8.07409744E+01  6.68015406E-02
5.45144510E-02  8.05653839E+01  6.63387552E-02
5.49024542E-02  8.04583359E+01  6.58877119E-02
5.52904574E-02  8.04745636E+01  6.55528456E-02
5.56784606E-02  8.01973724E+01  6.50885105E-02
5.60664639E-02  8.01003418E+01  6.47153556E-02
5.64544671E-02  8.00659637E+01  6.43680096E-02
5.68424703E-02  7.99464798E+01  6.40069097E-02
5.72304735E-02  7.99623032E+01  6.37307912E-02
5.76184767E-02  7.97538986E+01  6.33289292E-02
5.80064799E-02  7.96302032E+01  6.30132779E-02
5.83944831E-02  7.94407959E+01  6.26213104E-02
5.87824863E-02  7.93684006E+01  6.23079836E-02
5.91704895E-02  7.93271637E+01  6.20461181E-02
5.95584927E-02  7.92378082E+01  6.17393777E-02
5.99464960E-02  7.90564728E+01  6.13958761E-02
6.03344992E-02  7.89531403E+01  6.11041859E-02
6.07225024E-02  7.88656998E+01  6.08225055E-02
6.11105056E-02  7.86579971E+01  6.04777038E-02
6.14985088E-02  7.85891953E+01  6.02206513E-02
6.18865120E-02  7.85332489E+01  5.99854402E-02
6.22745152E-02  7.83404388E+01  5.96548319E-02
6.26625184E-02  7.83587341E+01  5.94554320E-02
6.30505216E-02  7.81615219E+01  5.91326430E-02
6.34385248E-02  7.81304169E+01  5.89054115E-02
6.38265281E-02  7.79602814E+01  5.86066917E-02
6.42145313E-02  7.77892532E+01  5.83328493E-02
6.46025345E-02  7.76986542E+01  5.81077449E-02
6.49905377E-02  7.75585327E+01  5.78221492E-02
6.53785409E-02  7.74834976E+01  5.75948469E-02
6.57665441E-02  7.74125366E+01  5.73455580E-02
6.61545473E-02  7.72857361E+01  5.70978895E-02
6.65425505E-02  7.70981369E+01  5.68457842E-02
6.69305537E-02  7.70051651E+01  5.65981194E-02
6.73185569E-02  7.68689346E+01  5.63768037E-02
6.77065602E-02  7.67389297E+01  5.61342053E-02
6.80945634E-02  7.65918350E+01  5.58855422E-02
6.84825666E-02  7.64829254E+01  5.56752011E-02
6.88705698E-02  7.62359848E+01  5.53723574E-02
6.92585730E-02  7.62178497E+01  5.52103221E-02
6.96465762E-02  7.60700836E+01  5.49515858E-02
7.00345794E-02  7.60776443E+01  5.48203588E-02
7.04225826E-02  7.57284927E+01  5.44834808E-02
7.08105858E-02  7.58258820E+01  5.43655977E-02
7.11985890E-02  7.56224670E+01  5.41115217E-02
7.15865923E-02  7.56189728E+01  5.39498143E-02
7.19745955E-02  7.54648895E+01  5.37160523E-02
7.23625987E-02  7.53791962E+01  5.35463877E-02
7.27506019E-02  7.52105103E+01  5.33186980E-02
7.31386051E-02  7.51491318E+01  5.31388447E-02
7.35266083E-02  7.50385666E+01  5.29137924E-02
7.39146115E-02  7.50065918E+01  5.27503714E-02
7.43026147E-02  7.49145813E+01  5.25656454E-02
7.46906179E-02  7.47668610E+01  5.23612089E-02
7.50786211E-02  7.45785294E+01  5.21464162E-02
7.54666244E-02  7.45348663E+01  5.19677289E-02
7.58546276E-02  7.44166412E+01  5.17743714E-02
7.62426308E-02  7.43171616E+01  5.15946373E-02
7.66306340E-02  7.42529144E+01  5.14225550E-02
7.70186372E-02  7.41732559E+01  5.12618832E-02
7.74066404E-02  7.41365585E+01  5.11101075E-02
7.77946436E-02  7.39577332E+01  5.08998558E-02
7.81826468E-02  7.38018341E+01  5.07004336E-02
7.85706500E-02  7.36460114E+01  5.05147874E-02
7.89586532E-02  7.35126190E+01  5.03277779E-02
7.93466565E-02  7.34934006E+01  5.01831360E-02
7.97346597E-02  7.33046799E+01  4.99873683E-02
8.01226629E-02  7.32235565E+01  4.98267785E-02
8.05106661E-02  7.31414337E+01  4.96604033E-02
8.08986693E-02  7.30548553E+01  4.94921692E-02
8.12866725E-02  7.29817581E+01  4.93289419E-02
8.16746757E-02  7.29329071E+01  4.92054820E-02
8.20626789E-02  7.27755508E+01  4.90181558E-02
8.24506821E-02  7.26733170E+01  4.88656908E-02
8.28386853E-02  7.26374283E+01  4.87426333E-02
8.32266886E-02  7.25055618E+01  4.85474654E-02
8.36146918E-02  7.24865646E+01  4.84270267E-02
8.40026950E-02  7.23837738E+01  4.82619144E-02
8.43906982E-02  7.23656540E+01  4.81334850E-02
8.47787014E-02  7.22587204E+01  4.79745716E-02
8.51667046E-02  7.21646576E+01  4.78273779E-02
8.55547078E-02  7.20397415E+01  4.76702899E-02
8.59427110E-02  7.19602051E+01  4.75221612E-02
8.63307142E-02  7.19094238E+01  4.73925136E-02
8.67187174E-02  7.17905731E+01  4.72473279E-02
8.71067207E-02  7.17133026E+01  4.71200012E-02
8.74947239E-02  7.16983643E+01  4.70105782E-02
8.78827271E-02  7.15763931E+01  4.68399525E-02
8.82707303E-02  7.15008087E+01  4.66984734E-02
8.86587335E-02  7.15150528E+01  4.65954915E-02
8.90467367E-02  7.14026489E+01  4.64533456E-02
8.94347399E-02  7.13468475E+01  4.63285372E-02
8.98227431E-02  7.12735291E+01  4.61856499E-02
9.02107463E-02  7.12688522E+01  4.60795686E-02
9.05987495E-02  7.12806854E+01  4.59679812E-02
9.09867528E-02  7.11550446E+01  4.58145291E-02
9.13747560E-02  7.10798416E+01  4.56894375E-02
9.17627592E-02  7.10302734E+01  4.55657169E-02
9.21507624E-02  7.10328827E+01  4.54760008E-02
9.25387656E-02  7.09185333E+01  4.53341231E-02
9.29267688E-02  7.08461838E+01  4.52101901E-02
9.33147720E-02  7.08878632E+01  4.51261178E-02
9.37027752E-02  7.08977203E+01  4.50300649E-02
9.40907784E-02  7.08605881E+01  4.51698825E-02
9.44787816E-02  7.08356018E+01  4.55777720E-02
9.48667849E-02  7.06477509E+01  4.59472872E-02
9.52547881E-02  7.05143967E+01  4.65858355E-02
9.56427913E-02  7.04354477E+01  4.69992831E-02
9.60307945E-02  7.04434814E+01  4.73494641E-02
9.64187977E-02  7.03767929E+01  4.76129875E-02
9.68068009E-02  7.02478485E+01  4.78301644E-02
9.71948041E-02  7.01862030E+01  4.77415547E-02
9.75828073E-02  7.02989502E+01  4.73852977E-02
9.79708105E-02  7.02662201E+01  4.69485000E-02
9.83588137E-02  7.01100540E+01  4.62281704E-02
9.87468170E-02  7.01585541E+01  4.58561070E-02
9.91348202E-02  7.01185074E+01  4.55285646E-02
9.95228234E-02  7.00666275E+01  4.52278703E-02
9.99108266E-02  7.00345535E+01  4.49346490E-02
1.00298830E-01  6.99972382E+01  4.46459614E-02
1.00686833E-01  7.00016708E+01  4.43941429E-02
1.01074836E-01  6.99876175E+01  4.41443808E-02
1.01462839E-01  6.98651276E+01  4.38665822E-02
1.01850843E-01  6.99086227E+01  4.36888933E-02
1.02238846E-01  6.98431244E+01  4.35096622E-02
1.02626849E-01  6.98269272E+01  4.33953926E-02
1.03014852E-01  6.98499908E+01  4.33398858E-02
1.03402855E-01  6.97733002E+01  4.32775803E-02
1.03790859E-01  6.98191147E+01  4.32594605E-02
1.04178862E-01  6.97797012E+01  4.31956612E-02
1.04566865E-01  6.97658234E+01  4.31059375E-02
1.04954868E-01  6.96954193E+01  4.29536328E-02
1.05342872E-01  6.96080170E+01  4.27767858E-02
1.05730875E-01  6.96100159E+01  4.25952449E-02
1.06118878E-01  6.96023026E+01  4.24290150E-02
1.06506881E-01  6.95413818E+01  4.22506928E-02
1.06894884E-01  6.95229492E+01  4.21068743E-02
1.07282888E-01  6.95622711E+01  4.20247503E-02
1.07670891E-01  6.95348816E+01  4.19381298E-02
1.08058894E-01  6.94619904E+01  4.18845154E-02
1.08446897E-01  6.94254303E+01  4.18447033E-02
1.08834900E-01  6.94388123E+01  4.18293700E-02
1.09222904E-01  6.94355164E+01  4.18167189E-02
1.09610907E-01  6.92876434E+01  4.17253561E-02
1.09998910E-01  6.93792953E+01  4.17193994E-02
1.10386913E-01  6.93332672E+01  4.16332111E-02
1.10774916E-01  6.93034134E+01  4.15544808E-02
1.11162920E-01  6.92889633E+01  4.14543375E-02
1.11550923E-01  6.93279266E+01  4.13785651E-02
1.11938926E-01  6.91684952E+01  4.12370116E-02
1.12326929E-01  6.91828613E+01  4.11701947E-02
1.12714933E-01  6.91192627E+01  4.10697050E-02
1.13102936E-01  6.90982437E+01  4.09754589E-02
1.13490939E-01  6.91682892E+01  4.09172922E-02
1.13878942E-01  6.91219635E+01  4.10573967E-02
1.14266945E-01  6.90891647E+01  4.14098389E-02
1.14654949E-01  6.89881439E+01  4.15427275E-02
1.15042952E-01  6.90025940E+01  4.16630134E-02
1.15430955E-01  6.90078430E+01  4.17581089E-02
1.15818958E-01  6.90393982E+01  4.18364853E-02
1.16206961E-01  6.89995422E+01  4.18602489E-02
1.16594965E-01  6.89851151E+01  4.18998227E-02
1.16982968E-01  6.89168930E+01  4.19150032E-02
1.17370971E-01  6.89113464E+01  4.19536829E-02
1.17758974E-01  6.89196014E+01  4.19766754E-02
1.18146977E-01  6.88589706E+01  4.19762321E-02
1.18534981E-01  6.88781586E+01  4.19977196E-02
1.18922984E-01  6.88255463E+01  4.19704057E-02
1.19310987E-01  6.88083572E+01  4.19907160E-02
1.19698990E-01  6.87514954E+01  4.19760719E-02
1.20086994E-01  6.87694244E+01  4.19872925E-02
1.20474997E-01  6.87200470E+01  4.19747792E-02
1.20863000E-01  6.87051010E+01  4.17102277E-02
1.21251003E-01  6.86516342E+01  4.12180535E-02
1.21639006E-01  6.87092285E+01  4.09730710E-02
1.22027010E-01  6.86375732E+01  4.07472812E-02
1.22415013E-01  6.86585693E+01  4.05878536E-02
1.22803016E-01  6.86677933E+01  4.04360965E-02
1.23191019E-01  6.86285324E+01  4.02896293E-02
1.23579022E-01  6.85363159E+01  4.01296988E-02
1.23967026E-01  6.85221863E+01  4.00103033E-02
1.24355029E-01  6.85307159E+01  3.99054065E-02
1.24743032E-01  6.85329208E+01  3.97975035E-02
1.25131035E-01  6.84468842E+01  3.96613181E-02
1.25519038E-01  6.84002686E+01  3.95426899E-02
1.25907042E-01  6.84077911E+01  3.94504443E-02
1.26295045E-01  6.83857269E+01  3.93620320E-02
1.26683048E-01  6.84720001E+01  3.95043753E-02
1.27071051E-01  6.84555740E+01  3.96656692E-02
1.27459054E-01  6.85074234E+01  3.97905521E-02
1.27847058E-01  6.84799805E+01  3.98633033E-02
1.28235061E-01  6.84961624E+01  3.99295017E-02
1.28623064E-01  6.84840012E+01  3.99660394E-02
1.29011067E-01  6.84883270E+01  4.00071479E-02
1.29399071E-01  6.84474945E+01  4.00184765E-02
1.29787074E-01  6.84538345E+01  4.00440767E-02
1.30175077E-01  6.84855957E+01  4.00633886E-02
1.30563080E-01  6.85289001E+01  4.00909409E-02
1.30951083E-01  6.84861603E+01  4.00848128E-02
1.31339087E-01  6.84852753E+01  4.01028171E-02
1.31727090E-01  6.85426254E+01  4.01402339E-02
1.32115093E-01  6.84373322E+01  4.00840938E-02
1.32503096E-01  6.83971786E+01  4.00670581E-02
1.32891099E-01  6.83643570E+01  4.00554352E-02
1.33279103E-01  6.83633270E+01  4.00389172E-02
1.33667106E-01  6.82109985E+01  3.97718251E-02
1.34055109E-01  6.81306915E+01  3.94591056E-02
1.34443112E-01  6.82207565E+01  3.92816141E-02
1.34831115E-01  6.81327438E+01  3.90819497E-02
1.35219119E-01  6.80513153E+01  3.89321297E-02
1.35607122E-01  6.79870834E+01  3.87804732E-02
1.35995125E-01  6.79189072E+01  3.86094190E-02
1.36383128E-01  6.79010162E+01  3.84838879E-02
1.36771132E-01  6.78777618E+01  3.83703373E-02
1.37159135E-01  6.77893829E+01  3.82340699E-02
1.37547138E-01  6.78569717E+01  3.81696932E-02
1.37935141E-01  6.77574310E+01  3.80372778E-02
1.38323144E-01  6.77097778E+01  3.79244424E-02
1.38711148E-01  6.77248383E+01  3.78420688E-02
1.39099151E-01  6.76056747E+01  3.77110168E-02
1.39487154E-01  6.75694733E+01  3.76177393E-02
1.39875157E-01  6.75241241E+01  3.75187583E-02
1.40263160E-01  6.75682220E+01  3.74447033E-02
1.40651164E-01  6.75661697E+01  3.73609960E-02
1.41039167E-01  6.75794830E+01  3.72926258E-02
1.41427170E-01  6.75766602E+01  3.72103378E-02
1.41815173E-01  6.75586853E+01  3.71305421E-02
1.42203176E-01  6.74822617E+01  3.70326415E-02
1.42591180E-01  6.74100037E+01  3.69415209E-02
1.42979183E-01  6.73846664E+01  3.68771926E-02
1.43367186E-01  6.72943573E+01  3.67922559E-02
1.43755189E-01  6.73013229E+01  3.67440656E-02
1.44143193E-01  6.73058701E+01  3.66753973E-02
1.44531196E-01  6.72879181E+01  3.65876406E-02
1.44919199E-01  6.72593231E+01  3.65079492E-02
1.45307202E-01  6.73013382E+01  3.64542119E-02
1.45695205E-01  6.71961365E+01  3.63517925E-02
1.46083209E-01  6.72026520E+01  3.62996086E-02
1.46471212E-01  6.71777802E+01  3.62293199E-02
1.46859215E-01  6.71988144E+01  3.61757502E-02
1.47247218E-01  6.71152267E+01  3.60837020E-02
1.47635221E-01  6.70551910E+01  3.60057764E-02
1.48023225E-01  6.70341492E+01  3.59205902E-02
1.48411228E-01  6.71279526E+01  3.58635075E-02
1.48799231E-01  6.70427170E+01  3.57447788E-02
1.49187234E-01  6.69722748E+01  3.56263593E-02
1.49575237E-01  6.69993057E+01  3.55433263E-02
1.49963241E-01  6.69702606E+01  3.54568064E-02
1.50351244E-01  6.69516830E+01  3.53867151E-02
1.50739247E-01  6.69300079E+01  3.53248566E-02
1.51127250E-01  6.68349915E+01  3.52402106E-02
1.51515254E-01  6.68452759E+01  3.51863354E-02
1.51903257E-01  6.68450165E+01  3.51277702E-02
1.52291260E-01  6.67653580E+01  3.50481644E-02
1.52679263E-01  6.67839203E+01  3.50065008E-02
1.53067266E-01  6.67632904E+01  3.49481255E-02
1.53455270E-01  6.67514191E+01  3.49034220E-02
1.53843273E-01  6.66792145E+01  3.48516069E-02
1.54231276E-01  6.66621552E+01  3.48311327E-02
1.54619279E-01  6.66585541E+01  3.48072574E-02
1.55007282E-01  6.66232910E+01  3.47736105E-02
1.55395286E-01  6.65697098E+01  3.47307250E-02
1.55783289E-01  6.65191879E+01  3.46682109E-02
1.56171292E-01  6.65663605E+01  3.46319489E-02
1.56559295E-01  6.64903412E+01  3.45523506E-02
1.56947298E-01  6.65335999E+01  3.45197991E-02
1.57335302E-01  6.64881821E+01  3.44569273E-02
1.57723305E-01  6.64315643E+01  3.43857706E-02
1.58111308E-01  6.64090729E+01  3.43120396E-02
1.58499311E-01  6.64415894E+01  3.42423953E-02
1.58887315E-01  6.64551620E+01  3.41646746E-02
1.59275318E-01  6.64205627E+01  3.40774804E-02
1.59663321E-01  6.64031372E+01  3.40018794E-02
1.60051324E-01  6.63467255E+01  3.39279249E-02
1.60439327E-01  6.62858047E+01  3.38655785E-02
1.60827331E-01  6.62649765E+01  3.38125266E-02
1.61215334E-01  6.62955322E+01  3.37690823E-02
1.61603337E-01  6.63231430E+01  3.37343961E-02
1.61991340E-01  6.61893692E+01  3.36509757E-02
1.62379343E-01  6.62258224E+01  3.36305313E-02
1.62767347E-01  6.61785126E+01  3.35723907E-02
1.63155350E-01  6.61159439E+01  3.34972367E-02
1.63543353E-01  6.61538391E+01  3.34756747E-02
1.63931356E-01  6.61305618E+01  3.34516354E-02
1.64319359E-01  6.60642166E+01  3.34032848E-02
1.64707363E-01  6.60646057E+01  3.33925486E-02
1.65095366E-01  6.60216141E+01  3.33557352E-02
1.65483369E-01  6.59956207E+01  3.33182216E-02
1.65871372E-01  6.59695129E+01  3.32766026E-02
1.66259376E-01  6.59135590E+01  3.32073681E-02
1.66647379E-01  6.59066315E+01  3.31650749E-02
1.67035382E-01  6.59462891E+01  3.31290066E-02
1.67423385E-01  6.59026947E+01  3.30695957E-02
1.67811388E-01  6.58673630E+01  3.30190808E-02
1.68199392E-01  6.58173294E+01  3.29544134E-02
1.68587395E-01  6.58645782E+01  3.29302736E-02
1.68975398E-01  6.58266830E+01  3.28754820E-02
1.69363401E-01  6.57945709E+01  3.28264311E-02
1.69751404E-01  6.57612762E+01  3.27770784E-02
1.70139408E-01  6.57194061E+01  3.27206403E-02
1.70527411E-01  6.57947845E+01  3.27022336E-02
1.70915414E-01  6.57589417E+01  3.26501206E-02
1.71303417E-01  6.56918182E+01  3.25935110E-02
1.71691420E-01  6.56789398E+01  3.25452313E-02
1.72079424E-01  6.56734467E+01  3.25092115E-02
1.72467427E-01  6.56292114E+01  3.24657112E-02
1.72855430E-01  6.55832825E+01  3.24103571E-02
1.73243433E-01  6.55068207E+01  3.23510133E-02
1.73631436E-01  6.55463562E+01  3.23230810E-02
1.74019440E-01  6.55849609E+01  3.22863646E-02
1.74407443E-01  6.55618820E+01  3.22368033E-02
1.74795446E-01  6.54964066E+01  3.21841761E-02
1.75183449E-01  6.54417343E+01  3.21304835E-02
1.75571453E-01  6.54824371E+01  3.21039408E-02
1.75959456E-01  6.54345322E+01  3.20472084E-02
1.76347459E-01  6.53862991E+01  3.19898650E-02
1.76735462E-01  6.54216232E+01  3.19694504E-02
1.77123465E-01  6.53941193E+01  3.19293216E-02
1.77511469E-01  6.53333054E+01  3.18715945E-02
1.77899472E-01  6.52837982E+01  3.18063274E-02
1.78287475E-01  6.52996292E+01  3.17696072E-02
1.78675478E-01  6.52819519E+01  3.17326114E-02
1.79063481E-01  6.51862411E+01  3.16649266E-02
1.79451485E-01  6.52321625E+01  3.16404775E-02
1.79839488E-01  6.52516937E+01  3.16037647E-02
1.80227491E-01  6.52139511E+01  3.15531529E-02
1.80615494E-01  6.51916962E+01  3.15108299E-02
1.81003497E-01  6.51363525E+01  3.14581916E-02
1.81391501E-01  6.51160278E+01  3.14106829E-02
1.81779504E-01  6.51309280E+01  3.13736498E-02
1.82167507E-01  6.51583939E+01  3.13494951E-02
1.82555510E-01  6.50902710E+01  3.12930122E-02
1.82943514E-01  6.50315552E+01  3.12455054E-02
1.83331517E-01  6.50322418E+01  3.12158465E-02
1.83719520E-01  6.49211426E+01  3.11376061E-02
1.84107523E-01  6.49210358E+01  3.11097410E-02
1.84495526E-01  6.49394379E+01  3.10704559E-02
1.84883530E-01  6.49416733E+01  3.10333334E-02
1.85271533E-01  6.49142151E+01  3.09931245E-02
1.85659536E-01  6.48677750E+01  3.09438352E-02
1.86047539E-01  6.48390045E+01  3.09073813E-02
1.86435542E-01  6.47973175E+01  3.08570210E-02
1.86823546E-01  6.48090668E+01  3.08344178E-02
1.87211549E-01  6.48007584E+01  3.07971649E-02
1.87599552E-01  6.47683640E+01  3.07519995E-02
1.87987555E-01  6.47445221E+01  3.07138301E-02
1.88375558E-01  6.47813110E+01  3.06916572E-02
1.88763562E-01  6.47199173E+01  3.06402892E-02
1.89151565E-01  6.46773605E+01  3.05982344E-02
1.89539568E-01  6.46649399E+01  3.05626485E-02
1.89927571E-01  6.46609650E+01  3.05298716E-02
1.90315575E-01  6.45899200E+01  3.04719005E-02
1.90703578E-01  6.46176300E+01  3.04500703E-02
1.91091581E-01  6.45554428E+01  3.03973015E-02
1.91479584E-01  6.45504608E+01  3.03637777E-02
1.91867587E-01  6.45455856E+01  3.03317700E-02
1.92255591E-01  6.44801102E+01  3.02754380E-02
1.92643594E-01  6.45339050E+01  3.02590393E-02
1.93031597E-01  6.45350189E+01  3.02233640E-02
1.93419600E-01  6.44903412E+01  3.01749967E-02
1.93807603E-01  6.44962311E+01  3.01496331E-02
1.94195607E-01  6.43844528E+01  3.00834533E-02
1.94583610E-01  6.44224472E+01  3.00609954E-02
1.94971613E-01  6.44071579E+01  3.00206691E-02
1.95359616E-01  6.44048920E+01  2.99897976E-02
1.95747619E-01  6.43292236E+01  2.99365260E-02
1.96135623E-01  6.43015900E+01  2.99659483E-02
1.96523626E-01  6.43209763E+01  3.01635899E-02
1.96911629E-01  6.42694321E+01  3.02723050E-02
1.97299632E-01  6.43215561E+01  3.03653777E-02
1.97687636E-01  6.42869110E+01  3.04161254E-02
1.98075639E-01  6.42051239E+01  3.04450393E-02
1.98463642E-01  6.42203827E+01  3.04926336E-02
1.98851645E-01  6.42051849E+01  3.05222422E-02
1.99239648E-01  6.41858063E+01  3.05539872E-02
1.99627652E-01  6.41801300E+01  3.05768009E-02
2.00015655E-01  6.41724472E+01  3.05965636E-02
2.00403658E-01  6.41252289E+01  3.06151304E-02
2.00791661E-01  6.41131134E+01  3.06309126E-02
2.01179664E-01  6.41271820E+01  3.06510180E-02
2.01567668E-01  6.40742340E+01  3.06523535E-02
2.01955671E-01  6.41314011E+01  3.06903236E-02
2.02343674E-01  6.41296387E+01  3.07090916E-02
2.02731677E-01  6.40783234E+01  3.06998082E-02
2.03119680E-01  6.40595322E+01  3.06201484E-02
2.03507684E-01  6.39755020E+01  3.03731114E-02
2.03895687E-01  6.39674149E+01  3.02328467E-02
2.04283690E-01  6.39817200E+01  3.01198401E-02
2.04671693E-01  6.39340820E+01  3.00096720E-02
2.05059697E-01  6.38836136E+01  2.99303494E-02
2.05447700E-01  6.38566360E+01  2.98571028E-02
2.05835703E-01  6.38715324E+01  2.97908299E-02
2.06223706E-01  6.38059464E+01  2.97095589E-02
2.06611709E-01  6.37687149E+01  2.96427906E-02
2.06999713E-01  6.37774582E+01  2.95934528E-02
2.07387716E-01  6.37392349E+01  2.95335613E-02
2.07775719E-01  6.37380753E+01  2.94856820E-02
2.08163722E-01  6.36917114E+01  2.94206087E-02
2.08551725E-01  6.37002258E+01  2.93791443E-02
2.08939729E-01  6.37089958E+01  2.94442363E-02
2.09327732E-01  6.36956863E+01  2.95644011E-02
2.09715735E-01  6.36978989E+01  2.96421088E-02
2.10103738E-01  6.37253914E+01  2.97058225E-02
2.10491741E-01  6.36903000E+01  2.97423508E-02
2.10879745E-01  6.36695786E+01  2.97769606E-02
2.11267748E-01  6.36984253E+01  2.98094843E-02
2.11655751E-01  6.37054367E+01  2.98322104E-02
2.12043754E-01  6.37014236E+01  2.98595876E-02
2.12431757E-01  6.36170425E+01  2.98530553E-02
2.12819761E-01  6.36500168E+01  2.98817363E-02
2.13207764E-01  6.36428642E+01  2.98935715E-02
2.13595767E-01  6.35716019E+01  2.98813134E-02
2.13983770E-01  6.36106453E+01  2.99077425E-02
2.14371774E-01  6.36095390E+01  2.99146138E-02
2.14759777E-01  6.35660210E+01  2.99063362E-02
2.15147780E-01  6.35523300E+01  2.99109276E-02
2.15535783E-01  6.35410385E+01  2.99166534E-02
2.15923786E-01  6.34628983E+01  2.97925323E-02
2.16311790E-01  6.33585396E+01  2.95883529E-02
2.16699793E-01  6.33591003E+01  2.94667073E-02
2.17087796E-01  6.33460808E+01  2.93625109E-02
2.17475799E-01  6.33818855E+01  2.92913206E-02
2.17863802E-01  6.33309021E+01  2.91937999E-02
2.18251806E-01  6.32903252E+01  2.90941186E-02
2.18639809E-01  6.32588615E+01  2.90050600E-02
2.19027812E-01  6.31863213E+01  2.89082881E-02
2.19415815E-01  6.31927261E+01  2.88427770E-02
2.19803818E-01  6.31844788E+01  2.87869461E-02
2.20191822E-01  6.30956345E+01  2.87148561E-02
2.20579825E-01  6.30686836E+01  2.86684744E-02
2.20967828E-01  6.30798759E+01  2.86245756E-02
2.21355831E-01  6.30600700E+01  2.85679884E-02
2.21743835E-01  6.30241165E+01  2.85174698E-02
2.22131838E-01  6.30144157E+01  2.84745507E-02
2.22519841E-01  6.29849930E+01  2.84239687E-02
2.22907844E-01  6.29616776E+01  2.83726305E-02
2.23295847E-01  6.29867172E+01  2.83395592E-02
2.23683851E-01  6.29055252E+01  2.82789655E-02
2.24071854E-01  6.28924141E+01  2.82501541E-02
2.24459857E-01  6.28537369E+01  2.82248445E-02
2.24847860E-01  6.28081436E+01  2.81950496E-02
2.25235863E-01  6.28771172E+01  2.81943977E-02
2.25623867E-01  6.28132553E+01  2.81477515E-02
2.26011870E-01  6.28087387E+01  2.81156041E-02
2.26399873E-01  6.27811394E+01  2.80727949E-02
2.26787876E-01  6.27409439E+01  2.80288905E-02
2.27175879E-01  6.27174301E+01  2.79867258E-02
2.27563883E-01  6.27182121E+01  2.79507395E-02
2.27951886E-01  6.26843643E+01  2.79110279E-02
2.28339889E-01  6.26466293E+01  2.78691538E-02
2.28727892E-01  6.26329041E+01  2.78357659E-02
2.29115896E-01  6.26097641E+01  2.77915299E-02
2.29503899E-01  6.26278687E+01  2.77472176E-02
2.29891902E-01  6.26234627E+01  2.76933406E-02
2.30279905E-01  6.25719414E+01  2.76306067E-02
2.30667908E-01  6.25177116E+01  2.75802873E-02
2.31055912E-01  6.25121231E+01  2.75524370E-02
2.31443915E-01  6.24738388E+01  2.75126062E-02
2.31831918E-01  6.25363045E+01  2.74967216E-02
2.32219921E-01  6.24772835E+01  2.74452362E-02
2.32607924E-01  6.24208374E+01  2.74006724E-02
2.32995928E-01  6.24029427E+01  2.73663346E-02
2.33383931E-01  6.23587532E+01  2.73290239E-02
2.33771934E-01  6.23293533E+01  2.72949226E-02
2.34159937E-01  6.22878342E+01  2.72531398E-02
2.34547940E-01  6.22795486E+01  2.72250585E-02
2.34935944E-01  6.22873039E+01  2.72029638E-02
2.35323947E-01  6.22692795E+01  2.71708220E-02
2.35711950E-01  6.22486267E+01  2.71456093E-02
2.36099953E-01  6.21949539E+01  2.71182768E-02
2.36487957E-01  6.22327156E+01  2.71248929E-02
2.36875960E-01  6.21960983E+01  2.70995554E-02
2.37263963E-01  6.21690979E+01  2.70758234E-02
2.37651966E-01  6.21279221E+01  2.70395130E-02
2.38039969E-01  6.21348572E+01  2.70097405E-02
2.38427973E-01  6.21287117E+01  2.69808024E-02
2.38815976E-01  6.20928955E+01  2.69447472E-02
2.39203979E-01  6.20766602E+01  2.69147810E-02
2.39591982E-01  6.20676155E+01  2.68880371E-02
2.39979985E-01  6.20287476E+01  2.68595368E-02
2.40367989E-01  6.20273056E+01  2.68299282E-02
2.40755992E-01  6.19697037E+01  2.67814752E-02
2.41143995E-01  6.19530334E+01  2.67526023E-02
2.41531998E-01  6.19458237E+01  2.67222077E-02
2.41920001E-01  6.19128914E+01  2.66918186E-02
2.42308005E-01  6.18841743E+01  2.66603343E-02
2.42696008E-01  6.19090271E+01  2.66401283E-02
2.43084011E-01  6.18663139E+01  2.66051684E-02
2.43472014E-01  6.18334846E+01  2.65734680E-02
2.43860018E-01  6.18258896E+01  2.65474077E-02
2.44248021E-01  6.18011665E+01  2.65135374E-02
2.44636024E-01  6.17913017E+01  2.64898427E-02
2.45024027E-01  6.17823792E+01  2.64645759E-02
2.45412030E-01  6.17750130E+01  2.64407136E-02
2.45800034E-01  6.17172012E+01  2.64083799E-02
2.46188037E-01  6.16915970E+01  2.63757315E-02
2.46576040E-01  6.16184311E+01  2.63257027E-02
2.46964043E-01  6.16256828E+01  2.63048373E-02
2.47352046E-01  6.16307182E+01  2.62781642E-02
2.47740050E-01  6.16050186E+01  2.62435190E-02
2.48128053E-01  6.15967026E+01  2.62195729E-02
2.48516056E-01  6.15741043E+01  2.61952039E-02
2.48904059E-01  6.15634079E+01  2.61715911E-02
2.49292062E-01  6.14981270E+01  2.61224173E-02
2.49680066E-01  6.15016861E+01  2.60992646E-02
2.50068069E-01  6.14993782E+01  2.60749459E-02
2.50456072E-01  6.14831047E+01  2.60485467E-02
2.50844075E-01  6.14782410E+01  2.60241181E-02
2.51232079E-01  6.14368057E+01  2.59897560E-02
2.51620082E-01  6.13612671E+01  2.59477999E-02
2.52008085E-01  6.13968887E+01  2.59297788E-02
2.52396088E-01  6.14256516E+01  2.59129908E-02
2.52784091E-01  6.14007759E+01  2.58841310E-02
2.53172095E-01  6.13400879E+01  2.58494355E-02
2.53560098E-01  6.12932053E+01  2.58164797E-02
2.53948101E-01  6.12655334E+01  2.57816054E-02
2.54336104E-01  6.12878532E+01  2.57647485E-02
2.54724107E-01  6.12562370E+01  2.57390682E-02
2.55112111E-01  6.12459717E+01  2.57257875E-02
2.55500114E-01  6.12256470E+01  2.56866813E-02
2.55888117E-01  6.12113838E+01  2.56513320E-02
2.56276120E-01  6.11753349E+01  2.56220549E-02
2.56664123E-01  6.11550674E+01  2.55946778E-02
2.57052127E-01  6.11554451E+01  2.55768485E-02
2.57440130E-01  6.10925369E+01  2.55366899E-02
2.57828133E-01  6.11210022E+01  2.55248304E-02
2.58216136E-01  6.10947685E+01  2.54997406E-02
2.58604139E-01  6.10754509E+01  2.54724622E-02
2.58992143E-01  6.10580635E+01  2.54422240E-02
2.59380146E-01  6.10535049E+01  2.54195295E-02
2.59768149E-01  6.10427666E+01  2.53984332E-02
2.60156152E-01  6.10168991E+01  2.53727622E-02
2.60544156E-01  6.09713326E+01  2.53399871E-02
2.60932159E-01  6.09725952E+01  2.53179315E-02
2.61320162E-01  6.09867249E+01  2.52992027E-02
2.61708165E-01  6.09430466E+01  2.52706166E-02
2.62096168E-01  6.09513664E+01  2.52609011E-02
2.62484172E-01  6.08760605E+01  2.52181944E-02
2.62872175E-01  6.08772469E+01  2.51940638E-02
2.63260178E-01  6.08523636E+01  2.51660142E-02
2.63648181E-01  6.08404655E+01  2.51452886E-02
2.64036184E-01  6.07937012E+01  2.51064301E-02
2.64424188E-01  6.08211861E+01  2.51024403E-02
2.64812191E-01  6.07566452E+01  2.50720773E-02
2.65200194E-01  6.07290955E+01  2.50380076E-02
2.65588197E-01  6.07239151E+01  2.50151195E-02
2.65976200E-01  6.06668587E+01  2.49763932E-02
2.66364204E-01  6.06588135E+01  2.49595586E-02
2.66752207E-01  6.06317062E+01  2.49352474E-02
2.67140210E-01  6.06304207E+01  2.49101557E-02
2.67528213E-01  6.06651077E+01  2.48993430E-02
2.67916217E-01  6.05904121E+01  2.48603839E-02
2.68304220E-01  6.06010437E+01  2.48469003E-02
2.68692223E-01  6.06216316E+01  2.48308238E-02
2.69080226E-01  6.05564690E+01  2.47937478E-02
2.69468229E-01  6.05112114E+01  2.47654077E-02
2.69856233E-01  6.05001945E+01  2.47415751E-02
2.70244236E-01  6.05223770E+01  2.47298293E-02
2.70632239E-01  6.04879341E+01  2.46984810E-02
2.71020242E-01  6.04553108E+01  2.46738028E-02
2.71408245E-01  6.04066772E+01  2.46432330E-02
2.71796249E-01  6.04103203E+01  2.46273614E-02
2.72184252E-01  6.03874893E+01  2.46036835E-02
2.72572255E-01  6.03881531E+01  2.45805476E-02
2.72960258E-01  6.03279839E+01  2.45453976E-02
2.73348261E-01  6.03406448E+01  2.45304033E-02
2.73736265E-01  6.03230591E+01  2.45076139E-02
2.74124268E-01  6.02811165E+01  2.44787242E-02
2.74512271E-01  6.02703171E+01  2.44610198E-02
2.74900274E-01  6.02506905E+01  2.44405884E-02
2.75288278E-01  6.02391968E+01  2.44164430E-02
2.75676281E-01  6.01884651E+01  2.43844949E-02
2.76064284E-01  6.01910477E+01  2.43722927E-02
2.76452287E-01  6.01494064E+01  2.43437458E-02
2.76840290E-01  6.01207085E+01  2.43147705E-02
2.77228294E-01  6.01045227E+01  2.42873598E-02
2.77616297E-01  6.01326485E+01  2.42797472E-02
2.78004300E-01  6.00438538E+01  2.42398456E-02
2.78392303E-01  6.00506096E+01  2.42743399E-02
2.78780306E-01  6.00499496E+01  2.44049393E-02
2.79168310E-01  6.00596237E+01  2.44932044E-02
2.79556313E-01  6.00316353E+01  2.45450214E-02
2.79944316E-01  6.00157166E+01  2.45840717E-02
2.80332319E-01  6.00133133E+01  2.46167630E-02
2.80720322E-01  5.99913940E+01  2.46437602E-02
2.81108326E-01  6.00236015E+01  2.46878229E-02
2.81496329E-01  5.99555168E+01  2.46904679E-02
2.81884332E-01  5.99264145E+01  2.47018430E-02
2.82272335E-01  5.99459534E+01  2.47244183E-02
2.82660339E-01  5.98749390E+01  2.47230418E-02
2.83048342E-01  5.98382568E+01  2.47350074E-02
2.83436345E-01  5.98798828E+01  2.47607585E-02
2.83824348E-01  5.98936272E+01  2.47838274E-02
2.84212351E-01  5.98212662E+01  2.47728880E-02
2.84600355E-01  5.98259964E+01  2.47812904E-02
2.84988358E-01  5.98048935E+01  2.47935839E-02
2.85376361E-01  5.97588310E+01  2.47409903E-02
2.85764364E-01  5.96967163E+01  2.45720427E-02
2.86152367E-01  5.97148056E+01  2.46069785E-02
2.86540371E-01  5.96283150E+01  2.46598534E-02
2.86928374E-01  5.95503044E+01  2.46796180E-02
2.87316377E-01  5.95653610E+01  2.48376392E-02
2.87704380E-01  5.95325241E+01  2.49678176E-02
2.88092383E-01  5.95691299E+01  2.50557214E-02
2.88480387E-01  5.95871773E+01  2.51174178E-02
2.88868390E-01  5.95622978E+01  2.51689050E-02
2.89256393E-01  5.94982719E+01  2.51872726E-02
2.89644396E-01  5.94905510E+01  2.52131280E-02
2.90032400E-01  5.94833374E+01  2.52394024E-02
2.90420403E-01  5.95198746E+01  2.52769236E-02
2.90808406E-01  5.95295715E+01  2.53067911E-02
2.91196409E-01  5.95075150E+01  2.54118834E-02
2.91584412E-01  5.94586411E+01  2.55750231E-02
2.91972416E-01  5.94940987E+01  2.57296562E-02
2.92360419E-01  5.94784660E+01  2.58514043E-02
2.92748422E-01  5.94753189E+01  2.59682424E-02
2.93136425E-01  5.94412003E+01  2.60624625E-02
2.93524428E-01  5.93972244E+01  2.61555817E-02
2.93912432E-01  5.93971367E+01  2.62437407E-02
2.94300435E-01  5.94290657E+01  2.63220258E-02
2.94688438E-01  5.94059525E+01  2.63856202E-02
2.95076441E-01  5.93492661E+01  2.64304616E-02
2.95464444E-01  5.93827934E+01  2.65188925E-02
2.95852448E-01  5.93655891E+01  2.65967902E-02
2.96240451E-01  5.93435249E+01  2.66655739E-02
2.96628454E-01  5.93356209E+01  2.67423280E-02
2.97016457E-01  5.93101692E+01  2.68049836E-02
2.97404460E-01  5.92752075E+01  2.68703140E-02
2.97792464E-01  5.92675972E+01  2.69412603E-02
2.98180467E-01  5.92854614E+01  2.70165205E-02
2.98568470E-01  5.92910690E+01  2.70853676E-02
2.98956473E-01  5.92762642E+01  2.71485783E-02
2.99344477E-01  5.92380981E+01  2.72145383E-02
2.99732480E-01  5.92799263E+01  2.72826608E-02
3.00120483E-01  5.92091370E+01  2.73206327E-02
3.00508486E-01  5.92310905E+01  2.73976978E-02
3.00896489E-01  5.91771431E+01  2.74626724E-02
3.01284493E-01  5.91382637E+01  2.75481548E-02
3.01672496E-01  5.91310654E+01  2.76260432E-02
3.02060499E-01  5.91203842E+01  2.76989248E-02
3.02448502E-01  5.90985107E+01  2.77457386E-02
3.02836505E-01  5.91129341E+01  2.78143175E-02
3.03224509E-01  5.90957642E+01  2.78809331E-02
3.03612512E-01  5.90738220E+01  2.79213190E-02
3.04000515E-01  5.90510635E+01  2.79720034E-02
3.04388518E-01  5.90388794E+01  2.80179493E-02
3.04776521E-01  5.90343437E+01  2.80727893E-02
3.05164525E-01  5.89923515E+01  2.81187631E-02
3.05552528E-01  5.89789658E+01  2.81769838E-02
3.05940531E-01  5.89764633E+01  2.82319486E-02
3.06328534E-01  5.89491501E+01  2.82532778E-02
3.06716538E-01  5.89541817E+01  2.82801092E-02
3.07104541E-01  5.89465523E+01  2.83082481E-02
3.07492544E-01  5.88922844E+01  2.83442698E-02
3.07880547E-01  5.89314384E+01  2.84124855E-02
3.08268550E-01  5.88764343E+01  2.84340028E-02
3.08656554E-01  5.87675896E+01  2.84387171E-02
3.09044557E-01  5.88046646E+01  2.84785535E-02
3.09432560E-01  5.88059998E+01  2.85022408E-02
3.09820563E-01  5.88350143E+01  2.85386294E-02
3.10208566E-01  5.87695694E+01  2.85423752E-02
3.10596570E-01  5.87472343E+01  2.85693370E-02
3.10984573E-01  5.87285767E+01  2.85970978E-02
3.11372576E-01  5.87086487E+01  2.86296401E-02
3.11760579E-01  5.86867180E+01  2.86655817E-02
3.12148582E-01  5.87664795E+01  2.87457313E-02
3.12536586E-01  5.86823616E+01  2.87694242E-02
3.12924589E-01  5.86842537E+01  2.88208462E-02
3.13312592E-01  5.86297493E+01  2.88325138E-02
3.13700595E-01  5.86482048E+01  2.88600139E-02
3.14088599E-01  5.86065063E+01  2.88773291E-02
3.14476602E-01  5.86041870E+01  2.88951732E-02
3.14864605E-01  5.86174850E+01  2.89228745E-02
3.15252608E-01  5.85421944E+01  2.89231874E-02
3.15640611E-01  5.85077438E+01  2.89353672E-02
3.16028615E-01  5.85038033E+01  2.89824456E-02
3.16416618E-01  5.84677925E+01  2.89941393E-02
3.16804621E-01  5.85171890E+01  2.90543623E-02
3.17192624E-01  5.84403458E+01  2.90897973E-02
3.17580627E-01  5.84386673E+01  2.91382484E-02
3.17968631E-01  5.84467163E+01  2.91753467E-02
3.18356634E-01  5.84329910E+01  2.92098522E-02
3.18744637E-01  5.83650589E+01  2.92392876E-02
3.19132640E-01  5.84074287E+01  2.92980261E-02
3.19520643E-01  5.83332825E+01  2.93180980E-02
3.19908647E-01  5.83237419E+01  2.93631107E-02
3.20296650E-01  5.83087540E+01  2.94024553E-02
3.20684653E-01  5.82755547E+01  2.94428077E-02
3.21072656E-01  5.82513351E+01  2.94763856E-02
3.21460660E-01  5.81978760E+01  2.95068678E-02
3.21848663E-01  5.82111588E+01  2.95561142E-02
3.22236666E-01  5.82353821E+01  2.96049863E-02
3.22624669E-01  5.82287674E+01  2.96505280E-02
3.23012672E-01  5.82280502E+01  2.96894219E-02
3.23400676E-01  5.81689377E+01  2.97227092E-02
3.23788679E-01  5.80940628E+01  2.97480561E-02
3.24176682E-01  5.80990906E+01  2.97914855E-02
3.24564685E-01  5.81027451E+01  2.98371818E-02
3.24952688E-01  5.80876389E+01  2.98763178E-02
3.25340692E-01  5.80547256E+01  2.99168490E-02
3.25728695E-01  5.81647110E+01  2.99992412E-02
3.26116698E-01  5.80813484E+01  3.00117247E-02
3.26504701E-01  5.80264206E+01  3.00319530E-02
3.26892704E-01  5.80555344E+01  3.00814807E-02
3.27280708E-01  5.80044365E+01  3.01165674E-02
3.27668711E-01  5.79642563E+01  3.01420204E-02
3.28056714E-01  5.80208321E+01  3.02066151E-02
3.28444717E-01  5.79967270E+01  3.02401334E-02
3.28832721E-01  5.80146675E+01  3.02919745E-02
3.29220724E-01  5.79531479E+01  3.03118192E-02
3.29608727E-01  5.78755417E+01  3.03297304E-02
3.29996730E-01  5.78586121E+01  3.03787254E-02
3.30384733E-01  5.78412590E+01  3.04182731E-02
3.30772737E-01  5.77837524E+01  3.04566324E-02
3.31160740E-01  5.77938957E+01  3.05060539E-02
3.31548743E-01  5.77980728E+01  3.05363480E-02
3.31936746E-01  5.78229370E+01  3.05796377E-02
3.32324749E-01  5.78563843E+01  3.06297988E-02
3.32712753E-01  5.77462654E+01  3.06435283E-02
3.33100756E-01  5.77563553E+01  3.06926668E-02
3.33488759E-01  5.77259598E+01  3.07200588E-02
3.33876762E-01  5.77148056E+01  3.07646282E-02
3.34264765E-01  5.76636467E+01  3.07851397E-02
3.34652769E-01  5.76441231E+01  3.08280792E-02
3.35040772E-01  5.76566772E+01  3.08686886E-02
3.35428775E-01  5.76252518E+01  3.09039801E-02
3.35816778E-01  5.76039009E+01  3.09432242E-02
3.36204781E-01  5.76090698E+01  3.09816245E-02
3.36592785E-01  5.75964546E+01  3.10240127E-02
3.36980788E-01  5.76158676E+01  3.10720298E-02
3.37368791E-01  5.75734062E+01  3.11062131E-02
3.37756794E-01  5.75477676E+01  3.11368741E-02
3.38144798E-01  5.74702377E+01  3.11533157E-02
3.38532801E-01  5.74933167E+01  3.12194731E-02
3.38920804E-01  5.74804382E+01  3.12462356E-02
3.39308807E-01  5.74461975E+01  3.12793106E-02
3.39696810E-01  5.74013977E+01  3.13057229E-02
3.40084814E-01  5.74694901E+01  3.13728899E-02
3.40472817E-01  5.74413681E+01  3.14173177E-02
3.40860820E-01  5.73994255E+01  3.14605646E-02
3.41248823E-01  5.74089355E+01  3.15066278E-02
3.41636826E-01  5.73097954E+01  3.14926840E-02
3.42024830E-01  5.73155632E+01  3.15509513E-02
3.42412833E-01  5.73083191E+01  3.15853693E-02
3.42800836E-01  5.73287888E+01  3.16197686E-02
3.43188839E-01  5.73328629E+01  3.16680893E-02
3.43576842E-01  5.72942085E+01  3.16935964E-02
3.43964846E-01  5.72421188E+01  3.17233130E-02
3.44352849E-01  5.72615166E+01  3.17765288E-02
3.44740852E-01  5.72682304E+01  3.18310745E-02
3.45128855E-01  5.72146797E+01  3.18474844E-02
3.45516859E-01  5.71972160E+01  3.18727866E-02
3.45904862E-01  5.71400871E+01  3.19058932E-02
3.46292865E-01  5.71091690E+01  3.19359340E-02
3.46680868E-01  5.71014709E+01  3.19742598E-02
3.47068871E-01  5.70943108E+01  3.19981389E-02
3.47456875E-01  5.70934448E+01  3.20211388E-02
3.47844878E-01  5.70511169E+01  3.20297442E-02
3.48232881E-01  5.70561523E+01  3.20527181E-02
3.48620884E-01  5.69962997E+01  3.20492163E-02
3.49008887E-01  5.70026245E+01  3.20524760E-02
3.49396891E-01  5.69396133E+01  3.20435390E-02
3.49784894E-01  5.69721565E+01  3.20789851E-02
3.50172897E-01  5.69558945E+01  3.20694149E-02
3.50560900E-01  5.69264030E+01  3.20771188E-02
3.50948903E-01  5.69034500E+01  3.20871100E-02
3.51336907E-01  5.69174728E+01  3.21187936E-02
3.51724910E-01  5.69213181E+01  3.21528055E-02
3.52112913E-01  5.69095345E+01  3.21907215E-02
3.52500916E-01  5.68923340E+01  3.22363451E-02
3.52888920E-01  5.68187447E+01  3.22444662E-02
3.53276923E-01  5.67518501E+01  3.22684050E-02
3.53664926E-01  5.68518066E+01  3.23457979E-02
3.54052929E-01  5.68440361E+01  3.23782898E-02
3.54440932E-01  5.67845955E+01  3.23888883E-02
3.54828936E-01  5.67513199E+01  3.23972665E-02
3.55216939E-01  5.67157707E+01  3.24065797E-02
3.55604942E-01  5.67240601E+01  3.24091129E-02
3.55992945E-01  5.67399902E+01  3.24344337E-02
3.56380948E-01  5.66537971E+01  3.24153490E-02
3.56768952E-01  5.66787415E+01  3.24400477E-02
3.57156955E-01  5.66469345E+01  3.24481130E-02
3.57544958E-01  5.66412735E+01  3.24435048E-02
3.57932961E-01  5.66290207E+01  3.24535146E-02
3.58320964E-01  5.65807991E+01  3.24503966E-02
3.58708968E-01  5.66255112E+01  3.24937478E-02
3.59096971E-01  5.65783615E+01  3.25125493E-02
3.59484974E-01  5.65004387E+01  3.25217098E-02
3.59872977E-01  5.65690231E+01  3.25980596E-02
3.60260981E-01  5.65050964E+01  3.26086283E-02
3.60648984E-01  5.64458542E+01  3.26510184E-02
3.61036987E-01  5.64153938E+01  3.29461358E-02
3.61424990E-01  5.65129204E+01  3.35014723E-02
3.61812993E-01  5.65362434E+01  3.38620991E-02
3.62200997E-01  5.64568291E+01  3.41272689E-02
3.62589000E-01  5.64816399E+01  3.43862064E-02
3.62977003E-01  5.64783211E+01  3.45820449E-02
3.63365006E-01  5.65118179E+01  3.48145775E-02
3.63753009E-01  5.64680977E+01  3.50085869E-02
3.64141013E-01  5.64651871E+01  3.52026857E-02
3.64529016E-01  5.64022217E+01  3.53776179E-02
3.64917019E-01  5.64357605E+01  3.55711952E-02
3.65305022E-01  5.64083328E+01  3.57547030E-02
3.65693025E-01  5.63501167E+01  3.59145105E-02
3.66081029E-01  5.63859024E+01  3.61037031E-02
3.66469032E-01  5.64506950E+01  3.63117456E-02
3.66857035E-01  5.64344978E+01  3.64719033E-02
3.67245038E-01  5.64176140E+01  3.66542377E-02
3.67633042E-01  5.64024773E+01  3.68134007E-02
3.68021045E-01  5.64536972E+01  3.70069668E-02
3.68409048E-01  5.63812981E+01  3.71530578E-02
3.68797051E-01  5.63404236E+01  3.73097584E-02
3.69185054E-01  5.62675247E+01  3.74668464E-02
3.69573058E-01  5.63090935E+01  3.76625694E-02
3.69961061E-01  5.62731743E+01  3.78330499E-02
3.70349064E-01  5.62538567E+01  3.79819199E-02
3.70737067E-01  5.62526245E+01  3.81373987E-02
3.71125070E-01  5.62587280E+01  3.83110195E-02
3.71513074E-01  5.62750931E+01  3.84762995E-02
3.71901077E-01  5.62349663E+01  3.86532471E-02
3.72289080E-01  5.61775742E+01  3.87951992E-02
3.72677083E-01  5.62019463E+01  3.89871262E-02
3.73065086E-01  5.62438164E+01  3.91776673E-02
3.73453090E-01  5.62111740E+01  3.92340831E-02
3.73841093E-01  5.61457291E+01  3.92965153E-02
3.74229096E-01  5.62268982E+01  3.94847654E-02
3.74617099E-01  5.61659050E+01  3.96347605E-02
3.75005103E-01  5.61085281E+01  3.97659317E-02
3.75393106E-01  5.60676346E+01  3.99165750E-02
3.75781109E-01  5.60464592E+01  4.00978737E-02
3.76169112E-01  5.60694160E+01  4.02709357E-02
3.76557115E-01  5.60785599E+01  4.04725894E-02
3.76945119E-01  5.60435677E+01  4.06239331E-02
3.77333122E-01  5.59938469E+01  4.07749265E-02
3.77721125E-01  5.60282211E+01  4.09840420E-02
3.78109128E-01  5.59360733E+01  4.11174372E-02
3.78497131E-01  5.59771957E+01  4.13362272E-02
3.78885135E-01  5.59666748E+01  4.15116921E-02
3.79273138E-01  5.58872070E+01  4.16838974E-02
3.79661141E-01  5.59558334E+01  4.18895110E-02
3.80049144E-01  5.58643913E+01  4.20157835E-02
3.80437147E-01  5.59858475E+01  4.22773324E-02
3.80825151E-01  5.58652229E+01  4.23867069E-02
3.81213154E-01  5.58588486E+01  4.26006094E-02
3.81601157E-01  5.58946037E+01  4.28009368E-02
3.81989160E-01  5.58966980E+01  4.30050343E-02
3.82377163E-01  5.58486137E+01  4.31862250E-02
3.82765167E-01  5.58075027E+01  4.33473252E-02
3.83153170E-01  5.58616447E+01  4.35951874E-02
3.83541173E-01  5.58701706E+01  4.37863097E-02
3.83929176E-01  5.58039055E+01  4.39763330E-02
3.84317180E-01  5.57194901E+01  4.41323109E-02
3.84705183E-01  5.57627983E+01  4.43594083E-02
3.85093186E-01  5.57627449E+01  4.45858985E-02
3.85481189E-01  5.58126030E+01  4.48033065E-02
3.85869192E-01  5.57068100E+01  4.49820943E-02
3.86257196E-01  5.57387581E+01  4.52120639E-02
3.86645199E-01  5.56912918E+01  4.54080403E-02
3.87033202E-01  5.56793213E+01  4.56275493E-02
3.87421205E-01  5.57629280E+01  4.58741896E-02
3.87809208E-01  5.56977425E+01  4.60907444E-02
3.88197212E-01  5.56636238E+01  4.62978333E-02
3.88585215E-01  5.55993538E+01  4.65024449E-02
3.88973218E-01  5.56189346E+01  4.67319265E-02
3.89361221E-01  5.56162605E+01  4.69683185E-02
3.89749224E-01  5.56169052E+01  4.72254939E-02
3.90137228E-01  5.56174393E+01  4.74541411E-02
3.90525231E-01  5.56253891E+01  4.77223694E-02
3.90913234E-01  5.55574760E+01  4.79102544E-02
3.91301237E-01  5.55204353E+01  4.81616594E-02
3.91689241E-01  5.55393143E+01  4.84192744E-02
3.92077244E-01  5.54640732E+01  4.86183465E-02
3.92465247E-01  5.54535942E+01  4.89119217E-02
3.92853250E-01  5.54182358E+01  4.91412953E-02
3.93241253E-01  5.54503593E+01  4.94373217E-02
3.93629257E-01  5.54671822E+01  4.96924482E-02
3.94017260E-01  5.54656067E+01  4.99796942E-02
3.94405263E-01  5.54192390E+01  5.02367616E-02
3.94793266E-01  5.54637032E+01  5.05216531E-02
3.95181269E-01  5.54843140E+01  5.08429892E-02
3.95569273E-01  5.54341736E+01  5.10894582E-02
3.95957276E-01  5.53854256E+01  5.13663106E-02
3.96345279E-01  5.54858284E+01  5.17146513E-02
3.96733282E-01  5.54591179E+01  5.19916229E-02
3.97121285E-01  5.53780327E+01  5.22740781E-02
3.97509289E-01  5.53266106E+01  5.25412187E-02
3.97897292E-01  5.53307724E+01  5.28767183E-02
3.98285295E-01  5.52800293E+01  5.31510599E-02
3.98673298E-01  5.53157234E+01  5.35007492E-02
3.99061302E-01  5.53684158E+01  5.38268201E-02
3.99449305E-01  5.53026657E+01  5.40199876E-02
3.99837308E-01  5.54728928E+01  5.43664321E-02
4.00225311E-01  5.53275261E+01  5.44496961E-02
4.00613314E-01  5.52291794E+01  5.46341464E-02
4.01001318E-01  5.52687874E+01  5.48528843E-02
4.01389321E-01  5.53492012E+01  5.50883524E-02
4.01777324E-01  5.53085136E+01  5.52780852E-02
4.02165327E-01  5.52395554E+01  5.54202273E-02
4.02553330E-01  5.53033752E+01  5.57027645E-02
4.02941334E-01  5.51915054E+01  5.58307245E-02
4.03329337E-01  5.51369743E+01  5.60250953E-02
4.03717340E-01  5.51764030E+01  5.62863946E-02
4.04105343E-01  5.51422539E+01  5.65224998E-02
4.04493346E-01  5.51816635E+01  5.68859763E-02
4.04881350E-01  5.51579056E+01  5.72271533E-02
4.05269353E-01  5.51145020E+01  5.76082468E-02
4.05657356E-01  5.50709457E+01  5.79734221E-02
4.06045359E-01  5.51285286E+01  5.84194064E-02
4.06433363E-01  5.51635017E+01  5.88687174E-02
4.06821366E-01  5.51648979E+01  5.92778102E-02
4.07209369E-01  5.51704788E+01  5.97110279E-02
4.07597372E-01  5.51221237E+01  6.01276159E-02
4.07985375E-01  5.50404472E+01  6.04738817E-02
4.08373379E-01  5.50127258E+01  6.08006641E-02
4.08761382E-01  5.50323563E+01  6.11380227E-02
4.09149385E-01  5.49678574E+01  6.13530688E-02
4.09537388E-01  5.50405807E+01  6.16616607E-02
4.09925391E-01  5.50014725E+01  6.18992671E-02
4.10313395E-01  5.49177933E+01  6.21212423E-02
4.10701398E-01  5.49908524E+01  6.24557808E-02
4.11089401E-01  5.49701424E+01  6.27027079E-02
4.11477404E-01  5.49756966E+01  6.29925579E-02
4.11865407E-01  5.48847046E+01  6.32121935E-02
4.12253411E-01  5.49650955E+01  6.35649860E-02
4.12641414E-01  5.48707390E+01  6.37931675E-02
4.13029417E-01  5.47443848E+01  6.40063211E-02
4.13417420E-01  5.47482071E+01  6.43087626E-02
4.13805424E-01  5.47027664E+01  6.45799786E-02
4.14193427E-01  5.47282944E+01  6.48933575E-02
4.14581430E-01  5.47317085E+01  6.52015209E-02
4.14969433E-01  5.46696281E+01  6.54404014E-02
4.15357436E-01  5.48081360E+01  6.58752471E-02
4.15745440E-01  5.46314774E+01  6.60638511E-02
4.16133443E-01  5.47091789E+01  6.64481372E-02
4.16521446E-01  5.47004395E+01  6.67537600E-02
4.16909449E-01  5.47257080E+01  6.71011508E-02
4.17297452E-01  5.47185783E+01  6.74283952E-02
4.17685456E-01  5.47084846E+01  6.77447617E-02
4.18073459E-01  5.46932297E+01  6.80974275E-02
4.18461462E-01  5.45919609E+01  6.83771297E-02
4.18849465E-01  5.45678024E+01  6.87022582E-02
4.19237468E-01  5.45819473E+01  6.90454096E-02
4.19625472E-01  5.46345100E+01  6.94541857E-02
4.20013475E-01  5.45321884E+01  6.97830394E-02
4.20401478E-01  5.44824753E+01  7.00872988E-02
4.20789481E-01  5.45349197E+01  7.05013499E-02
4.21177484E-01  5.44148064E+01  7.07964599E-02
4.21565488E-01  5.44160881E+01  7.11845234E-02
4.21953491E-01  5.44107780E+01  7.15820193E-02
4.22341494E-01  5.44721451E+01  7.20320046E-02
4.22729497E-01  5.44381485E+01  7.23773837E-02
4.23117501E-01  5.43689651E+01  7.27333426E-02
4.23505504E-01  5.42255173E+01  7.30440766E-02
4.23893507E-01  5.42178841E+01  7.34655112E-02
4.24281510E-01  5.42161064E+01  7.38901645E-02
4.24669513E-01  5.41543274E+01  7.42778480E-02
4.25057517E-01  5.42269173E+01  7.47842267E-02
4.25445520E-01  5.42256355E+01  7.52219707E-02
4.25833523E-01  5.43033066E+01  7.57424682E-02
4.26221526E-01  5.43906441E+01  7.62356892E-02
4.26609529E-01  5.43671570E+01  7.66983554E-02
4.26997533E-01  5.41501389E+01  7.70009235E-02
4.27385536E-01  5.41547356E+01  7.75174946E-02
4.27773539E-01  5.40124626E+01  7.78530017E-02
4.28161542E-01  5.40766716E+01  7.84227699E-02
4.28549545E-01  5.40878487E+01  7.89521858E-02
4.28937549E-01  5.39910202E+01  7.93714970E-02
4.29325552E-01  5.39944382E+01  7.99181089E-02
4.29713555E-01  5.40137024E+01  8.04764330E-02
4.30101558E-01  5.40370293E+01  8.10175762E-02


### HEADER:
#
#{
#    "Conc": "",
#    "analysis": {},
#    "calibration_params": {
#        "Beam_Center_X": 739.0457667593599,
#        "Beam_Center_Y": 749.1905114608388,
#        "Detector Tilt": 0.2562910903638858,
#        "Detector Tilt Plane Rotation": 132.57722223850126,
#        "Detector_X_Pixel_Size": 172.0,
#        "Detector_Y_Pixel_Size": 172.0,
#        "Integration Method": "full_csr",
#        "Radial_Average_Method": "pyFAI",
#        "Sample-to-detector distance (mm)": 2690.0,
#        "Wavelength (A)": 1.0332016536100022
#    },
#    "config_file": "C:\\Users\\biosaxs\\Desktop\\userdata\\cfg\\20231104.cfg",
#    "counters": {
#        "Code": "",
#        "Concentration_mg/ml": "",
#        "Description": "Ecoli_25",
#        "Exposure_time_s": "1.0",
#        "Run_Number": "3",
#        "SAXS_Position": "saxs",
#        "SR_Current": "210.58178737mA",
#        "Timestamp": "2023-11-05  22:19:35.320894",
#        "Transmitted_Beam": "0.821651450476",
#        "Wavelength_nm": "0.1033nm"
#    },
#    "filename": "A_Ecoli_25_0003_00020",
#    "history": {
#        "averaged_files": [
#            [
#                "Ecoli_25_0003_00020.tif"
#            ],
#            [
#                "Ecoli_25_0003_00019.tif"
#            ],
#            [
#                "Ecoli_25_0003_00018.tif"
#            ],
#            [
#                "Ecoli_25_0003_00017.tif"
#            ],
#            [
#                "Ecoli_25_0003_00016.tif"
#            ],
#            [
#                "Ecoli_25_0003_00015.tif"
#            ],
#            [
#                "Ecoli_25_0003_00014.tif"
#            ],
#            [
#                "Ecoli_25_0003_00013.tif"
#            ],
#            [
#                "Ecoli_25_0003_00012.tif"
#            ],
#            [
#                "Ecoli_25_0003_00011.tif"
#            ],
#            [
#                "Ecoli_25_0003_00010.tif"
#            ],
#            [
#                "Ecoli_25_0003_00009.tif"
#            ],
#            [
#                "Ecoli_25_0003_00008.tif"
#            ],
#            [
#                "Ecoli_25_0003_00007.tif"
#            ],
#            [
#                "Ecoli_25_0003_00006.tif"
#            ],
#            [
#                "Ecoli_25_0003_00005.tif"
#            ],
#            [
#                "Ecoli_25_0003_00004.tif"
#            ],
#            [
#                "Ecoli_25_0003_00003.tif"
#            ],
#            [
#                "Ecoli_25_0003_00002.tif"
#            ],
#            [
#                "Ecoli_25_0003_00001.tif"
#            ]
#        ]
#    },
#    "imageHeader": {
#        "Alpha": "0.0000 deg.",
#        "Angle_increment": "0.1000 deg.",
#        "Beam_xy": "(0.00, 0.00) pixels",
#        "Chi": "0.0000 deg.",
#        "Count_cutoff": "1157021 counts",
#        "Detector_2theta": "0.0000 deg.",
#        "Detector_Voffset": "0.00000 m",
#        "Detector_distance": "1.00000 m",
#        "Energy_range": "(0, 0) eV",
#        "Excluded_pixels": "badpix_mask.tif",
#        "Exposure_period": "1.1000000 s",
#        "Exposure_time": "1.0000000 s",
#        "Filter_transmission": "1.0000",
#        "Flat_field": "FF_p24-0163_E12000_T6000_vrf_m0p100.tif",
#        "Flux": "0.000000",
#        "Gain_setting": "autog (vrf = 1.000)",
#        "Image_path": "/public/Data/2023/202311/20231105/yongfeng/",
#        "Kappa": "0.0000 deg.",
#        "N_excluded_pixels": "61",
#        "N_oscillations": "1",
#        "Oscillation_axis": "X, CW",
#        "Phi": "0.0000 deg.",
#        "Pixel_size": "172e-6 m x 172e-6 m",
#        "Polarization": "0.990",
#        "Ratecorr_lut_directory": "ContinuousStandard_v1.1",
#        "Retrigger_mode": "1",
#        "Silicon": "sensor, thickness 0.000450",
#        "Tau": "0 s",
#        "Threshold_setting": "6000 eV",
#        "Trim_file": "p24-0163_E12000_T6000.bin",
#        "Wavelength (A)": "1.54000 A"
#    },
#    "normalizations": {
#        "Counter_norms": [
#            [
#                "/",
#                "Transmitted_Beam"
#            ]
#        ],
#        "Polarization": {
#            "Used": false
#        },
#        "Solid_Angle_Correction": "On"
#    },
#    "raw_version": "2.1.1"
#}

