### DATA:
#
# 1093
#      Q             I(Q)           Error     
6.40205297E-03  5.84624902E+03  1.04250288E+01
6.79005618E-03  5.14683252E+03  8.50143814E+00
7.17805939E-03  4.46613330E+03  7.13058710E+00
7.56606260E-03  3.76814453E+03  6.15656090E+00
7.95406581E-03  3.15162573E+03  5.50053978E+00
8.34206902E-03  2.64860986E+03  4.93634987E+00
8.73007223E-03  2.26119409E+03  4.42585325E+00
9.11807544E-03  1.95569373E+03  3.95428729E+00
9.50607865E-03  1.69641748E+03  3.54163909E+00
9.89408186E-03  1.48225562E+03  3.20393395E+00
1.02820851E-02  1.29523584E+03  2.90077353E+00
1.06700883E-02  1.14560266E+03  2.65315032E+00
1.10580915E-02  1.01654498E+03  2.43254828E+00
1.14460947E-02  9.03760925E+02  2.23414302E+00
1.18340979E-02  8.10980347E+02  2.06996703E+00
1.22221011E-02  7.29615234E+02  1.91932428E+00
1.26101043E-02  6.58698242E+02  1.78464568E+00
1.29981075E-02  5.99499634E+02  1.67067206E+00
1.33861107E-02  5.43858032E+02  1.55822504E+00
1.37741140E-02  5.00986877E+02  1.46910119E+00
1.41621172E-02  4.58536804E+02  1.37860763E+00
1.45501204E-02  4.23545807E+02  1.30292261E+00
1.49381236E-02  3.91190094E+02  1.23221505E+00
1.53261268E-02  3.62534393E+02  1.16763175E+00
1.57141300E-02  3.37368835E+02  1.10884392E+00
1.61021332E-02  3.15108246E+02  1.05516934E+00
1.64901364E-02  2.92865997E+02  1.00127625E+00
1.68781396E-02  2.74949585E+02  9.56878901E-01
1.72661428E-02  2.59907898E+02  9.18212473E-01
1.76541461E-02  2.45050308E+02  8.80071998E-01
1.80421493E-02  2.31291489E+02  8.42859507E-01
1.84301525E-02  2.20713455E+02  8.13780725E-01
1.88181557E-02  2.09044617E+02  7.82190502E-01
1.92061589E-02  1.98286606E+02  7.52067208E-01
1.95941621E-02  1.89017151E+02  7.25529134E-01
1.99821653E-02  1.82003586E+02  7.04220057E-01
2.03701685E-02  1.73912506E+02  6.80228591E-01
2.07581717E-02  1.66552719E+02  6.58741713E-01
2.11461749E-02  1.60358109E+02  6.39452517E-01
2.15341782E-02  1.54008987E+02  6.19816005E-01
2.19221814E-02  1.48653107E+02  6.02362394E-01
2.23101846E-02  1.44596878E+02  5.88223040E-01
2.26981878E-02  1.40192917E+02  5.73468328E-01
2.30861910E-02  1.35405243E+02  5.58466673E-01
2.34741942E-02  1.31845398E+02  5.45972228E-01
2.38621974E-02  1.29098877E+02  5.35204768E-01
2.42502006E-02  1.25223427E+02  5.22242546E-01
2.46382038E-02  1.21690933E+02  5.09955227E-01
2.50262070E-02  1.18901100E+02  4.99990582E-01
2.54142103E-02  1.15846764E+02  4.88993615E-01
2.58022135E-02  1.13241302E+02  4.79293913E-01
2.61902167E-02  1.11199326E+02  4.71229762E-01
2.65782199E-02  1.09595665E+02  4.63897258E-01
2.69662231E-02  1.06883347E+02  4.54078078E-01
2.73542263E-02  1.04009750E+02  4.44235116E-01
2.77422295E-02  1.02984520E+02  4.39216495E-01
2.81302327E-02  1.01319260E+02  4.31550652E-01
2.85182359E-02  9.96864243E+01  4.25306946E-01
2.89062391E-02  9.88992996E+01  4.20919091E-01
2.92942424E-02  9.72222519E+01  4.13536370E-01
2.96822456E-02  9.51943130E+01  4.06285405E-01
3.00702488E-02  9.38944702E+01  4.00447667E-01
3.04582520E-02  9.36898346E+01  3.97741199E-01
3.08462552E-02  9.22339172E+01  3.91251057E-01
3.12342584E-02  9.19903412E+01  3.88255388E-01
3.16222616E-02  9.10184860E+01  3.89476597E-01
3.20102648E-02  8.97378387E+01  3.90530676E-01
3.23982680E-02  8.86668854E+01  3.89451146E-01
3.27862712E-02  8.82921143E+01  3.89852852E-01
3.31742745E-02  8.69238281E+01  3.86248112E-01
3.35622777E-02  8.67774429E+01  3.86319578E-01
3.39502809E-02  8.55508804E+01  3.83186758E-01
3.43382841E-02  8.49521637E+01  3.81786913E-01
3.47262873E-02  8.48617554E+01  3.81095469E-01
3.51142905E-02  8.42648849E+01  3.79088759E-01
3.55022937E-02  8.37382889E+01  3.77197772E-01
3.58902969E-02  8.28384552E+01  3.74368578E-01
3.62783001E-02  8.20922241E+01  3.71930689E-01
3.66663033E-02  8.21826706E+01  3.71661395E-01
3.70543066E-02  8.11383514E+01  3.67783070E-01
3.74423098E-02  8.10590515E+01  3.67313057E-01
3.78303130E-02  8.03711166E+01  3.64366531E-01
3.82183162E-02  8.04211349E+01  3.63703191E-01
3.86063194E-02  8.01486053E+01  3.56606066E-01
3.89943226E-02  7.93871002E+01  3.47957015E-01
3.93823258E-02  7.92020798E+01  3.43222737E-01
3.97703290E-02  7.90984650E+01  3.39175850E-01
4.01583322E-02  7.87404709E+01  3.35062653E-01
4.05463354E-02  7.88123474E+01  3.32341135E-01
4.09343387E-02  7.80278778E+01  3.27717900E-01
4.13223419E-02  7.77796631E+01  3.25121075E-01
4.17103451E-02  7.75604858E+01  3.21856111E-01
4.20983483E-02  7.77877350E+01  3.20263445E-01
4.24863515E-02  7.73189087E+01  3.16949874E-01
4.28743547E-02  7.71759109E+01  3.14732432E-01
4.32623579E-02  7.66992950E+01  3.11543345E-01
4.36503611E-02  7.67397308E+01  3.10031414E-01
4.40383643E-02  7.66006470E+01  3.08050632E-01
4.44263675E-02  7.57602768E+01  3.04114431E-01
4.48143708E-02  7.57877579E+01  3.03056657E-01
4.52023740E-02  7.64130173E+01  3.04717660E-01
4.55903772E-02  7.59571838E+01  3.04196954E-01
4.59783804E-02  7.57344360E+01  3.04128319E-01
4.63663836E-02  7.59112396E+01  3.04265499E-01
4.67543868E-02  7.59408188E+01  3.04498732E-01
4.71423900E-02  7.55336304E+01  3.03344369E-01
4.75303932E-02  7.49736023E+01  3.01703215E-01
4.79183964E-02  7.51694717E+01  3.01957697E-01
4.83063996E-02  7.53780060E+01  3.01875919E-01
4.86944029E-02  7.53304138E+01  3.01260501E-01
4.90824061E-02  7.53926086E+01  3.01253051E-01
4.94704093E-02  7.49935837E+01  3.00048679E-01
4.98584125E-02  7.47794952E+01  2.99315125E-01
5.02464157E-02  7.45967941E+01  2.98042268E-01
5.06344189E-02  7.48154984E+01  2.98141241E-01
5.10224221E-02  7.43247375E+01  2.95871884E-01
5.14104253E-02  7.44475784E+01  2.93408096E-01
5.17984285E-02  7.38725815E+01  2.88287997E-01
5.21864318E-02  7.44902725E+01  2.86846399E-01
5.25744350E-02  7.43955460E+01  2.84550369E-01
5.29624382E-02  7.35350952E+01  2.80540198E-01
5.33504414E-02  7.31728821E+01  2.78016597E-01
5.37384446E-02  7.28233032E+01  2.75394768E-01
5.41264478E-02  7.30195923E+01  2.74332434E-01
5.45144510E-02  7.28687744E+01  2.72353321E-01
5.49024542E-02  7.32929916E+01  2.71706432E-01
5.52904574E-02  7.27304916E+01  2.68940270E-01
5.56784606E-02  7.25916138E+01  2.67410219E-01
5.60664639E-02  7.27746201E+01  2.66421020E-01
5.64544671E-02  7.23383026E+01  2.63979763E-01
5.68424703E-02  7.22821503E+01  2.62651652E-01
5.72304735E-02  7.20429001E+01  2.61103779E-01
5.76184767E-02  7.17228699E+01  2.59308547E-01
5.80064799E-02  7.19256821E+01  2.58495271E-01
5.83944831E-02  7.21595459E+01  2.57552743E-01
5.87824863E-02  7.24807281E+01  2.57197738E-01
5.91704895E-02  7.17276154E+01  2.54510760E-01
5.95584927E-02  7.16813889E+01  2.53313601E-01
5.99464960E-02  7.22174301E+01  2.53432840E-01
6.03344992E-02  7.19523010E+01  2.51874626E-01
6.07225024E-02  7.13900223E+01  2.49515221E-01
6.11105056E-02  7.14885559E+01  2.48964861E-01
6.14985088E-02  7.12913361E+01  2.47556403E-01
6.18865120E-02  7.14269791E+01  2.46973068E-01
6.22745152E-02  7.13846664E+01  2.45757207E-01
6.26625184E-02  7.15930328E+01  2.45296583E-01
6.30505216E-02  7.13236008E+01  2.43820667E-01
6.34385248E-02  7.13573074E+01  2.43003890E-01
6.38265281E-02  7.12349396E+01  2.41817176E-01
6.42145313E-02  7.15523911E+01  2.41567388E-01
6.46025345E-02  7.12583313E+01  2.40078866E-01
6.49905377E-02  7.04599991E+01  2.37572819E-01
6.53785409E-02  7.10046692E+01  2.38157734E-01
6.57665441E-02  7.06714249E+01  2.36510202E-01
6.61545473E-02  7.09845505E+01  2.36450896E-01
6.65425505E-02  7.06969604E+01  2.34877154E-01
6.69305537E-02  7.05899048E+01  2.33973935E-01
6.73185569E-02  7.04076691E+01  2.33059198E-01
6.77065602E-02  7.01160889E+01  2.31572717E-01
6.80945634E-02  7.06185989E+01  2.32020929E-01
6.84825666E-02  7.01532516E+01  2.30093151E-01
6.88705698E-02  7.01174469E+01  2.29101628E-01
6.92585730E-02  7.01625137E+01  2.28591412E-01
6.96465762E-02  6.94070969E+01  2.26414055E-01
7.00345794E-02  6.93526459E+01  2.25917220E-01
7.04225826E-02  6.94581070E+01  2.25429028E-01
7.08105858E-02  6.95839615E+01  2.25099832E-01
7.11985890E-02  6.90232697E+01  2.23081544E-01
7.15865923E-02  6.90212631E+01  2.22452641E-01
7.19745955E-02  6.89425049E+01  2.21654624E-01
7.23625987E-02  6.92003174E+01  2.21464366E-01
7.27506019E-02  6.90483322E+01  2.20481336E-01
7.31386051E-02  6.90963058E+01  2.20153674E-01
7.35266083E-02  6.86615753E+01  2.18525395E-01
7.39146115E-02  6.83448257E+01  2.17298120E-01
7.43026147E-02  6.85523529E+01  2.17165396E-01
7.46906179E-02  6.85574341E+01  2.16398939E-01
7.50786211E-02  6.83106689E+01  2.15352476E-01
7.54666244E-02  6.82701416E+01  2.14490041E-01
7.58546276E-02  6.88707275E+01  2.15050772E-01
7.62426308E-02  6.80931396E+01  2.12960467E-01
7.66306340E-02  6.80506363E+01  2.12552845E-01
7.70186372E-02  6.81754150E+01  2.12226063E-01
7.74066404E-02  6.79675751E+01  2.11232349E-01
7.77946436E-02  6.75808411E+01  2.09883183E-01
7.81826468E-02  6.76909561E+01  2.09657535E-01
7.85706500E-02  6.75841599E+01  2.08806545E-01
7.89586532E-02  6.77192078E+01  2.08538041E-01
7.93466565E-02  6.75323181E+01  2.07597330E-01
7.97346597E-02  6.70764999E+01  2.06184179E-01
8.01226629E-02  6.69220581E+01  2.05491364E-01
8.05106661E-02  6.73941650E+01  2.05983028E-01
8.08986693E-02  6.69850540E+01  2.04407245E-01
8.12866725E-02  6.72869949E+01  2.04510733E-01
8.16746757E-02  6.68640366E+01  2.03134999E-01
8.20626789E-02  6.70301743E+01  2.03129947E-01
8.24506821E-02  6.69268265E+01  2.02408984E-01
8.28386853E-02  6.68422089E+01  2.01763362E-01
8.32266886E-02  6.67043762E+01  2.01047510E-01
8.36146918E-02  6.69297485E+01  2.00948462E-01
8.40026950E-02  6.68911591E+01  2.00357586E-01
8.43906982E-02  6.62497253E+01  1.98755130E-01
8.47787014E-02  6.65046616E+01  1.98639765E-01
8.51667046E-02  6.65297318E+01  1.98171899E-01
8.55547078E-02  6.65069809E+01  1.97897136E-01
8.59427110E-02  6.61266251E+01  1.96641177E-01
8.63307142E-02  6.60865402E+01  1.96142226E-01
8.67187174E-02  6.61236267E+01  1.95728004E-01
8.71067207E-02  6.62094574E+01  1.95534930E-01
8.74947239E-02  6.59474182E+01  1.94670349E-01
8.78827271E-02  6.60337067E+01  1.94451332E-01
8.82707303E-02  6.59072266E+01  1.93624794E-01
8.86587335E-02  6.57762680E+01  1.92774534E-01
8.90467367E-02  6.62292633E+01  1.93252370E-01
8.94347399E-02  6.59643555E+01  1.92201123E-01
8.98227431E-02  6.58151474E+01  1.91616818E-01
9.02107463E-02  6.55247345E+01  1.90725461E-01
9.05987495E-02  6.56873474E+01  1.90543100E-01
9.09867528E-02  6.57891922E+01  1.90259412E-01
9.13747560E-02  6.54374313E+01  1.89134613E-01
9.17627592E-02  6.56372604E+01  1.89055726E-01
9.21507624E-02  6.58291092E+01  1.89024851E-01
9.25387656E-02  6.57387848E+01  1.88527614E-01
9.29267688E-02  6.53808823E+01  1.87272340E-01
9.33147720E-02  6.55436249E+01  1.87264875E-01
9.37027752E-02  6.51716843E+01  1.86380565E-01
9.40907784E-02  6.50991974E+01  1.86935410E-01
9.44787816E-02  6.53855743E+01  1.89042062E-01
9.48667849E-02  6.54969635E+01  1.91122964E-01
9.52547881E-02  6.51242599E+01  1.93244353E-01
9.56427913E-02  6.52011108E+01  1.95122272E-01
9.60307945E-02  6.53934784E+01  1.96919724E-01
9.64187977E-02  6.53367920E+01  1.98109850E-01
9.68068009E-02  6.52466125E+01  1.99029893E-01
9.71948041E-02  6.48606415E+01  1.98148578E-01
9.75828073E-02  6.48125229E+01  1.96358785E-01
9.79708105E-02  6.49976425E+01  1.94944307E-01
9.83588137E-02  6.49615936E+01  1.92140102E-01
9.87468170E-02  6.48586197E+01  1.90219507E-01
9.91348202E-02  6.49184418E+01  1.89001396E-01
9.95228234E-02  6.46203995E+01  1.87410012E-01
9.99108266E-02  6.44484329E+01  1.86111480E-01
1.00298830E-01  6.50520248E+01  1.85900882E-01
1.00686833E-01  6.50433426E+01  1.84739888E-01
1.01074836E-01  6.48300247E+01  1.83362558E-01
1.01462839E-01  6.48368530E+01  1.82508677E-01
1.01850843E-01  6.45777359E+01  1.81210697E-01
1.02238846E-01  6.43603897E+01  1.80151075E-01
1.02626849E-01  6.47291718E+01  1.80519000E-01
1.03014852E-01  6.43740845E+01  1.79558113E-01
1.03402855E-01  6.45726242E+01  1.79846793E-01
1.03790859E-01  6.45667877E+01  1.79524466E-01
1.04178862E-01  6.45494003E+01  1.79260418E-01
1.04566865E-01  6.43650665E+01  1.78774223E-01
1.04954868E-01  6.41537933E+01  1.77833244E-01
1.05342872E-01  6.45134201E+01  1.77843541E-01
1.05730875E-01  6.42864990E+01  1.76712438E-01
1.06118878E-01  6.45380554E+01  1.76376686E-01
1.06506881E-01  6.49374619E+01  1.76268905E-01
1.06894884E-01  6.45877151E+01  1.75119147E-01
1.07282888E-01  6.44346695E+01  1.74616560E-01
1.07670891E-01  6.43175888E+01  1.74133986E-01
1.08058894E-01  6.42701874E+01  1.73820376E-01
1.08446897E-01  6.43243027E+01  1.73834711E-01
1.08834900E-01  6.40845413E+01  1.73346296E-01
1.09222904E-01  6.42540207E+01  1.73705369E-01
1.09610907E-01  6.40613556E+01  1.73123509E-01
1.09998910E-01  6.42002258E+01  1.73212692E-01
1.10386913E-01  6.42444382E+01  1.73117682E-01
1.10774916E-01  6.42994843E+01  1.72760069E-01
1.11162920E-01  6.42638779E+01  1.72335953E-01
1.11550923E-01  6.42469788E+01  1.72007352E-01
1.11938926E-01  6.41213303E+01  1.71391994E-01
1.12326929E-01  6.43025360E+01  1.71313494E-01
1.12714933E-01  6.42319565E+01  1.70935944E-01
1.13102936E-01  6.40368881E+01  1.70306548E-01
1.13490939E-01  6.41665878E+01  1.70177817E-01
1.13878942E-01  6.41642151E+01  1.70892850E-01
1.14266945E-01  6.40876465E+01  1.72187045E-01
1.14654949E-01  6.37266769E+01  1.72338054E-01
1.15042952E-01  6.37393837E+01  1.72833577E-01
1.15430955E-01  6.41350174E+01  1.73853666E-01
1.15818958E-01  6.39232025E+01  1.73782885E-01
1.16206961E-01  6.37894936E+01  1.73801079E-01
1.16594965E-01  6.37172432E+01  1.73845530E-01
1.16982968E-01  6.37770615E+01  1.74068049E-01
1.17370971E-01  6.39624863E+01  1.74558520E-01
1.17758974E-01  6.38346405E+01  1.74441755E-01
1.18146977E-01  6.37768173E+01  1.74502015E-01
1.18534981E-01  6.38956299E+01  1.74567819E-01
1.18922984E-01  6.39764633E+01  1.74566969E-01
1.19310987E-01  6.40417709E+01  1.74808547E-01
1.19698990E-01  6.35878296E+01  1.74168110E-01
1.20086994E-01  6.34967117E+01  1.74162999E-01
1.20474997E-01  6.35707474E+01  1.74268991E-01
1.20863000E-01  6.35742607E+01  1.73153281E-01
1.21251003E-01  6.37080421E+01  1.71469241E-01
1.21639006E-01  6.35356827E+01  1.70130998E-01
1.22027010E-01  6.33587646E+01  1.68966502E-01
1.22415013E-01  6.35801163E+01  1.68580264E-01
1.22803016E-01  6.34478378E+01  1.67691827E-01
1.23191019E-01  6.33810081E+01  1.67032093E-01
1.23579022E-01  6.37555885E+01  1.67279378E-01
1.23967026E-01  6.35363541E+01  1.66336909E-01
1.24355029E-01  6.37579231E+01  1.66172653E-01
1.24743032E-01  6.35574188E+01  1.65469617E-01
1.25131035E-01  6.32017670E+01  1.64378360E-01
1.25519038E-01  6.34039612E+01  1.64247364E-01
1.25907042E-01  6.35408516E+01  1.64168090E-01
1.26295045E-01  6.34615021E+01  1.63748696E-01
1.26683048E-01  6.33174629E+01  1.63932875E-01
1.27071051E-01  6.35516930E+01  1.65016457E-01
1.27459054E-01  6.36036797E+01  1.65594384E-01
1.27847058E-01  6.33584976E+01  1.65555194E-01
1.28235061E-01  6.32387886E+01  1.65545225E-01
1.28623064E-01  6.34425125E+01  1.66133106E-01
1.29011067E-01  6.34361382E+01  1.66203231E-01
1.29399071E-01  6.34160347E+01  1.66246355E-01
1.29787074E-01  6.35683784E+01  1.66624263E-01
1.30175077E-01  6.36172256E+01  1.66733563E-01
1.30563080E-01  6.34093513E+01  1.66415423E-01
1.30951083E-01  6.36321411E+01  1.66773990E-01
1.31339087E-01  6.37632828E+01  1.67084455E-01
1.31727090E-01  6.35417175E+01  1.66784495E-01
1.32115093E-01  6.35311928E+01  1.66704342E-01
1.32503096E-01  6.35032806E+01  1.66639715E-01
1.32891099E-01  6.32505493E+01  1.66341946E-01
1.33279103E-01  6.30186844E+01  1.65852830E-01
1.33667106E-01  6.32346115E+01  1.65410116E-01
1.34055109E-01  6.30494385E+01  1.63853660E-01
1.34443112E-01  6.34024315E+01  1.63502514E-01
1.34831115E-01  6.30981979E+01  1.62275732E-01
1.35219119E-01  6.32573929E+01  1.62123635E-01
1.35607122E-01  6.31310577E+01  1.61340863E-01
1.35995125E-01  6.29743309E+01  1.60448432E-01
1.36383128E-01  6.30916176E+01  1.60189018E-01
1.36771132E-01  6.27511749E+01  1.59166351E-01
1.37159135E-01  6.28993645E+01  1.59026399E-01
1.37547138E-01  6.29356766E+01  1.58644155E-01
1.37935141E-01  6.27947731E+01  1.58125833E-01
1.38323144E-01  6.26303749E+01  1.57505110E-01
1.38711148E-01  6.29632988E+01  1.57618150E-01
1.39099151E-01  6.28221092E+01  1.56883240E-01
1.39487154E-01  6.29511452E+01  1.56748578E-01
1.39875157E-01  6.27846298E+01  1.56219065E-01
1.40263160E-01  6.28793640E+01  1.55978248E-01
1.40651164E-01  6.27275124E+01  1.55309513E-01
1.41039167E-01  6.26751785E+01  1.54953122E-01
1.41427170E-01  6.29631920E+01  1.55073524E-01
1.41815173E-01  6.26475258E+01  1.54323205E-01
1.42203176E-01  6.24876480E+01  1.53841808E-01
1.42591180E-01  6.24395752E+01  1.53474614E-01
1.42979183E-01  6.25328064E+01  1.53413042E-01
1.43367186E-01  6.25248795E+01  1.53116867E-01
1.43755189E-01  6.23488922E+01  1.52610928E-01
1.44143193E-01  6.25303421E+01  1.52549744E-01
1.44531196E-01  6.28467903E+01  1.52732417E-01
1.44919199E-01  6.24642792E+01  1.51795581E-01
1.45307202E-01  6.24927292E+01  1.51608497E-01
1.45695205E-01  6.23839912E+01  1.51283816E-01
1.46083209E-01  6.24266090E+01  1.50993243E-01
1.46471212E-01  6.24527779E+01  1.50737986E-01
1.46859215E-01  6.23524094E+01  1.50380149E-01
1.47247218E-01  6.25206108E+01  1.50286615E-01
1.47635221E-01  6.26833458E+01  1.50283560E-01
1.48023225E-01  6.23250732E+01  1.49482206E-01
1.48411228E-01  6.21452713E+01  1.48916781E-01
1.48799231E-01  6.21708069E+01  1.48623392E-01
1.49187234E-01  6.20323410E+01  1.47909373E-01
1.49575237E-01  6.19716682E+01  1.47564143E-01
1.49963241E-01  6.20912247E+01  1.47518232E-01
1.50351244E-01  6.20054398E+01  1.46980584E-01
1.50739247E-01  6.23036537E+01  1.47242844E-01
1.51127250E-01  6.21361732E+01  1.46654218E-01
1.51515254E-01  6.21066856E+01  1.46380439E-01
1.51903257E-01  6.20024796E+01  1.45976081E-01
1.52291260E-01  6.19694443E+01  1.45748809E-01
1.52679263E-01  6.20704651E+01  1.45717278E-01
1.53067266E-01  6.18683014E+01  1.45201787E-01
1.53455270E-01  6.20094376E+01  1.45263389E-01
1.53843273E-01  6.20907173E+01  1.45189509E-01
1.54231276E-01  6.19490166E+01  1.44907996E-01
1.54619279E-01  6.18725777E+01  1.44672811E-01
1.55007282E-01  6.21335678E+01  1.45100906E-01
1.55395286E-01  6.17461548E+01  1.44396380E-01
1.55783289E-01  6.17556000E+01  1.44304410E-01
1.56171292E-01  6.15358047E+01  1.43737838E-01
1.56559295E-01  6.16554337E+01  1.43700510E-01
1.56947298E-01  6.17847404E+01  1.43620357E-01
1.57335302E-01  6.16785774E+01  1.43296733E-01
1.57723305E-01  6.13727303E+01  1.42666250E-01
1.58111308E-01  6.17332191E+01  1.42880052E-01
1.58499311E-01  6.17267303E+01  1.42483845E-01
1.58887315E-01  6.15904007E+01  1.42010391E-01
1.59275318E-01  6.16218567E+01  1.41727269E-01
1.59663321E-01  6.16229401E+01  1.41410440E-01
1.60051324E-01  6.15756493E+01  1.41025588E-01
1.60439327E-01  6.18939438E+01  1.41293734E-01
1.60827331E-01  6.15029793E+01  1.40613049E-01
1.61215334E-01  6.15646019E+01  1.40521258E-01
1.61603337E-01  6.15881615E+01  1.40277147E-01
1.61991340E-01  6.14650383E+01  1.39962316E-01
1.62379343E-01  6.12821541E+01  1.39558345E-01
1.62767347E-01  6.12508888E+01  1.39337137E-01
1.63155350E-01  6.17111015E+01  1.39777362E-01
1.63543353E-01  6.15050201E+01  1.39283553E-01
1.63931356E-01  6.14516487E+01  1.39165670E-01
1.64319359E-01  6.13788300E+01  1.38921186E-01
1.64707363E-01  6.16356468E+01  1.39325246E-01
1.65095366E-01  6.14043541E+01  1.38767809E-01
1.65483369E-01  6.15138779E+01  1.38896808E-01
1.65871372E-01  6.13639755E+01  1.38508365E-01
1.66259376E-01  6.15302238E+01  1.38511389E-01
1.66647379E-01  6.14943619E+01  1.38366789E-01
1.67035382E-01  6.11937904E+01  1.37638286E-01
1.67423385E-01  6.13737755E+01  1.37814075E-01
1.67811388E-01  6.12040825E+01  1.37390018E-01
1.68199392E-01  6.13142967E+01  1.37353137E-01
1.68587395E-01  6.11077957E+01  1.36917979E-01
1.68975398E-01  6.12798347E+01  1.36906669E-01
1.69363401E-01  6.13501625E+01  1.36834368E-01
1.69751404E-01  6.11091576E+01  1.36311412E-01
1.70139408E-01  6.12213821E+01  1.36340663E-01
1.70527411E-01  6.08448715E+01  1.35717735E-01
1.70915414E-01  6.09026642E+01  1.35628521E-01
1.71303417E-01  6.12102509E+01  1.35849237E-01
1.71691420E-01  6.10442467E+01  1.35383978E-01
1.72079424E-01  6.10895691E+01  1.35410652E-01
1.72467427E-01  6.08873100E+01  1.34979337E-01
1.72855430E-01  6.09645996E+01  1.34800732E-01
1.73243433E-01  6.10486717E+01  1.34832352E-01
1.73631436E-01  6.10541611E+01  1.34648949E-01
1.74019440E-01  6.12491035E+01  1.34710789E-01
1.74407443E-01  6.10809746E+01  1.34374365E-01
1.74795446E-01  6.05430145E+01  1.33522153E-01
1.75183449E-01  6.05380478E+01  1.33409023E-01
1.75571453E-01  6.07591934E+01  1.33505344E-01
1.75959456E-01  6.07477455E+01  1.33307889E-01
1.76347459E-01  6.06213417E+01  1.32899538E-01
1.76735462E-01  6.07160339E+01  1.32946864E-01
1.77123465E-01  6.06635399E+01  1.32748157E-01
1.77511469E-01  6.07358742E+01  1.32657483E-01
1.77899472E-01  6.08789291E+01  1.32685959E-01
1.78287475E-01  6.08125954E+01  1.32418320E-01
1.78675478E-01  6.07108383E+01  1.32113844E-01
1.79063481E-01  6.05346489E+01  1.31661013E-01
1.79451485E-01  6.07212944E+01  1.31808713E-01
1.79839488E-01  6.06797867E+01  1.31563067E-01
1.80227491E-01  6.07104874E+01  1.31412864E-01
1.80615494E-01  6.06316719E+01  1.31185740E-01
1.81003497E-01  6.05937729E+01  1.31030366E-01
1.81391501E-01  6.04839554E+01  1.30688921E-01
1.81779504E-01  6.04956474E+01  1.30576089E-01
1.82167507E-01  6.02995834E+01  1.30132988E-01
1.82555510E-01  6.04617653E+01  1.30175546E-01
1.82943514E-01  6.05102043E+01  1.30072340E-01
1.83331517E-01  6.05008392E+01  1.29944995E-01
1.83719520E-01  6.04347687E+01  1.29718021E-01
1.84107523E-01  6.02862625E+01  1.29437536E-01
1.84495526E-01  6.02215538E+01  1.29156843E-01
1.84883530E-01  6.03843880E+01  1.29206374E-01
1.85271533E-01  6.03670120E+01  1.28975034E-01
1.85659536E-01  6.03940926E+01  1.28855079E-01
1.86047539E-01  6.03381233E+01  1.28683984E-01
1.86435542E-01  6.01844025E+01  1.28342927E-01
1.86823546E-01  6.00802498E+01  1.28141686E-01
1.87211549E-01  6.01003265E+01  1.28009140E-01
1.87599552E-01  6.02506180E+01  1.28045410E-01
1.87987555E-01  6.01468163E+01  1.27763838E-01
1.88375558E-01  6.03351097E+01  1.27919689E-01
1.88763562E-01  6.03438072E+01  1.27740428E-01
1.89151565E-01  6.01586113E+01  1.27394915E-01
1.89539568E-01  6.01616821E+01  1.27290606E-01
1.89927571E-01  6.02509460E+01  1.27201274E-01
1.90315575E-01  6.01289825E+01  1.26877442E-01
1.90703578E-01  6.01368828E+01  1.26795694E-01
1.91091581E-01  5.99004593E+01  1.26370966E-01
1.91479584E-01  5.99976463E+01  1.26443684E-01
1.91867587E-01  5.97233925E+01  1.25887603E-01
1.92255591E-01  5.96423492E+01  1.25703737E-01
1.92643594E-01  5.97746201E+01  1.25722229E-01
1.93031597E-01  5.98083344E+01  1.25517607E-01
1.93419600E-01  5.98908577E+01  1.25533029E-01
1.93807603E-01  5.97953949E+01  1.25255212E-01
1.94195607E-01  5.97864761E+01  1.25089005E-01
1.94583610E-01  5.98015099E+01  1.25006750E-01
1.94971613E-01  5.98048668E+01  1.24898665E-01
1.95359616E-01  5.98131599E+01  1.24720477E-01
1.95747619E-01  6.00403328E+01  1.24860033E-01
1.96135623E-01  5.98379707E+01  1.24793038E-01
1.96523626E-01  5.97074699E+01  1.25475869E-01
1.96911629E-01  5.97183685E+01  1.25976920E-01
1.97299632E-01  5.97010193E+01  1.26244083E-01
1.97687636E-01  5.98334007E+01  1.26679540E-01
1.98075639E-01  5.95956345E+01  1.26571119E-01
1.98463642E-01  5.95670471E+01  1.26745045E-01
1.98851645E-01  5.97802658E+01  1.27146378E-01
1.99239648E-01  5.97732658E+01  1.27246127E-01
1.99627652E-01  5.95852432E+01  1.27183259E-01
2.00015655E-01  5.95665092E+01  1.27240673E-01
2.00403658E-01  5.96438560E+01  1.27409920E-01
2.00791661E-01  5.96572304E+01  1.27570644E-01
2.01179664E-01  5.95966225E+01  1.27559692E-01
2.01567668E-01  5.94856949E+01  1.27427578E-01
2.01955671E-01  5.94427681E+01  1.27517372E-01
2.02343674E-01  5.92152596E+01  1.27307385E-01
2.02731677E-01  5.94025078E+01  1.27610222E-01
2.03119680E-01  5.93137627E+01  1.27146587E-01
2.03507684E-01  5.93768692E+01  1.26313254E-01
2.03895687E-01  5.94041176E+01  1.25776872E-01
2.04283690E-01  5.93770714E+01  1.25259548E-01
2.04671693E-01  5.93167763E+01  1.24768779E-01
2.05059697E-01  5.95286369E+01  1.24793217E-01
2.05447700E-01  5.91618080E+01  1.24021523E-01
2.05835703E-01  5.92596207E+01  1.23870119E-01
2.06223706E-01  5.92606621E+01  1.23566270E-01
2.06611709E-01  5.93085136E+01  1.23411857E-01
2.06999713E-01  5.93398590E+01  1.23213217E-01
2.07387716E-01  5.91729622E+01  1.22831628E-01
2.07775719E-01  5.93182983E+01  1.22838289E-01
2.08163722E-01  5.92735176E+01  1.22480407E-01
2.08551725E-01  5.91544266E+01  1.22176610E-01
2.08939729E-01  5.90610313E+01  1.22297853E-01
2.09327732E-01  5.91609688E+01  1.22964665E-01
2.09715735E-01  5.91771927E+01  1.23299062E-01
2.10103738E-01  5.94791298E+01  1.23963051E-01
2.10491741E-01  5.92004852E+01  1.23735115E-01
2.10879745E-01  5.91231270E+01  1.23850837E-01
2.11267748E-01  5.91212044E+01  1.24014117E-01
2.11655751E-01  5.91036911E+01  1.24046303E-01
2.12043754E-01  5.88606987E+01  1.23800009E-01
2.12431757E-01  5.90384750E+01  1.24112830E-01
2.12819761E-01  5.90214806E+01  1.24208570E-01
2.13207764E-01  5.90438271E+01  1.24304347E-01
2.13595767E-01  5.91148911E+01  1.24412216E-01
2.13983770E-01  5.90163803E+01  1.24353185E-01
2.14371774E-01  5.89312820E+01  1.24256872E-01
2.14759777E-01  5.89506645E+01  1.24317661E-01
2.15147780E-01  5.88958244E+01  1.24278232E-01
2.15535783E-01  5.88531761E+01  1.24237888E-01
2.15923786E-01  5.91203194E+01  1.24167077E-01
2.16311790E-01  5.89439621E+01  1.23229086E-01
2.16699793E-01  5.88345718E+01  1.22596666E-01
2.17087796E-01  5.85508385E+01  1.21778734E-01
2.17475799E-01  5.89232063E+01  1.21984027E-01
2.17863802E-01  5.89210396E+01  1.21562585E-01
2.18251806E-01  5.87784615E+01  1.21027581E-01
2.18639809E-01  5.87051239E+01  1.20608516E-01
2.19027812E-01  5.89505882E+01  1.20568678E-01
2.19415815E-01  5.87968102E+01  1.20121971E-01
2.19803818E-01  5.84101830E+01  1.19484827E-01
2.20191822E-01  5.86790237E+01  1.19595796E-01
2.20579825E-01  5.86693573E+01  1.19316429E-01
2.20967828E-01  5.86819649E+01  1.19168885E-01
2.21355831E-01  5.84736710E+01  1.18718162E-01
2.21743835E-01  5.84356689E+01  1.18492804E-01
2.22131838E-01  5.85169983E+01  1.18414029E-01
2.22519841E-01  5.85369987E+01  1.18285418E-01
2.22907844E-01  5.87432098E+01  1.18360564E-01
2.23295847E-01  5.84189034E+01  1.17786780E-01
2.23683851E-01  5.82729607E+01  1.17514007E-01
2.24071854E-01  5.85064125E+01  1.17697418E-01
2.24459857E-01  5.83048210E+01  1.17287569E-01
2.24847860E-01  5.83370934E+01  1.17339432E-01
2.25235863E-01  5.82606354E+01  1.17184311E-01
2.25623867E-01  5.83283653E+01  1.17138781E-01
2.26011870E-01  5.83306923E+01  1.16947964E-01
2.26399873E-01  5.83650703E+01  1.16827667E-01
2.26787876E-01  5.83233337E+01  1.16656758E-01
2.27175879E-01  5.82326775E+01  1.16396591E-01
2.27563883E-01  5.82970009E+01  1.16331480E-01
2.27951886E-01  5.83636742E+01  1.16278760E-01
2.28339889E-01  5.82227592E+01  1.15965299E-01
2.28727892E-01  5.81814919E+01  1.15811512E-01
2.29115896E-01  5.80311012E+01  1.15540549E-01
2.29503899E-01  5.78720360E+01  1.15142591E-01
2.29891902E-01  5.78246994E+01  1.14879966E-01
2.30279905E-01  5.78742409E+01  1.14698932E-01
2.30667908E-01  5.82584610E+01  1.14986859E-01
2.31055912E-01  5.80459404E+01  1.14573345E-01
2.31443915E-01  5.79991798E+01  1.14441238E-01
2.31831918E-01  5.79962730E+01  1.14319205E-01
2.32219921E-01  5.78015594E+01  1.13914005E-01
2.32607924E-01  5.79290314E+01  1.13996722E-01
2.32995928E-01  5.78617401E+01  1.13710187E-01
2.33383931E-01  5.78487892E+01  1.13582052E-01
2.33771934E-01  5.79276695E+01  1.13636136E-01
2.34159937E-01  5.77839241E+01  1.13277681E-01
2.34547940E-01  5.77867737E+01  1.13215677E-01
2.34935944E-01  5.77919350E+01  1.13098077E-01
2.35323947E-01  5.78280640E+01  1.13028385E-01
2.35711950E-01  5.77291031E+01  1.12838015E-01
2.36099953E-01  5.78786659E+01  1.12974927E-01
2.36487957E-01  5.76325188E+01  1.12654619E-01
2.36875960E-01  5.77141685E+01  1.12729706E-01
2.37263963E-01  5.76561432E+01  1.12532072E-01
2.37651966E-01  5.77603302E+01  1.12528332E-01
2.38039969E-01  5.79187851E+01  1.12605877E-01
2.38427973E-01  5.76671791E+01  1.12165831E-01
2.38815976E-01  5.78356476E+01  1.12289160E-01
2.39203979E-01  5.77992020E+01  1.12094641E-01
2.39591982E-01  5.77324944E+01  1.11924686E-01
2.39979985E-01  5.77848434E+01  1.11914426E-01
2.40367989E-01  5.76744347E+01  1.11649863E-01
2.40755992E-01  5.75814247E+01  1.11473538E-01
2.41143995E-01  5.74294968E+01  1.11210085E-01
2.41531998E-01  5.75846443E+01  1.11260802E-01
2.41920001E-01  5.75201874E+01  1.10998251E-01
2.42308005E-01  5.75722351E+01  1.11018598E-01
2.42696008E-01  5.73466225E+01  1.10603690E-01
2.43084011E-01  5.76196404E+01  1.10867746E-01
2.43472014E-01  5.75457153E+01  1.10650040E-01
2.43860018E-01  5.72819176E+01  1.10257633E-01
2.44248021E-01  5.73686867E+01  1.10272102E-01
2.44636024E-01  5.76118851E+01  1.10452682E-01
2.45024027E-01  5.74758453E+01  1.10194050E-01
2.45412030E-01  5.74143600E+01  1.10002160E-01
2.45800034E-01  5.75778847E+01  1.10078782E-01
2.46188037E-01  5.74782715E+01  1.09864227E-01
2.46576040E-01  5.72711449E+01  1.09528922E-01
2.46964043E-01  5.72134552E+01  1.09433405E-01
2.47352046E-01  5.70418129E+01  1.09110214E-01
2.47740050E-01  5.73076248E+01  1.09279923E-01
2.48128053E-01  5.74213562E+01  1.09307081E-01
2.48516056E-01  5.70585556E+01  1.08823508E-01
2.48904059E-01  5.71661415E+01  1.08890332E-01
2.49292062E-01  5.70718536E+01  1.08610883E-01
2.49680066E-01  5.69418793E+01  1.08363472E-01
2.50068069E-01  5.69537811E+01  1.08303137E-01
2.50456072E-01  5.71229668E+01  1.08482882E-01
2.50844075E-01  5.70217781E+01  1.08202383E-01
2.51232079E-01  5.69662552E+01  1.08023264E-01
2.51620082E-01  5.70325089E+01  1.08005449E-01
2.52008085E-01  5.70001907E+01  1.07832484E-01
2.52396088E-01  5.69520416E+01  1.07655436E-01
2.52784091E-01  5.69500237E+01  1.07581161E-01
2.53172095E-01  5.70629311E+01  1.07617363E-01
2.53560098E-01  5.71076775E+01  1.07569322E-01
2.53948101E-01  5.68943329E+01  1.07226714E-01
2.54336104E-01  5.69346008E+01  1.07141152E-01
2.54724107E-01  5.69199638E+01  1.07090354E-01
2.55112111E-01  5.68249435E+01  1.06953822E-01
2.55500114E-01  5.69010506E+01  1.06896967E-01
2.55888117E-01  5.69277077E+01  1.06785953E-01
2.56276120E-01  5.68899879E+01  1.06650084E-01
2.56664123E-01  5.69128952E+01  1.06634326E-01
2.57052127E-01  5.67128220E+01  1.06334701E-01
2.57440130E-01  5.66462898E+01  1.06144153E-01
2.57828133E-01  5.68987427E+01  1.06363386E-01
2.58216136E-01  5.65776405E+01  1.05900839E-01
2.58604139E-01  5.65299149E+01  1.05772786E-01
2.58992143E-01  5.67497292E+01  1.05884045E-01
2.59380146E-01  5.67584000E+01  1.05814986E-01
2.59768149E-01  5.66524353E+01  1.05606876E-01
2.60156152E-01  5.66868515E+01  1.05585493E-01
2.60544156E-01  5.65053368E+01  1.05288215E-01
2.60932159E-01  5.64919395E+01  1.05165891E-01
2.61320162E-01  5.65042267E+01  1.05160147E-01
2.61708165E-01  5.63965797E+01  1.04975931E-01
2.62096168E-01  5.64847641E+01  1.04943976E-01
2.62484172E-01  5.63112984E+01  1.04623094E-01
2.62872175E-01  5.62927284E+01  1.04542732E-01
2.63260178E-01  5.65335808E+01  1.04710042E-01
2.63648181E-01  5.65176201E+01  1.04606740E-01
2.64036184E-01  5.63848877E+01  1.04396753E-01
2.64424188E-01  5.63969574E+01  1.04361728E-01
2.64812191E-01  5.63690262E+01  1.04235910E-01
2.65200194E-01  5.64205818E+01  1.04182899E-01
2.65588197E-01  5.64063683E+01  1.04085498E-01
2.65976200E-01  5.63971062E+01  1.03953704E-01
2.66364204E-01  5.64324837E+01  1.03944555E-01
2.66752207E-01  5.62831039E+01  1.03675045E-01
2.67140210E-01  5.64848557E+01  1.03808030E-01
2.67528213E-01  5.63368492E+01  1.03576921E-01
2.67916217E-01  5.62582855E+01  1.03436694E-01
2.68304220E-01  5.61885262E+01  1.03295386E-01
2.68692223E-01  5.60754166E+01  1.03122368E-01
2.69080226E-01  5.59551506E+01  1.02865264E-01
2.69468229E-01  5.60367088E+01  1.02825910E-01
2.69856233E-01  5.63662109E+01  1.03142865E-01
2.70244236E-01  5.61717377E+01  1.02860734E-01
2.70632239E-01  5.61433372E+01  1.02702551E-01
2.71020242E-01  5.62779274E+01  1.02747627E-01
2.71408245E-01  5.60149918E+01  1.02397323E-01
2.71796249E-01  5.62107773E+01  1.02581680E-01
2.72184252E-01  5.61833496E+01  1.02454342E-01
2.72572255E-01  5.60424843E+01  1.02195106E-01
2.72960258E-01  5.58845558E+01  1.01973683E-01
2.73348261E-01  5.60610962E+01  1.02124766E-01
2.73736265E-01  5.59102783E+01  1.01824827E-01
2.74124268E-01  5.59247169E+01  1.01782396E-01
2.74512271E-01  5.59880638E+01  1.01778254E-01
2.74900274E-01  5.58822937E+01  1.01595812E-01
2.75288278E-01  5.59984398E+01  1.01632275E-01
2.75676281E-01  5.59452934E+01  1.01465397E-01
2.76064284E-01  5.59106178E+01  1.01393573E-01
2.76452287E-01  5.59569778E+01  1.01354614E-01
2.76840290E-01  5.59616318E+01  1.01246752E-01
2.77228294E-01  5.56988449E+01  1.00898027E-01
2.77616297E-01  5.56263084E+01  1.00813389E-01
2.78004300E-01  5.57459908E+01  1.00869961E-01
2.78392303E-01  5.57049522E+01  1.00904323E-01
2.78780306E-01  5.56483803E+01  1.01411171E-01
2.79168310E-01  5.57512131E+01  1.01889141E-01
2.79556313E-01  5.58167381E+01  1.02206111E-01
2.79944316E-01  5.56993866E+01  1.02221936E-01
2.80332319E-01  5.56901474E+01  1.02355756E-01
2.80720322E-01  5.56861877E+01  1.02482401E-01
2.81108326E-01  5.56997719E+01  1.02629632E-01
2.81496329E-01  5.57340775E+01  1.02824576E-01
2.81884332E-01  5.55194511E+01  1.02629520E-01
2.82272335E-01  5.57230644E+01  1.02938600E-01
2.82660339E-01  5.57161865E+01  1.02929458E-01
2.83048342E-01  5.56994286E+01  1.03002168E-01
2.83436345E-01  5.55696754E+01  1.02970310E-01
2.83824348E-01  5.55497818E+01  1.03019878E-01
2.84212351E-01  5.57109261E+01  1.03229649E-01
2.84600355E-01  5.56415329E+01  1.03154585E-01
2.84988358E-01  5.55410881E+01  1.03138261E-01
2.85376361E-01  5.55569115E+01  1.02987781E-01
2.85764364E-01  5.55090446E+01  1.02306083E-01
2.86152367E-01  5.53677368E+01  1.02289014E-01
2.86540371E-01  5.52899666E+01  1.02503434E-01
2.86928374E-01  5.52251129E+01  1.02547899E-01
2.87316377E-01  5.54978333E+01  1.03506915E-01
2.87704380E-01  5.54609909E+01  1.04076691E-01
2.88092383E-01  5.52826195E+01  1.04183309E-01
2.88480387E-01  5.53164597E+01  1.04456164E-01
2.88868390E-01  5.52531281E+01  1.04620636E-01
2.89256393E-01  5.53268929E+01  1.04890533E-01
2.89644396E-01  5.51812439E+01  1.04819424E-01
2.90032400E-01  5.52059212E+01  1.04996175E-01
2.90420403E-01  5.50766602E+01  1.04937263E-01
2.90808406E-01  5.51917839E+01  1.05209813E-01
2.91196409E-01  5.52507782E+01  1.05718255E-01
2.91584412E-01  5.52221222E+01  1.06374040E-01
2.91972416E-01  5.50954971E+01  1.06855981E-01
2.92360419E-01  5.51477966E+01  1.07425332E-01
2.92748422E-01  5.53173027E+01  1.08069278E-01
2.93136425E-01  5.51985588E+01  1.08391225E-01
2.93524428E-01  5.52179222E+01  1.08886525E-01
2.93912432E-01  5.50295181E+01  1.08981244E-01
2.94300435E-01  5.51744385E+01  1.09471448E-01
2.94688438E-01  5.52111893E+01  1.09812662E-01
2.95076441E-01  5.51653824E+01  1.10016041E-01
2.95464444E-01  5.53115234E+01  1.10543832E-01
2.95852448E-01  5.50090027E+01  1.10511370E-01
2.96240451E-01  5.48859177E+01  1.10648938E-01
2.96628454E-01  5.51112556E+01  1.11245930E-01
2.97016457E-01  5.50430489E+01  1.11502372E-01
2.97404460E-01  5.49019814E+01  1.11652143E-01
2.97792464E-01  5.48303070E+01  1.11866407E-01
2.98180467E-01  5.47162437E+01  1.11992188E-01
2.98568470E-01  5.49331093E+01  1.12554044E-01
2.98956473E-01  5.48963928E+01  1.12757429E-01
2.99344477E-01  5.50358353E+01  1.13296717E-01
2.99732480E-01  5.47857475E+01  1.13179706E-01
3.00120483E-01  5.46496010E+01  1.13278836E-01
3.00508486E-01  5.48129158E+01  1.13804333E-01
3.00896489E-01  5.46920624E+01  1.13927014E-01
3.01284493E-01  5.49167175E+01  1.14573583E-01
3.01672496E-01  5.49441223E+01  1.14950255E-01
3.02060499E-01  5.49315414E+01  1.15283974E-01
3.02448502E-01  5.47164154E+01  1.15211032E-01
3.02836505E-01  5.46614914E+01  1.15502246E-01
3.03224509E-01  5.47035179E+01  1.15825981E-01
3.03612512E-01  5.46870842E+01  1.15984745E-01
3.04000515E-01  5.46101074E+01  1.16147339E-01
3.04388518E-01  5.47219238E+01  1.16449267E-01
3.04776521E-01  5.47908630E+01  1.16770133E-01
3.05164525E-01  5.46668892E+01  1.16855145E-01
3.05552528E-01  5.48388367E+01  1.17296599E-01
3.05940531E-01  5.47091522E+01  1.17391452E-01
3.06328534E-01  5.45939865E+01  1.17312826E-01
3.06716538E-01  5.47298660E+01  1.17574580E-01
3.07104541E-01  5.48588181E+01  1.17927529E-01
3.07492544E-01  5.47540665E+01  1.17972113E-01
3.07880547E-01  5.45395927E+01  1.17971033E-01
3.08268550E-01  5.46227646E+01  1.18298724E-01
3.08656554E-01  5.44140434E+01  1.18126728E-01
3.09044557E-01  5.45778160E+01  1.18514307E-01
3.09432560E-01  5.44648132E+01  1.18372113E-01
3.09820563E-01  5.46588860E+01  1.18786789E-01
3.10208566E-01  5.43623657E+01  1.18434086E-01
3.10596570E-01  5.44817886E+01  1.18790619E-01
3.10984573E-01  5.43737183E+01  1.18756264E-01
3.11372576E-01  5.45011749E+01  1.19090118E-01
3.11760579E-01  5.44194145E+01  1.19160905E-01
3.12148582E-01  5.43209877E+01  1.19283982E-01
3.12536586E-01  5.44103127E+01  1.19628020E-01
3.12924589E-01  5.44819984E+01  1.19851246E-01
3.13312592E-01  5.43350410E+01  1.19784415E-01
3.13700595E-01  5.43027878E+01  1.19870029E-01
3.14088599E-01  5.44565315E+01  1.20263122E-01
3.14476602E-01  5.41454124E+01  1.19870596E-01
3.14864605E-01  5.43819733E+01  1.20271444E-01
3.15252608E-01  5.44800491E+01  1.20466501E-01
3.15640611E-01  5.44077187E+01  1.20482758E-01
3.16028615E-01  5.40935440E+01  1.20209016E-01
3.16416618E-01  5.41147842E+01  1.20420225E-01
3.16804621E-01  5.41086769E+01  1.20601721E-01
3.17192624E-01  5.41115417E+01  1.20774589E-01
3.17580627E-01  5.43098679E+01  1.21293768E-01
3.17968631E-01  5.41207123E+01  1.21202812E-01
3.18356634E-01  5.42378807E+01  1.21471882E-01
3.18744637E-01  5.42864227E+01  1.21714160E-01
3.19132640E-01  5.39895325E+01  1.21524833E-01
3.19520643E-01  5.39633904E+01  1.21707283E-01
3.19908647E-01  5.41154747E+01  1.22133411E-01
3.20296650E-01  5.40422325E+01  1.22144200E-01
3.20684653E-01  5.40909653E+01  1.22465931E-01
3.21072656E-01  5.38799210E+01  1.22376539E-01
3.21460660E-01  5.38936958E+01  1.22552365E-01
3.21848663E-01  5.41959381E+01  1.23162910E-01
3.22236666E-01  5.40917130E+01  1.23116829E-01
3.22624669E-01  5.43075600E+01  1.23659439E-01
3.23012672E-01  5.41873932E+01  1.23613879E-01
3.23400676E-01  5.41130447E+01  1.23744458E-01
3.23788679E-01  5.39928894E+01  1.23814210E-01
3.24176682E-01  5.38072128E+01  1.23742238E-01
3.24564685E-01  5.36814499E+01  1.23802938E-01
3.24952688E-01  5.35655174E+01  1.23773865E-01
3.25340692E-01  5.36337242E+01  1.24087580E-01
3.25728695E-01  5.38814926E+01  1.24692127E-01
3.26116698E-01  5.39344177E+01  1.24841206E-01
3.26504701E-01  5.38578415E+01  1.24891214E-01
3.26892704E-01  5.37983704E+01  1.25034571E-01
3.27280708E-01  5.36028633E+01  1.24903351E-01
3.27668711E-01  5.37429810E+01  1.25248313E-01
3.28056714E-01  5.38210335E+01  1.25581354E-01
3.28444717E-01  5.37615891E+01  1.25722960E-01
3.28832721E-01  5.37097549E+01  1.25756338E-01
3.29220724E-01  5.35689621E+01  1.25779882E-01
3.29608727E-01  5.36316681E+01  1.26089275E-01
3.29996730E-01  5.36643219E+01  1.26255900E-01
3.30384733E-01  5.37192230E+01  1.26541823E-01
3.30772737E-01  5.37443504E+01  1.26811519E-01
3.31160740E-01  5.38240089E+01  1.27111256E-01
3.31548743E-01  5.35276222E+01  1.26815483E-01
3.31936746E-01  5.34397278E+01  1.26875043E-01
3.32324749E-01  5.36946640E+01  1.27369732E-01
3.32712753E-01  5.37539787E+01  1.27681911E-01
3.33100756E-01  5.35793266E+01  1.27598614E-01
3.33488759E-01  5.34658203E+01  1.27642348E-01
3.33876762E-01  5.32579765E+01  1.27546936E-01
3.34264765E-01  5.31878090E+01  1.27553478E-01
3.34652769E-01  5.35825157E+01  1.28370419E-01
3.35040772E-01  5.35186958E+01  1.28398061E-01
3.35428775E-01  5.33801422E+01  1.28406793E-01
3.35816778E-01  5.35910072E+01  1.28878251E-01
3.36204781E-01  5.35158310E+01  1.28881320E-01
3.36592785E-01  5.33108521E+01  1.28804326E-01
3.36980788E-01  5.34332047E+01  1.29197642E-01
3.37368791E-01  5.35152550E+01  1.29449114E-01
3.37756794E-01  5.34480934E+01  1.29508585E-01
3.38144798E-01  5.32648773E+01  1.29484400E-01
3.38532801E-01  5.34525642E+01  1.30000010E-01
3.38920804E-01  5.31890793E+01  1.29671484E-01
3.39308807E-01  5.32618103E+01  1.30044296E-01
3.39696810E-01  5.33777809E+01  1.30459070E-01
3.40084814E-01  5.31827278E+01  1.30278692E-01
3.40472817E-01  5.31254616E+01  1.30481273E-01
3.40860820E-01  5.30920448E+01  1.30668715E-01
3.41248823E-01  5.31857224E+01  1.30906969E-01
3.41636826E-01  5.31740379E+01  1.30936608E-01
3.42024830E-01  5.33355904E+01  1.31402656E-01
3.42412833E-01  5.31722260E+01  1.31312683E-01
3.42800836E-01  5.28157959E+01  1.30932271E-01
3.43188839E-01  5.29187241E+01  1.31331906E-01
3.43576842E-01  5.33693123E+01  1.32082716E-01
3.43964846E-01  5.33519402E+01  1.32197171E-01
3.44352849E-01  5.28495941E+01  1.31697953E-01
3.44740852E-01  5.29397430E+01  1.32164821E-01
3.45128855E-01  5.29805107E+01  1.32290155E-01
3.45516859E-01  5.29467621E+01  1.32383972E-01
3.45904862E-01  5.30162964E+01  1.32687747E-01
3.46292865E-01  5.30962639E+01  1.32927224E-01
3.46680868E-01  5.32610626E+01  1.33352429E-01
3.47068871E-01  5.30639687E+01  1.33134723E-01
3.47456875E-01  5.30466385E+01  1.33285329E-01
3.47844878E-01  5.27830162E+01  1.32952511E-01
3.48232881E-01  5.27693443E+01  1.33059189E-01
3.48620884E-01  5.28818932E+01  1.33246958E-01
3.49008887E-01  5.30267677E+01  1.33453950E-01
3.49396891E-01  5.30557404E+01  1.33602589E-01
3.49784894E-01  5.27676048E+01  1.33256480E-01
3.50172897E-01  5.27169456E+01  1.33181140E-01
3.50560900E-01  5.27873344E+01  1.33340389E-01
3.50948903E-01  5.28582458E+01  1.33515581E-01
3.51336907E-01  5.27309341E+01  1.33423880E-01
3.51724910E-01  5.26567459E+01  1.33478269E-01
3.52112913E-01  5.26597137E+01  1.33673668E-01
3.52500916E-01  5.26773300E+01  1.33861527E-01
3.52888920E-01  5.28843269E+01  1.34379059E-01
3.53276923E-01  5.25841103E+01  1.34068385E-01
3.53664926E-01  5.27695885E+01  1.34514779E-01
3.54052929E-01  5.27493095E+01  1.34598330E-01
3.54440932E-01  5.25719795E+01  1.34491608E-01
3.54828936E-01  5.25619392E+01  1.34577468E-01
3.55216939E-01  5.25356598E+01  1.34603679E-01
3.55604942E-01  5.24919968E+01  1.34603351E-01
3.55992945E-01  5.25783043E+01  1.34679213E-01
3.56380948E-01  5.28689690E+01  1.35191977E-01
3.56768952E-01  5.26952133E+01  1.35081738E-01
3.57156955E-01  5.22043533E+01  1.34400040E-01
3.57544958E-01  5.20904160E+01  1.34258598E-01
3.57932961E-01  5.22531204E+01  1.34628773E-01
3.58320964E-01  5.21911812E+01  1.34507641E-01
3.58708968E-01  5.25196762E+01  1.35139823E-01
3.59096971E-01  5.24071426E+01  1.35013461E-01
3.59484974E-01  5.24928703E+01  1.35336593E-01
3.59872977E-01  5.25091553E+01  1.35675266E-01
3.60260981E-01  5.23280029E+01  1.35555223E-01
3.60648984E-01  5.20747871E+01  1.35274634E-01
3.61036987E-01  5.23038483E+01  1.36967108E-01
3.61424990E-01  5.22282448E+01  1.38986900E-01
3.61812993E-01  5.23578835E+01  1.40737683E-01
3.62200997E-01  5.23555908E+01  1.41887903E-01
3.62589000E-01  5.24021301E+01  1.42852545E-01
3.62977003E-01  5.23614998E+01  1.43727183E-01
3.63365006E-01  5.22158165E+01  1.44428924E-01
3.63753009E-01  5.23186836E+01  1.45499885E-01
3.64141013E-01  5.24709625E+01  1.46546617E-01
3.64529016E-01  5.23704109E+01  1.47156775E-01
3.64917019E-01  5.23479729E+01  1.47902042E-01
3.65305022E-01  5.23853531E+01  1.48725957E-01
3.65693025E-01  5.24357986E+01  1.49579838E-01
3.66081029E-01  5.21465073E+01  1.49821371E-01
3.66469032E-01  5.22129478E+01  1.50854155E-01
3.66857035E-01  5.21450043E+01  1.51250556E-01
3.67245038E-01  5.24980545E+01  1.52667239E-01
3.67633042E-01  5.21353645E+01  1.52735800E-01
3.68021045E-01  5.21753120E+01  1.53626248E-01
3.68409048E-01  5.23057518E+01  1.54482231E-01
3.68797051E-01  5.24644585E+01  1.55390248E-01
3.69185054E-01  5.23939514E+01  1.56103626E-01
3.69573058E-01  5.18978004E+01  1.55957073E-01
3.69961061E-01  5.21043053E+01  1.57184631E-01
3.70349064E-01  5.22484055E+01  1.57970935E-01
3.70737067E-01  5.21684303E+01  1.58527762E-01
3.71125070E-01  5.21236191E+01  1.59215271E-01
3.71513074E-01  5.21375160E+01  1.59905002E-01
3.71901077E-01  5.22538223E+01  1.60837635E-01
3.72289080E-01  5.22202415E+01  1.61501765E-01
3.72677083E-01  5.22310410E+01  1.62356183E-01
3.73065086E-01  5.20235596E+01  1.62582994E-01
3.73453090E-01  5.21168938E+01  1.63124278E-01
3.73841093E-01  5.18281746E+01  1.62880599E-01
3.74229096E-01  5.19251480E+01  1.63786098E-01
3.74617099E-01  5.21256104E+01  1.64720550E-01
3.75005103E-01  5.21942482E+01  1.65669277E-01
3.75393106E-01  5.19774742E+01  1.66028678E-01
3.75781109E-01  5.18855934E+01  1.66495919E-01
3.76169112E-01  5.18798637E+01  1.67143270E-01
3.76557115E-01  5.19704056E+01  1.68108255E-01
3.76945119E-01  5.21641579E+01  1.69303596E-01
3.77333122E-01  5.20097198E+01  1.69751763E-01
3.77721125E-01  5.15820503E+01  1.69621676E-01
3.78109128E-01  5.18754463E+01  1.70883998E-01
3.78497131E-01  5.19639244E+01  1.71728104E-01
3.78885135E-01  5.18982811E+01  1.72425300E-01
3.79273138E-01  5.21324615E+01  1.73950642E-01
3.79661141E-01  5.18544731E+01  1.73950240E-01
3.80049144E-01  5.17984886E+01  1.74690202E-01
3.80437147E-01  5.17456665E+01  1.75375640E-01
3.80825151E-01  5.20389977E+01  1.76655516E-01
3.81213154E-01  5.18124428E+01  1.77062035E-01
3.81601157E-01  5.18883133E+01  1.78111061E-01
3.81989160E-01  5.18651314E+01  1.78805411E-01
3.82377163E-01  5.17663116E+01  1.79508880E-01
3.82765167E-01  5.15024986E+01  1.79795280E-01
3.83153170E-01  5.14950867E+01  1.80716231E-01
3.83541173E-01  5.18213158E+01  1.82080165E-01
3.83929176E-01  5.18475647E+01  1.82978377E-01
3.84317180E-01  5.14240112E+01  1.83020949E-01
3.84705183E-01  5.13637886E+01  1.83732808E-01
3.85093186E-01  5.13824387E+01  1.84833974E-01
3.85481189E-01  5.11306229E+01  1.85020596E-01
3.85869192E-01  5.14780006E+01  1.86817855E-01
3.86257196E-01  5.13873024E+01  1.87273428E-01
3.86645199E-01  5.14692230E+01  1.88402727E-01
3.87033202E-01  5.14783173E+01  1.89432874E-01
3.87421205E-01  5.16928215E+01  1.90674245E-01
3.87809208E-01  5.19324875E+01  1.92184567E-01
3.88197212E-01  5.16279716E+01  1.92435876E-01
3.88585215E-01  5.13875656E+01  1.92998171E-01
3.88973218E-01  5.17571297E+01  1.94647655E-01
3.89361221E-01  5.16720886E+01  1.95388734E-01
3.89749224E-01  5.15790710E+01  1.96453542E-01
3.90137228E-01  5.14273224E+01  1.96937010E-01
3.90525231E-01  5.13260536E+01  1.97790250E-01
3.90913234E-01  5.14730988E+01  1.99211806E-01
3.91301237E-01  5.15573273E+01  2.00391158E-01
3.91689241E-01  5.14765244E+01  2.01157928E-01
3.92077244E-01  5.13771667E+01  2.01968655E-01
3.92465247E-01  5.13638763E+01  2.03111231E-01
3.92853250E-01  5.13587189E+01  2.04238907E-01
3.93241253E-01  5.13778000E+01  2.05411315E-01
3.93629257E-01  5.16644707E+01  2.07154036E-01
3.94017260E-01  5.11593399E+01  2.07123414E-01
3.94405263E-01  5.11859436E+01  2.08589315E-01
3.94793266E-01  5.11833344E+01  2.09533468E-01
3.95181269E-01  5.11491127E+01  2.10705131E-01
3.95569273E-01  5.14680595E+01  2.12524891E-01
3.95957276E-01  5.15392838E+01  2.13809595E-01
3.96345279E-01  5.16074905E+01  2.15311080E-01
3.96733282E-01  5.10521736E+01  2.15085119E-01
3.97121285E-01  5.11956635E+01  2.16916800E-01
3.97509289E-01  5.14301109E+01  2.18494490E-01
3.97897292E-01  5.14680023E+01  2.20034152E-01
3.98285295E-01  5.14499855E+01  2.21595734E-01
3.98673298E-01  5.12524910E+01  2.22355992E-01
3.99061302E-01  5.11972847E+01  2.23325863E-01
3.99449305E-01  5.10925064E+01  2.24291161E-01
3.99837308E-01  5.08923912E+01  2.24655509E-01
4.00225311E-01  5.14530640E+01  2.26747826E-01
4.00613314E-01  5.17858887E+01  2.28606761E-01
4.01001318E-01  5.10134926E+01  2.27375790E-01
4.01389321E-01  5.13310890E+01  2.29265288E-01
4.01777324E-01  5.10687637E+01  2.29126409E-01
4.02165327E-01  5.11342468E+01  2.30322257E-01
4.02553330E-01  5.10913849E+01  2.31106132E-01
4.02941334E-01  5.10804329E+01  2.31781393E-01
4.03329337E-01  5.11478691E+01  2.32901528E-01
4.03717340E-01  5.08880882E+01  2.33489543E-01
4.04105343E-01  5.08065453E+01  2.34173983E-01
4.04493346E-01  5.09975014E+01  2.36106634E-01
4.04881350E-01  5.03967819E+01  2.35757589E-01
4.05269353E-01  5.12717705E+01  2.40077257E-01
4.05657356E-01  5.13293114E+01  2.41681248E-01
4.06045359E-01  5.10807686E+01  2.42612153E-01
4.06433363E-01  5.08688240E+01  2.43975863E-01
4.06821366E-01  5.11142845E+01  2.46580303E-01
4.07209369E-01  5.08760643E+01  2.47660905E-01
4.07597372E-01  5.06806107E+01  2.48507932E-01
4.07985375E-01  5.11202087E+01  2.51641661E-01
4.08373379E-01  5.08524933E+01  2.52345830E-01
4.08761382E-01  5.09942322E+01  2.53787696E-01
4.09149385E-01  5.11135941E+01  2.55486846E-01
4.09537388E-01  5.05297737E+01  2.54815340E-01
4.09925391E-01  5.06118965E+01  2.56308883E-01
4.10313395E-01  5.05068970E+01  2.57074773E-01
4.10701398E-01  5.10804100E+01  2.60030627E-01
4.11089401E-01  5.10752373E+01  2.61100322E-01
4.11477404E-01  5.07076302E+01  2.61202753E-01
4.11865407E-01  5.08780556E+01  2.62811154E-01
4.12253411E-01  5.08153763E+01  2.63813794E-01
4.12641414E-01  5.04375839E+01  2.63964176E-01
4.13029417E-01  5.02980766E+01  2.64739364E-01
4.13417420E-01  5.07449493E+01  2.67307043E-01
4.13805424E-01  5.12084885E+01  2.70065069E-01
4.14193427E-01  5.02692375E+01  2.67921001E-01
4.14581430E-01  5.08095245E+01  2.71318197E-01
4.14969433E-01  5.05507164E+01  2.71697670E-01
4.15357436E-01  5.07678375E+01  2.73693323E-01
4.15745440E-01  5.07047806E+01  2.74810821E-01
4.16133443E-01  5.03849640E+01  2.75190860E-01
4.16521446E-01  5.06298294E+01  2.77044713E-01
4.16909449E-01  5.08378181E+01  2.79632062E-01
4.17297452E-01  5.00284348E+01  2.78292388E-01
4.17685456E-01  4.98270607E+01  2.78904915E-01
4.18073459E-01  5.03935432E+01  2.82289416E-01
4.18461462E-01  5.05419426E+01  2.83985227E-01
4.18849465E-01  5.06964989E+01  2.86512077E-01
4.19237468E-01  5.00626297E+01  2.85385668E-01
4.19625472E-01  5.06186676E+01  2.88643599E-01
4.20013475E-01  5.02179146E+01  2.89035350E-01
4.20401478E-01  4.99151802E+01  2.89652377E-01
4.20789481E-01  5.06102066E+01  2.93403834E-01
4.21177484E-01  5.02395325E+01  2.93376446E-01
4.21565488E-01  5.05203705E+01  2.96260178E-01
4.21953491E-01  5.03429146E+01  2.97080785E-01
4.22341494E-01  5.01190491E+01  2.97920316E-01
4.22729497E-01  5.02627831E+01  3.00422341E-01
4.23117501E-01  5.02867355E+01  3.01944196E-01
4.23505504E-01  5.00625763E+01  3.02779675E-01
4.23893507E-01  4.98656235E+01  3.04178417E-01
4.24281510E-01  5.05126877E+01  3.08076054E-01
4.24669513E-01  5.06860275E+01  3.09828252E-01
4.25057517E-01  5.00604172E+01  3.09958190E-01
4.25445520E-01  4.99654694E+01  3.11837196E-01
4.25833523E-01  5.02705994E+01  3.14272016E-01
4.26221526E-01  5.02878723E+01  3.15922827E-01
4.26609529E-01  5.08542023E+01  3.20575207E-01
4.26997533E-01  5.02677231E+01  3.20634872E-01
4.27385536E-01  4.98731079E+01  3.20904106E-01
4.27773539E-01  5.00320702E+01  3.23598504E-01
4.28161542E-01  5.02594223E+01  3.26997429E-01
4.28549545E-01  4.97328835E+01  3.26368004E-01
4.28937549E-01  5.01103630E+01  3.30139905E-01
4.29325552E-01  4.99741135E+01  3.32140982E-01
4.29713555E-01  4.99709435E+01  3.33869487E-01
4.30101558E-01  5.03806343E+01  3.37866038E-01


### HEADER:
#
#{
#    "Conc": "",
#    "analysis": {},
#    "calibration_params": {
#        "Beam_Center_X": 739.0457667593599,
#        "Beam_Center_Y": 749.1905114608388,
#        "Detector Tilt": 0.2562910903638858,
#        "Detector Tilt Plane Rotation": 132.57722223850126,
#        "Detector_X_Pixel_Size": 172.0,
#        "Detector_Y_Pixel_Size": 172.0,
#        "Integration Method": "full_csr",
#        "Radial_Average_Method": "pyFAI",
#        "Sample-to-detector distance (mm)": 2690.0,
#        "Wavelength (A)": 1.0332016536100022
#    },
#    "config_file": "C:\\Users\\biosaxs\\Desktop\\userdata\\cfg\\20231104.cfg",
#    "counters": {
#        "Code": "",
#        "Concentration_mg/ml": "",
#        "Description": "Ecoli_70",
#        "Exposure_time_s": "1.0",
#        "Frame_Number": "1",
#        "Run_Number": "11",
#        "SAXS_Position": "saxs",
#        "SR_Current": "210.482076619mA",
#        "Timestamp": "2023-11-05  23:21:13.286798",
#        "Transmitted_Beam": "0.881870046667",
#        "Wavelength_nm": "0.1033nm"
#    },
#    "filename": "Ecoli_70_0011_00001.tif",
#    "history": {},
#    "imageHeader": {
#        "Alpha": "0.0000 deg.",
#        "Angle_increment": "0.1000 deg.",
#        "Beam_xy": "(0.00, 0.00) pixels",
#        "Chi": "0.0000 deg.",
#        "Count_cutoff": "1157021 counts",
#        "Detector_2theta": "0.0000 deg.",
#        "Detector_Voffset": "0.00000 m",
#        "Detector_distance": "1.00000 m",
#        "Energy_range": "(0, 0) eV",
#        "Excluded_pixels": "badpix_mask.tif",
#        "Exposure_period": "1.1000000 s",
#        "Exposure_time": "1.0000000 s",
#        "Filter_transmission": "1.0000",
#        "Flat_field": "FF_p24-0163_E12000_T6000_vrf_m0p100.tif",
#        "Flux": "0.000000",
#        "Gain_setting": "autog (vrf = 1.000)",
#        "Image_path": "/public/Data/2023/202311/20231105/yongfeng/",
#        "Kappa": "0.0000 deg.",
#        "N_excluded_pixels": "61",
#        "N_oscillations": "1",
#        "Oscillation_axis": "X, CW",
#        "Phi": "0.0000 deg.",
#        "Pixel_size": "172e-6 m x 172e-6 m",
#        "Polarization": "0.990",
#        "Ratecorr_lut_directory": "ContinuousStandard_v1.1",
#        "Retrigger_mode": "1",
#        "Silicon": "sensor, thickness 0.000450",
#        "Start_angle": "0.0000 deg.",
#        "Tau": "0 s",
#        "Threshold_setting": "6000 eV",
#        "Trim_file": "p24-0163_E12000_T6000.bin",
#        "Wavelength (A)": "1.54000 A"
#    },
#    "load_path": "C:\\Users\\biosaxs\\Desktop\\userdata\\202311\\20231105\\yongfeng\\Ecoli_70_0011_00001.tif",
#    "normalizations": {
#        "Counter_norms": [
#            [
#                "/",
#                "Transmitted_Beam"
#            ]
#        ],
#        "Polarization": {
#            "Used": false
#        },
#        "Solid_Angle_Correction": "On"
#    },
#    "raw_version": "2.1.1"
#}

